7 0.262500 0.366406 0.043750 0.114062
9 0.873437 0.364844 0.003125 0.067187
9 0.999219 0.389062 0.001563 0.059375
9 0.996094 0.318750 0.001563 0.053125
4 0.933594 0.356250 0.010937 0.043750
2 0.950000 0.364844 0.015625 0.045312
4 0.966406 0.348438 0.010937 0.043750
12 0.831250 0.367188 0.015625 0.028125
15 0.805469 0.350000 0.017188 0.053125
9 0.797656 0.363281 0.001563 0.076563
15 0.764844 0.475000 0.020313 0.053125
9 0.755469 0.446094 0.001563 0.107813
2 0.742188 0.380469 0.015625 0.045312
12 0.715625 0.367188 0.015625 0.028125
15 0.688281 0.342187 0.017188 0.053125
9 0.680469 0.359375 0.001563 0.084375
15 0.658594 0.475000 0.020313 0.053125
9 0.649219 0.446094 0.001563 0.107813
2 0.635938 0.372656 0.015625 0.045312
12 0.609375 0.367188 0.015625 0.028125
15 0.582031 0.334375 0.017188 0.053125
9 0.574219 0.354687 0.001563 0.093750
15 0.552344 0.475000 0.020313 0.053125
9 0.542969 0.446094 0.001563 0.107813
2 0.531250 0.364844 0.015625 0.045312
12 0.503125 0.367188 0.015625 0.028125
15 0.475781 0.325000 0.017188 0.053125
9 0.467969 0.350781 0.001563 0.101562
15 0.447656 0.475000 0.020313 0.053125
9 0.438281 0.446094 0.001563 0.107813
2 0.425000 0.355469 0.015625 0.045312
12 0.396875 0.367188 0.015625 0.028125
15 0.371094 0.317188 0.017188 0.053125
9 0.363281 0.346875 0.001563 0.109375
15 0.341406 0.475000 0.020313 0.053125
9 0.332031 0.446094 0.001563 0.107813
2 0.318750 0.347656 0.015625 0.045312
4 0.322656 0.404687 0.010937 0.043750
15 0.892188 0.380469 0.028125 0.032813
0 0.989844 0.364063 0.020313 0.018750
0 0.987500 0.348438 0.021875 0.018750
0 0.787500 0.381250 0.021875 0.018750
0 0.787500 0.404687 0.021875 0.018750
0 0.765625 0.389062 0.021875 0.018750
0 0.765625 0.445312 0.021875 0.018750
0 0.670312 0.404687 0.021875 0.018750
0 0.670312 0.373437 0.021875 0.018750
0 0.659375 0.389062 0.021875 0.018750
0 0.659375 0.445312 0.021875 0.018750
0 0.565625 0.404687 0.021875 0.018750
0 0.565625 0.364063 0.021875 0.018750
0 0.553125 0.445312 0.021875 0.018750
0 0.553125 0.389062 0.021875 0.018750
0 0.459375 0.404687 0.021875 0.018750
0 0.459375 0.356250 0.021875 0.018750
0 0.448437 0.389062 0.021875 0.018750
0 0.448437 0.445312 0.021875 0.018750
0 0.353125 0.348438 0.021875 0.018750
0 0.353125 0.404687 0.021875 0.018750
0 0.342187 0.389062 0.021875 0.018750
0 0.342187 0.445312 0.021875 0.018750
