9 0.780469 0.364844 0.014063 0.067187
9 0.596875 0.364844 0.003125 0.067187
9 0.213281 0.364844 0.014063 0.067187
9 0.031250 0.364844 0.003125 0.067187
9 0.936719 0.390625 0.001563 0.046875
4 0.927344 0.364063 0.010937 0.043750
9 0.861719 0.390625 0.001563 0.046875
3 0.849219 0.356250 0.014063 0.040625
11 0.684375 0.351562 0.018750 0.009375
9 0.521094 0.390625 0.001563 0.046875
4 0.510156 0.364063 0.010937 0.043750
9 0.446094 0.390625 0.001563 0.046875
9 0.371094 0.390625 0.001563 0.046875
4 0.360156 0.364063 0.010937 0.043750
9 0.296094 0.390625 0.001563 0.046875
3 0.283594 0.356250 0.014063 0.040625
11 0.118750 0.351562 0.018750 0.009375
3 0.977344 0.356250 0.014063 0.040625
2 0.803125 0.332031 0.015625 0.045312
3 0.421094 0.356250 0.014063 0.040625
2 0.237500 0.332031 0.015625 0.045312
0 0.946875 0.364063 0.021875 0.018750
0 0.871875 0.364063 0.021875 0.018750
0 0.531250 0.364063 0.021875 0.018750
0 0.456250 0.364063 0.021875 0.018750
0 0.381250 0.364063 0.021875 0.018750
0 0.306250 0.364063 0.021875 0.018750
