7 0.214062 0.366406 0.043750 0.114062
9 0.921875 0.364844 0.003125 0.067187
9 0.753125 0.364844 0.003125 0.067187
9 0.604688 0.364844 0.003125 0.067187
9 0.417187 0.364844 0.003125 0.067187
2 0.976562 0.413281 0.015625 0.045312
2 0.993750 0.428906 0.012500 0.045312
2 0.945312 0.332031 0.015625 0.045312
2 0.964063 0.316406 0.015625 0.045312
4 0.980469 0.339062 0.010937 0.043750
2 0.989062 0.299219 0.015625 0.045312
9 0.850781 0.416406 0.001563 0.129688
9 0.869531 0.288281 0.001563 0.114062
2 0.776563 0.372656 0.015625 0.045312
4 0.792969 0.356250 0.010937 0.043750
4 0.807031 0.331250 0.010937 0.043750
2 0.820312 0.291406 0.015625 0.045312
4 0.822656 0.348438 0.010937 0.043750
4 0.839844 0.275000 0.010937 0.043750
4 0.839844 0.300000 0.010937 0.043750
4 0.839844 0.387500 0.010937 0.043750
4 0.839844 0.404687 0.010937 0.043750
2 0.837500 0.436719 0.015625 0.045312
9 0.682031 0.408594 0.001563 0.129688
4 0.671094 0.412500 0.010937 0.043750
9 0.678906 0.280469 0.001563 0.098437
2 0.628125 0.299219 0.015625 0.045312
2 0.628125 0.355469 0.015625 0.045312
2 0.646875 0.275781 0.015625 0.045312
2 0.646875 0.332031 0.015625 0.045312
2 0.646875 0.388281 0.015625 0.045312
15 0.561719 0.382812 0.017188 0.053125
9 0.553906 0.382812 0.001563 0.053125
4 0.524219 0.412500 0.010937 0.043750
9 0.491406 0.432812 0.001563 0.146875
2 0.440625 0.364844 0.015625 0.045312
5 0.459375 0.356250 0.015625 0.015625
5 0.478125 0.460938 0.015625 0.015625
5 0.478125 0.412500 0.015625 0.015625
9 0.364844 0.353125 0.001563 0.065625
9 0.335156 0.408594 0.001563 0.098437
4 0.267969 0.387500 0.010937 0.043750
2 0.284375 0.364844 0.015625 0.045312
5 0.303125 0.356250 0.015625 0.015625
5 0.321875 0.412500 0.015625 0.015625
0 0.860938 0.348438 0.021875 0.018750
0 0.860938 0.373437 0.021875 0.018750
0 0.860938 0.389062 0.021875 0.018750
0 0.860938 0.404687 0.021875 0.018750
0 0.860938 0.437500 0.021875 0.018750
0 0.840625 0.356250 0.021875 0.018750
0 0.879687 0.292187 0.021875 0.018750
0 0.860938 0.276562 0.021875 0.018750
0 0.860938 0.300000 0.021875 0.018750
0 0.860938 0.332813 0.021875 0.018750
0 0.860938 0.348438 0.021875 0.018750
0 0.692187 0.340625 0.021875 0.018750
0 0.692187 0.356250 0.021875 0.018750
0 0.692187 0.389062 0.021875 0.018750
0 0.692187 0.412500 0.021875 0.018750
0 0.692187 0.429688 0.021875 0.018750
0 0.689063 0.276562 0.021875 0.018750
0 0.670312 0.284375 0.021875 0.018750
0 0.670312 0.300000 0.021875 0.018750
0 0.670312 0.332813 0.021875 0.018750
0 0.543750 0.412500 0.021875 0.018750
0 0.501563 0.356250 0.021875 0.018750
0 0.501563 0.460938 0.021875 0.018750
0 0.501563 0.412500 0.021875 0.018750
0 0.501563 0.389062 0.021875 0.018750
0 0.501563 0.373437 0.021875 0.018750
0 0.481250 0.364063 0.021875 0.018750
0 0.356250 0.373437 0.021875 0.018750
0 0.356250 0.389062 0.021875 0.018750
0 0.345313 0.356250 0.021875 0.018750
0 0.345313 0.412500 0.021875 0.018750
0 0.325000 0.364063 0.021875 0.018750
