9 0.951562 0.364844 0.003125 0.067187
9 0.734375 0.364844 0.003125 0.067187
9 0.539062 0.364844 0.003125 0.067187
9 0.359375 0.364844 0.003125 0.067187
9 0.198437 0.364844 0.003125 0.067187
9 0.056250 0.364844 0.003125 0.067187
2 0.975000 0.347656 0.015625 0.045312
2 0.992969 0.324219 0.014063 0.045312
9 0.882031 0.357031 0.001563 0.092188
2 0.757812 0.347656 0.015625 0.045312
2 0.776563 0.324219 0.015625 0.045312
2 0.795312 0.339844 0.015625 0.045312
2 0.814063 0.316406 0.015625 0.045312
2 0.832812 0.332031 0.015625 0.045312
2 0.851562 0.307031 0.015625 0.045312
9 0.664844 0.353906 0.001563 0.085938
2 0.562500 0.324219 0.015625 0.045312
2 0.581250 0.332031 0.015625 0.045312
2 0.600000 0.316406 0.015625 0.045312
2 0.617188 0.339844 0.015625 0.045312
2 0.634375 0.307031 0.015625 0.045312
9 0.469531 0.350000 0.001563 0.078125
2 0.382812 0.324219 0.015625 0.045312
2 0.401562 0.316406 0.015625 0.045312
2 0.420312 0.332031 0.015625 0.045312
2 0.439063 0.307031 0.015625 0.045312
9 0.289844 0.346094 0.001563 0.070312
2 0.221875 0.316406 0.015625 0.045312
2 0.240625 0.324219 0.015625 0.045312
2 0.259375 0.307031 0.015625 0.045312
9 0.128906 0.341406 0.001563 0.060937
2 0.079687 0.316406 0.015625 0.045312
2 0.098437 0.307031 0.015625 0.045312
0 0.892188 0.307812 0.021875 0.018750
0 0.892188 0.325000 0.021875 0.018750
0 0.892188 0.340625 0.021875 0.018750
0 0.873437 0.315625 0.021875 0.018750
0 0.873437 0.332813 0.021875 0.018750
0 0.873437 0.348438 0.021875 0.018750
0 0.675000 0.307812 0.021875 0.018750
0 0.675000 0.325000 0.021875 0.018750
0 0.675000 0.340625 0.021875 0.018750
0 0.656250 0.315625 0.021875 0.018750
0 0.656250 0.332813 0.021875 0.018750
0 0.479687 0.307812 0.021875 0.018750
0 0.479687 0.325000 0.021875 0.018750
0 0.460938 0.315625 0.021875 0.018750
0 0.460938 0.332813 0.021875 0.018750
0 0.300000 0.307812 0.021875 0.018750
0 0.300000 0.325000 0.021875 0.018750
0 0.281250 0.315625 0.021875 0.018750
0 0.139063 0.307812 0.021875 0.018750
0 0.120313 0.315625 0.021875 0.018750
0 0.003906 0.307812 0.007812 0.018750
