9 0.860938 0.364844 0.003125 0.067187
9 0.685937 0.364844 0.003125 0.067187
9 0.535937 0.364844 0.003125 0.067187
9 0.365625 0.364844 0.003125 0.067187
9 0.232813 0.364844 0.003125 0.067187
9 0.098437 0.364844 0.003125 0.067187
15 0.753906 0.297656 0.010937 0.032813
9 0.749219 0.322656 0.001563 0.079687
2 0.707812 0.347656 0.009375 0.026562
2 0.718750 0.355469 0.009375 0.026562
2 0.728125 0.332031 0.009375 0.026562
9 0.789844 0.366406 0.001563 0.095312
15 0.578906 0.289844 0.010937 0.032813
9 0.574219 0.314844 0.001563 0.079687
4 0.554688 0.307031 0.006250 0.026562
4 0.554688 0.355469 0.006250 0.026562
9 0.614844 0.360156 0.001563 0.098437
15 0.427344 0.314844 0.010937 0.032813
9 0.422656 0.330469 0.001563 0.064062
3 0.385937 0.350781 0.009375 0.023438
3 0.395313 0.358594 0.009375 0.023438
3 0.401562 0.335156 0.009375 0.023438
9 0.463281 0.374219 0.001563 0.079687
15 0.278906 0.346094 0.010937 0.032813
9 0.274219 0.367188 0.001563 0.071875
2 0.253125 0.403906 0.009375 0.026562
9 0.311719 0.357812 0.001563 0.087500
15 0.146094 0.266406 0.010937 0.032813
9 0.141406 0.298438 0.001563 0.096875
2 0.118750 0.314844 0.009375 0.026562
2 0.118750 0.347656 0.009375 0.026562
9 0.160156 0.343750 0.001563 0.115625
9 0.027344 0.373437 0.001563 0.093750
0 0.754687 0.357031 0.012500 0.010937
0 0.742188 0.316406 0.012500 0.010937
0 0.742188 0.332031 0.012500 0.010937
0 0.742188 0.347656 0.012500 0.010937
0 0.742188 0.364844 0.012500 0.010937
0 0.800000 0.315625 0.021875 0.018750
0 0.800000 0.332813 0.021875 0.018750
0 0.800000 0.348438 0.021875 0.018750
0 0.800000 0.364063 0.021875 0.018750
0 0.779687 0.356250 0.021875 0.018750
0 0.579688 0.324219 0.012500 0.010937
0 0.579688 0.347656 0.012500 0.010937
0 0.568750 0.308594 0.012500 0.010937
0 0.568750 0.332031 0.012500 0.010937
0 0.568750 0.357031 0.012500 0.010937
0 0.625000 0.307812 0.021875 0.018750
0 0.625000 0.325000 0.021875 0.018750
0 0.625000 0.348438 0.021875 0.018750
0 0.604688 0.332813 0.021875 0.018750
0 0.604688 0.356250 0.021875 0.018750
0 0.428125 0.332031 0.012500 0.010937
0 0.428125 0.357031 0.012500 0.010937
0 0.417187 0.339844 0.012500 0.010937
0 0.417187 0.364844 0.012500 0.010937
0 0.473438 0.332813 0.021875 0.018750
0 0.473438 0.356250 0.021875 0.018750
0 0.453125 0.340625 0.021875 0.018750
0 0.453125 0.364063 0.021875 0.018750
0 0.268750 0.364844 0.012500 0.010937
0 0.268750 0.380469 0.012500 0.010937
0 0.268750 0.405469 0.012500 0.010937
0 0.303125 0.364063 0.021875 0.018750
0 0.303125 0.381250 0.021875 0.018750
0 0.303125 0.404687 0.021875 0.018750
0 0.134375 0.283594 0.012500 0.010937
0 0.134375 0.316406 0.012500 0.010937
0 0.134375 0.347656 0.012500 0.010937
0 0.170313 0.284375 0.021875 0.018750
0 0.170313 0.315625 0.021875 0.018750
0 0.170313 0.348438 0.021875 0.018750
0 0.037500 0.325000 0.021875 0.018750
0 0.037500 0.348438 0.021875 0.018750
0 0.037500 0.373437 0.021875 0.018750
0 0.017188 0.332813 0.021875 0.018750
