7 0.214062 0.366406 0.043750 0.114062
9 0.907813 0.364844 0.003125 0.067187
9 0.771875 0.364844 0.003125 0.067187
9 0.562500 0.364844 0.003125 0.067187
9 0.426563 0.364844 0.003125 0.067187
9 0.953906 0.359375 0.001563 0.053125
11 0.839063 0.351562 0.018750 0.009375
9 0.696094 0.370312 0.001563 0.053125
2 0.682813 0.339844 0.015625 0.045312
9 0.617969 0.359375 0.001563 0.053125
2 0.585938 0.388281 0.015625 0.045312
11 0.493750 0.351562 0.018750 0.009375
9 0.369531 0.375000 0.001563 0.053125
9 0.292969 0.359375 0.001563 0.053125
13 0.983594 0.396094 0.032813 0.042188
7 0.748437 0.371875 0.028125 0.075000
13 0.647656 0.364844 0.032813 0.042188
7 0.403125 0.371875 0.028125 0.075000
7 0.326562 0.389062 0.028125 0.075000
0 0.945312 0.389062 0.021875 0.018750
0 0.706250 0.340625 0.021875 0.018750
0 0.609375 0.389062 0.021875 0.018750
0 0.359375 0.404687 0.021875 0.018750
0 0.282813 0.389062 0.021875 0.018750
