9 0.814844 0.364844 0.014063 0.067187
9 0.615625 0.364844 0.003125 0.067187
9 0.203906 0.364844 0.014063 0.067187
9 0.003125 0.364844 0.003125 0.067187
11 0.710938 0.351562 0.018750 0.009375
9 0.550781 0.359375 0.001563 0.053125
9 0.467969 0.359375 0.001563 0.053125
9 0.383594 0.359375 0.001563 0.053125
2 0.351562 0.388281 0.015625 0.045312
9 0.300781 0.359375 0.001563 0.053125
4 0.271094 0.387500 0.010937 0.043750
11 0.100000 0.351562 0.018750 0.009375
2 0.839063 0.332031 0.015625 0.045312
3 0.424219 0.356250 0.014063 0.040625
2 0.226562 0.332031 0.015625 0.045312
0 0.542188 0.389062 0.021875 0.018750
0 0.457813 0.389062 0.021875 0.018750
0 0.375000 0.389062 0.021875 0.018750
0 0.292187 0.389062 0.021875 0.018750
