9 0.800000 0.364844 0.003125 0.067187
9 0.420312 0.364844 0.003125 0.067187
9 0.050000 0.364844 0.003125 0.067187
9 0.963281 0.404687 0.001563 0.090625
2 0.950000 0.403906 0.015625 0.045312
9 0.960156 0.296094 0.001563 0.098437
4 0.930469 0.348438 0.010937 0.043750
4 0.930469 0.290625 0.010937 0.043750
9 0.849219 0.400000 0.001563 0.081250
2 0.835938 0.396094 0.015625 0.045312
9 0.846094 0.296094 0.001563 0.098437
9 0.707031 0.396094 0.001563 0.073438
2 0.693750 0.388281 0.015625 0.045312
9 0.703906 0.296094 0.001563 0.098437
9 0.592969 0.392969 0.001563 0.067187
2 0.579688 0.380469 0.015625 0.045312
9 0.589844 0.296094 0.001563 0.098437
9 0.478906 0.389844 0.001563 0.060937
9 0.475781 0.296094 0.001563 0.098437
2 0.443750 0.372656 0.015625 0.045312
9 0.327344 0.408594 0.001563 0.098437
2 0.314063 0.413281 0.015625 0.045312
9 0.324219 0.296094 0.001563 0.098437
4 0.294531 0.356250 0.010937 0.043750
9 0.213281 0.404687 0.001563 0.090625
2 0.200000 0.403906 0.015625 0.045312
9 0.210156 0.296094 0.001563 0.098437
4 0.180469 0.290625 0.010937 0.043750
4 0.180469 0.348438 0.010937 0.043750
9 0.099219 0.400000 0.001563 0.081250
2 0.085938 0.396094 0.015625 0.045312
9 0.096094 0.296094 0.001563 0.098437
0 0.973437 0.356250 0.021875 0.018750
0 0.973437 0.404687 0.021875 0.018750
0 0.950000 0.348438 0.021875 0.018750
0 0.950000 0.292187 0.021875 0.018750
0 0.859375 0.356250 0.021875 0.018750
0 0.859375 0.396875 0.021875 0.018750
0 0.835938 0.292187 0.021875 0.018750
0 0.835938 0.348438 0.021875 0.018750
0 0.717187 0.356250 0.021875 0.018750
0 0.717187 0.389062 0.021875 0.018750
0 0.695312 0.292187 0.021875 0.018750
0 0.695312 0.348438 0.021875 0.018750
0 0.603125 0.356250 0.021875 0.018750
0 0.603125 0.381250 0.021875 0.018750
0 0.581250 0.292187 0.021875 0.018750
0 0.581250 0.348438 0.021875 0.018750
0 0.489063 0.356250 0.021875 0.018750
0 0.489063 0.373437 0.021875 0.018750
0 0.467187 0.348438 0.021875 0.018750
0 0.467187 0.292187 0.021875 0.018750
0 0.337500 0.356250 0.021875 0.018750
0 0.337500 0.412500 0.021875 0.018750
0 0.315625 0.292187 0.021875 0.018750
0 0.315625 0.348438 0.021875 0.018750
0 0.223438 0.356250 0.021875 0.018750
0 0.223438 0.404687 0.021875 0.018750
0 0.201563 0.292187 0.021875 0.018750
0 0.201563 0.348438 0.021875 0.018750
0 0.109375 0.356250 0.021875 0.018750
0 0.109375 0.396875 0.021875 0.018750
0 0.087500 0.348438 0.021875 0.018750
0 0.087500 0.292187 0.021875 0.018750
