7 0.214062 0.366406 0.043750 0.114062
9 0.862500 0.364844 0.003125 0.067187
9 0.642188 0.364844 0.003125 0.067187
9 0.440625 0.364844 0.003125 0.067187
9 0.972656 0.365625 0.001563 0.109375
5 0.885938 0.356250 0.015625 0.015625
5 0.904687 0.315625 0.015625 0.015625
5 0.904687 0.339062 0.015625 0.015625
5 0.904687 0.371875 0.015625 0.015625
5 0.923438 0.323437 0.015625 0.015625
5 0.923438 0.348438 0.015625 0.015625
5 0.942187 0.307812 0.015625 0.015625
5 0.942187 0.331250 0.015625 0.015625
5 0.942187 0.364063 0.015625 0.015625
9 0.785156 0.363281 0.001563 0.104688
3 0.666406 0.323437 0.014063 0.040625
3 0.683594 0.348438 0.014063 0.040625
3 0.692969 0.315625 0.014063 0.040625
3 0.710156 0.340625 0.014063 0.040625
3 0.721094 0.307812 0.014063 0.040625
3 0.738281 0.331250 0.014063 0.040625
3 0.755469 0.300000 0.014063 0.040625
3 0.755469 0.356250 0.014063 0.040625
9 0.566406 0.360156 0.001563 0.098437
3 0.463281 0.340625 0.014063 0.040625
3 0.474219 0.315625 0.014063 0.040625
3 0.491406 0.331250 0.014063 0.040625
3 0.502344 0.307812 0.014063 0.040625
3 0.519531 0.323437 0.014063 0.040625
3 0.536719 0.300000 0.014063 0.040625
3 0.536719 0.348438 0.014063 0.040625
9 0.364844 0.357031 0.001563 0.092188
3 0.269531 0.340625 0.014063 0.040625
3 0.280469 0.315625 0.014063 0.040625
3 0.297656 0.331250 0.014063 0.040625
3 0.307031 0.307812 0.014063 0.040625
3 0.324219 0.323437 0.014063 0.040625
3 0.335156 0.300000 0.014063 0.040625
0 0.982812 0.307812 0.021875 0.018750
0 0.982812 0.325000 0.021875 0.018750
0 0.982812 0.340625 0.021875 0.018750
0 0.982812 0.356250 0.021875 0.018750
0 0.982812 0.373437 0.021875 0.018750
0 0.962500 0.315625 0.021875 0.018750
0 0.962500 0.332813 0.021875 0.018750
0 0.962500 0.348438 0.021875 0.018750
0 0.962500 0.364063 0.021875 0.018750
0 0.795312 0.307812 0.021875 0.018750
0 0.795312 0.325000 0.021875 0.018750
0 0.795312 0.340625 0.021875 0.018750
0 0.795312 0.356250 0.021875 0.018750
0 0.776563 0.315625 0.021875 0.018750
0 0.776563 0.332813 0.021875 0.018750
0 0.776563 0.348438 0.021875 0.018750
0 0.776563 0.364063 0.021875 0.018750
0 0.576562 0.307812 0.021875 0.018750
0 0.576562 0.325000 0.021875 0.018750
0 0.576562 0.340625 0.021875 0.018750
0 0.576562 0.356250 0.021875 0.018750
0 0.557813 0.315625 0.021875 0.018750
0 0.557813 0.332813 0.021875 0.018750
0 0.557813 0.348438 0.021875 0.018750
0 0.375000 0.307812 0.021875 0.018750
0 0.375000 0.325000 0.021875 0.018750
0 0.375000 0.340625 0.021875 0.018750
0 0.356250 0.315625 0.021875 0.018750
0 0.356250 0.332813 0.021875 0.018750
0 0.356250 0.348438 0.021875 0.018750
