7 0.262500 0.366406 0.043750 0.114062
9 0.781250 0.364844 0.003125 0.067187
12 0.989062 0.367188 0.015625 0.028125
15 0.961719 0.350000 0.017188 0.053125
9 0.953906 0.351562 0.001563 0.053125
15 0.932031 0.434375 0.020313 0.053125
9 0.922656 0.396094 0.001563 0.123438
2 0.909375 0.380469 0.015625 0.045312
12 0.882812 0.367188 0.015625 0.028125
15 0.855469 0.342187 0.017188 0.053125
9 0.847656 0.343750 0.001563 0.053125
15 0.827344 0.434375 0.020313 0.053125
9 0.817969 0.396094 0.001563 0.123438
2 0.804688 0.372656 0.015625 0.045312
12 0.739062 0.367188 0.015625 0.028125
15 0.713281 0.334375 0.017188 0.053125
9 0.705469 0.334375 0.001563 0.053125
15 0.683594 0.434375 0.020313 0.053125
9 0.674219 0.396094 0.001563 0.123438
2 0.660937 0.364844 0.015625 0.045312
12 0.634375 0.367188 0.015625 0.028125
15 0.607031 0.325000 0.017188 0.053125
9 0.599219 0.326562 0.001563 0.053125
15 0.577344 0.434375 0.020313 0.053125
9 0.567969 0.396094 0.001563 0.123438
2 0.554688 0.355469 0.015625 0.045312
12 0.528125 0.367188 0.015625 0.028125
15 0.500781 0.317188 0.017188 0.053125
9 0.492969 0.318750 0.001563 0.053125
15 0.472656 0.434375 0.020313 0.053125
9 0.463281 0.396094 0.001563 0.123438
2 0.450000 0.347656 0.015625 0.045312
4 0.452344 0.404687 0.010937 0.043750
12 0.421875 0.367188 0.015625 0.028125
15 0.396094 0.309375 0.017188 0.053125
9 0.388281 0.310937 0.001563 0.053125
15 0.355469 0.434375 0.020313 0.053125
9 0.346094 0.396094 0.001563 0.123438
4 0.316406 0.331250 0.010937 0.043750
2 0.332813 0.339844 0.015625 0.045312
0 0.945312 0.381250 0.021875 0.018750
0 0.932813 0.404687 0.021875 0.018750
0 0.932813 0.332813 0.021875 0.018750
0 0.839063 0.373437 0.021875 0.018750
0 0.828125 0.332813 0.021875 0.018750
0 0.828125 0.404687 0.021875 0.018750
0 0.695312 0.364063 0.021875 0.018750
0 0.684375 0.332813 0.021875 0.018750
0 0.684375 0.404687 0.021875 0.018750
0 0.589063 0.356250 0.021875 0.018750
0 0.578125 0.332813 0.021875 0.018750
0 0.578125 0.404687 0.021875 0.018750
0 0.484375 0.348438 0.021875 0.018750
0 0.473438 0.404687 0.021875 0.018750
0 0.473438 0.332813 0.021875 0.018750
0 0.378125 0.340625 0.021875 0.018750
0 0.356250 0.332813 0.021875 0.018750
0 0.356250 0.404687 0.021875 0.018750
