9 0.215625 0.364844 0.003125 0.067187
9 0.999219 0.417969 0.001563 0.051562
2 0.985938 0.380469 0.015625 0.045312
12 0.929688 0.367188 0.015625 0.028125
15 0.883594 0.342187 0.017188 0.053125
9 0.875781 0.359375 0.001563 0.084375
15 0.835156 0.418750 0.020313 0.053125
9 0.825781 0.417969 0.001563 0.051562
2 0.812500 0.372656 0.015625 0.045312
12 0.754687 0.367188 0.015625 0.028125
15 0.708594 0.334375 0.017188 0.053125
9 0.700781 0.354687 0.001563 0.093750
15 0.660156 0.418750 0.020313 0.053125
9 0.650781 0.417969 0.001563 0.051562
2 0.637500 0.364844 0.015625 0.045312
12 0.579688 0.367188 0.015625 0.028125
15 0.535156 0.325000 0.017188 0.053125
9 0.527344 0.350781 0.001563 0.101562
2 0.493750 0.355469 0.015625 0.045312
15 0.485156 0.418750 0.020313 0.053125
9 0.475781 0.417969 0.001563 0.051562
12 0.406250 0.367188 0.015625 0.028125
15 0.360156 0.317188 0.017188 0.053125
9 0.352344 0.346875 0.001563 0.109375
15 0.311719 0.418750 0.020313 0.053125
9 0.302344 0.417969 0.001563 0.051562
4 0.275781 0.387500 0.010937 0.043750
4 0.291406 0.404687 0.010937 0.043750
2 0.289062 0.347656 0.015625 0.045312
12 0.143750 0.367188 0.015625 0.028125
15 0.094531 0.357812 0.017188 0.053125
9 0.086719 0.367188 0.001563 0.068750
15 0.053906 0.482812 0.020313 0.053125
9 0.044531 0.453906 0.001563 0.107813
2 0.031250 0.388281 0.015625 0.045312
15 0.234375 0.380469 0.028125 0.032813
0 0.867188 0.404687 0.021875 0.018750
0 0.867188 0.373437 0.021875 0.018750
0 0.835938 0.389062 0.021875 0.018750
0 0.692187 0.364063 0.021875 0.018750
0 0.692187 0.404687 0.021875 0.018750
0 0.660937 0.389062 0.021875 0.018750
0 0.517188 0.404687 0.021875 0.018750
0 0.517188 0.356250 0.021875 0.018750
0 0.485938 0.389062 0.021875 0.018750
0 0.343750 0.404687 0.021875 0.018750
0 0.343750 0.348438 0.021875 0.018750
0 0.312500 0.389062 0.021875 0.018750
0 0.078125 0.389062 0.021875 0.018750
0 0.078125 0.404687 0.021875 0.018750
0 0.054688 0.396875 0.021875 0.018750
0 0.054688 0.453125 0.021875 0.018750
