9 0.814844 0.364844 0.014063 0.067187
9 0.614062 0.364844 0.003125 0.067187
9 0.205469 0.364844 0.014063 0.067187
9 0.003125 0.364844 0.003125 0.067187
11 0.710938 0.351562 0.018750 0.009375
9 0.528906 0.390625 0.001563 0.046875
3 0.517969 0.356250 0.014063 0.040625
9 0.446094 0.390625 0.001563 0.046875
4 0.435156 0.364063 0.010937 0.043750
9 0.361719 0.390625 0.001563 0.046875
3 0.349219 0.356250 0.014063 0.040625
9 0.277344 0.390625 0.001563 0.046875
11 0.100000 0.351562 0.018750 0.009375
2 0.839063 0.332031 0.015625 0.045312
3 0.403906 0.356250 0.014063 0.040625
2 0.228125 0.332031 0.015625 0.045312
0 0.539062 0.364063 0.021875 0.018750
0 0.456250 0.364063 0.021875 0.018750
0 0.371875 0.364063 0.021875 0.018750
0 0.287500 0.364063 0.021875 0.018750
