9 0.860938 0.364844 0.003125 0.067187
9 0.740625 0.364844 0.003125 0.067187
9 0.610938 0.364844 0.003125 0.067187
9 0.495312 0.364844 0.003125 0.067187
9 0.375000 0.364844 0.003125 0.067187
9 0.256250 0.364844 0.003125 0.067187
9 0.134375 0.364844 0.003125 0.067187
9 0.004687 0.364844 0.003125 0.067187
9 0.796094 0.321094 0.001563 0.101562
5 0.765625 0.315625 0.015625 0.015625
9 0.675781 0.321094 0.001563 0.101562
6 0.639844 0.307031 0.026562 0.039062
9 0.544531 0.321094 0.001563 0.101562
4 0.516406 0.315625 0.010937 0.043750
9 0.428906 0.321094 0.001563 0.101562
2 0.398438 0.316406 0.015625 0.045312
9 0.308594 0.321094 0.001563 0.101562
3 0.278906 0.307812 0.014063 0.040625
9 0.189844 0.321094 0.001563 0.101562
5 0.159375 0.315625 0.015625 0.015625
9 0.069531 0.321094 0.001563 0.101562
6 0.033594 0.307031 0.026562 0.039062
0 0.806250 0.267188 0.021875 0.018750
0 0.806250 0.315625 0.021875 0.018750
0 0.785937 0.276562 0.021875 0.018750
0 0.685937 0.267188 0.021875 0.018750
0 0.685937 0.315625 0.021875 0.018750
0 0.665625 0.276562 0.021875 0.018750
0 0.554688 0.267188 0.021875 0.018750
0 0.554688 0.315625 0.021875 0.018750
0 0.534375 0.276562 0.021875 0.018750
0 0.439063 0.267188 0.021875 0.018750
0 0.439063 0.315625 0.021875 0.018750
0 0.418750 0.276562 0.021875 0.018750
0 0.318750 0.267188 0.021875 0.018750
0 0.318750 0.315625 0.021875 0.018750
0 0.298438 0.276562 0.021875 0.018750
0 0.200000 0.267188 0.021875 0.018750
0 0.200000 0.315625 0.021875 0.018750
0 0.179688 0.276562 0.021875 0.018750
0 0.079687 0.267188 0.021875 0.018750
0 0.079687 0.315625 0.021875 0.018750
0 0.059375 0.276562 0.021875 0.018750
