9 0.860938 0.364844 0.003125 0.067187
9 0.662500 0.364844 0.003125 0.067187
9 0.520312 0.364844 0.003125 0.067187
9 0.320312 0.364844 0.003125 0.067187
9 0.178125 0.364844 0.003125 0.067187
9 0.780469 0.360938 0.001563 0.053125
5 0.767188 0.331250 0.015625 0.015625
9 0.717969 0.359375 0.001563 0.053125
2 0.685937 0.388281 0.015625 0.045312
11 0.589063 0.351562 0.018750 0.009375
9 0.438281 0.360938 0.001563 0.053125
4 0.427344 0.331250 0.010937 0.043750
9 0.375781 0.359375 0.001563 0.053125
2 0.343750 0.388281 0.015625 0.045312
11 0.246875 0.351562 0.018750 0.009375
9 0.096094 0.360938 0.001563 0.053125
2 0.082812 0.332031 0.015625 0.045312
9 0.033594 0.359375 0.001563 0.053125
0 0.790625 0.332813 0.021875 0.018750
0 0.709375 0.389062 0.021875 0.018750
0 0.448437 0.332813 0.021875 0.018750
0 0.367188 0.389062 0.021875 0.018750
0 0.106250 0.332813 0.021875 0.018750
0 0.025000 0.389062 0.021875 0.018750
