7 0.214062 0.366406 0.043750 0.114062
14 0.885938 0.364844 0.003125 0.067187
14 0.746875 0.364844 0.003125 0.067187
14 0.585938 0.364844 0.003125 0.067187
14 0.418750 0.364844 0.003125 0.067187
14 0.942969 0.289844 0.010937 0.032813
9 0.938281 0.310937 0.001563 0.071875
2 0.906250 0.332031 0.009375 0.026562
2 0.917188 0.307031 0.009375 0.026562
2 0.917188 0.347656 0.009375 0.026562
9 0.958594 0.357031 0.001563 0.092188
14 0.792969 0.353906 0.010937 0.032813
9 0.788281 0.378906 0.001563 0.079687
3 0.767188 0.375781 0.009375 0.023438
3 0.767188 0.414844 0.009375 0.023438
9 0.827344 0.369531 0.001563 0.098437
14 0.633594 0.314844 0.010937 0.032813
9 0.628906 0.330469 0.001563 0.064062
2 0.606250 0.339844 0.009375 0.026562
9 0.667969 0.374219 0.001563 0.079687
14 0.472656 0.314844 0.010937 0.032813
9 0.467969 0.326562 0.001563 0.056250
4 0.437500 0.355469 0.006250 0.026562
2 0.446875 0.339844 0.009375 0.026562
9 0.508594 0.371094 0.001563 0.073438
14 0.303906 0.297656 0.010937 0.032813
9 0.299219 0.322656 0.001563 0.079687
2 0.267188 0.347656 0.009375 0.026562
2 0.278125 0.314844 0.009375 0.026562
2 0.278125 0.355469 0.009375 0.026562
9 0.339844 0.366406 0.001563 0.095312
0 0.932813 0.308594 0.012500 0.010937
0 0.932813 0.332031 0.012500 0.010937
0 0.932813 0.347656 0.012500 0.010937
0 0.968750 0.307812 0.021875 0.018750
0 0.968750 0.332813 0.021875 0.018750
0 0.968750 0.348438 0.021875 0.018750
0 0.793750 0.372656 0.012500 0.010937
0 0.781250 0.380469 0.012500 0.010937
0 0.781250 0.421094 0.012500 0.010937
0 0.837500 0.373437 0.021875 0.018750
0 0.818750 0.381250 0.021875 0.018750
0 0.818750 0.421875 0.021875 0.018750
0 0.634375 0.332031 0.012500 0.010937
0 0.621875 0.339844 0.012500 0.010937
0 0.621875 0.364844 0.012500 0.010937
0 0.678125 0.332813 0.021875 0.018750
0 0.678125 0.364063 0.021875 0.018750
0 0.659375 0.340625 0.021875 0.018750
0 0.473438 0.332031 0.012500 0.010937
0 0.462500 0.339844 0.012500 0.010937
0 0.462500 0.357031 0.012500 0.010937
0 0.518750 0.332813 0.021875 0.018750
0 0.518750 0.356250 0.021875 0.018750
0 0.500000 0.340625 0.021875 0.018750
0 0.304688 0.357031 0.012500 0.010937
0 0.293750 0.316406 0.012500 0.010937
0 0.293750 0.347656 0.012500 0.010937
0 0.293750 0.364844 0.012500 0.010937
0 0.350000 0.315625 0.021875 0.018750
0 0.350000 0.364063 0.021875 0.018750
0 0.350000 0.348438 0.021875 0.018750
0 0.331250 0.356250 0.021875 0.018750
