9 0.917188 0.364844 0.003125 0.067187
9 0.796875 0.364844 0.003125 0.067187
9 0.648438 0.364844 0.003125 0.067187
9 0.492188 0.364844 0.003125 0.067187
9 0.357812 0.364844 0.003125 0.067187
9 0.210938 0.364844 0.003125 0.067187
9 0.039062 0.364844 0.003125 0.067187
9 0.991406 0.387500 0.001563 0.109375
3 0.939844 0.389062 0.014063 0.040625
2 0.957812 0.388281 0.015625 0.045312
2 0.957812 0.444531 0.015625 0.045312
9 0.850781 0.346094 0.001563 0.101562
3 0.821094 0.331250 0.014063 0.040625
3 0.838281 0.315625 0.014063 0.040625
9 0.730469 0.373437 0.001563 0.093750
2 0.671875 0.332031 0.015625 0.045312
2 0.687500 0.355469 0.015625 0.045312
4 0.702344 0.323437 0.010937 0.043750
9 0.580469 0.346094 0.001563 0.101562
2 0.515625 0.299219 0.015625 0.045312
2 0.532813 0.324219 0.015625 0.045312
2 0.550000 0.291406 0.015625 0.045312
9 0.425781 0.357031 0.001563 0.092188
2 0.381250 0.324219 0.015625 0.045312
4 0.397656 0.307812 0.010937 0.043750
9 0.289844 0.346094 0.001563 0.101562
3 0.233594 0.300000 0.014063 0.040625
3 0.252344 0.307812 0.014063 0.040625
4 0.261719 0.290625 0.010937 0.043750
9 0.144531 0.325781 0.001563 0.126562
2 0.062500 0.299219 0.015625 0.045312
2 0.079687 0.267969 0.015625 0.045312
2 0.096875 0.291406 0.015625 0.045312
2 0.114062 0.258594 0.015625 0.045312
4 0.116406 0.331250 0.010937 0.043750
0 0.995313 0.389062 0.009375 0.018750
0 0.981250 0.396875 0.021875 0.018750
0 0.981250 0.445312 0.021875 0.018750
0 0.860938 0.292187 0.021875 0.018750
0 0.860938 0.307812 0.021875 0.018750
0 0.860938 0.325000 0.021875 0.018750
0 0.860938 0.340625 0.021875 0.018750
0 0.740625 0.325000 0.021875 0.018750
0 0.740625 0.356250 0.021875 0.018750
0 0.740625 0.373437 0.021875 0.018750
0 0.720313 0.332813 0.021875 0.018750
0 0.590625 0.292187 0.021875 0.018750
0 0.590625 0.325000 0.021875 0.018750
0 0.590625 0.340625 0.021875 0.018750
0 0.570312 0.300000 0.021875 0.018750
0 0.435937 0.307812 0.021875 0.018750
0 0.435937 0.325000 0.021875 0.018750
0 0.435937 0.348438 0.021875 0.018750
0 0.415625 0.332813 0.021875 0.018750
0 0.300000 0.292187 0.021875 0.018750
0 0.300000 0.307812 0.021875 0.018750
0 0.300000 0.340625 0.021875 0.018750
0 0.281250 0.315625 0.021875 0.018750
0 0.154688 0.259375 0.021875 0.018750
0 0.154688 0.284375 0.021875 0.018750
0 0.154688 0.300000 0.021875 0.018750
0 0.154688 0.332813 0.021875 0.018750
0 0.134375 0.267188 0.021875 0.018750
0 0.134375 0.292187 0.021875 0.018750
