9 0.860938 0.364844 0.003125 0.067187
9 0.651563 0.364844 0.003125 0.067187
9 0.459375 0.364844 0.003125 0.067187
9 0.275000 0.364844 0.003125 0.067187
9 0.092188 0.364844 0.003125 0.067187
9 0.794531 0.363281 0.001563 0.104688
3 0.674219 0.323437 0.014063 0.040625
3 0.692969 0.348438 0.014063 0.040625
3 0.702344 0.315625 0.014063 0.040625
3 0.719531 0.340625 0.014063 0.040625
3 0.730469 0.307812 0.014063 0.040625
3 0.747656 0.331250 0.014063 0.040625
3 0.764844 0.300000 0.014063 0.040625
3 0.764844 0.356250 0.014063 0.040625
9 0.585156 0.360156 0.001563 0.098437
3 0.482031 0.340625 0.014063 0.040625
3 0.492969 0.315625 0.014063 0.040625
3 0.510156 0.331250 0.014063 0.040625
3 0.521094 0.307812 0.014063 0.040625
3 0.538281 0.323437 0.014063 0.040625
3 0.555469 0.300000 0.014063 0.040625
3 0.555469 0.348438 0.014063 0.040625
9 0.392969 0.357031 0.001563 0.092188
3 0.297656 0.340625 0.014063 0.040625
3 0.308594 0.315625 0.014063 0.040625
3 0.325781 0.331250 0.014063 0.040625
3 0.335156 0.307812 0.014063 0.040625
3 0.352344 0.323437 0.014063 0.040625
3 0.363281 0.300000 0.014063 0.040625
9 0.208594 0.353906 0.001563 0.085938
3 0.116406 0.315625 0.014063 0.040625
3 0.133594 0.323437 0.014063 0.040625
3 0.150781 0.307812 0.014063 0.040625
3 0.167969 0.331250 0.014063 0.040625
3 0.178906 0.300000 0.014063 0.040625
9 0.025781 0.350000 0.001563 0.078125
0 0.804688 0.307812 0.021875 0.018750
0 0.804688 0.325000 0.021875 0.018750
0 0.804688 0.340625 0.021875 0.018750
0 0.804688 0.356250 0.021875 0.018750
0 0.785937 0.315625 0.021875 0.018750
0 0.785937 0.332813 0.021875 0.018750
0 0.785937 0.348438 0.021875 0.018750
0 0.785937 0.364063 0.021875 0.018750
0 0.595313 0.307812 0.021875 0.018750
0 0.595313 0.325000 0.021875 0.018750
0 0.595313 0.340625 0.021875 0.018750
0 0.595313 0.356250 0.021875 0.018750
0 0.576562 0.315625 0.021875 0.018750
0 0.576562 0.332813 0.021875 0.018750
0 0.576562 0.348438 0.021875 0.018750
0 0.403125 0.307812 0.021875 0.018750
0 0.403125 0.325000 0.021875 0.018750
0 0.403125 0.340625 0.021875 0.018750
0 0.384375 0.315625 0.021875 0.018750
0 0.384375 0.332813 0.021875 0.018750
0 0.384375 0.348438 0.021875 0.018750
0 0.218750 0.307812 0.021875 0.018750
0 0.218750 0.325000 0.021875 0.018750
0 0.218750 0.340625 0.021875 0.018750
0 0.198437 0.315625 0.021875 0.018750
0 0.198437 0.332813 0.021875 0.018750
0 0.035937 0.307812 0.021875 0.018750
0 0.035937 0.325000 0.021875 0.018750
0 0.017188 0.315625 0.021875 0.018750
0 0.017188 0.332813 0.021875 0.018750
