9 0.860938 0.364844 0.003125 0.067187
9 0.098437 0.364844 0.003125 0.067187
12 0.787500 0.367188 0.015625 0.028125
15 0.739844 0.390625 0.017188 0.053125
9 0.732031 0.400000 0.001563 0.068750
15 0.691406 0.434375 0.020313 0.053125
9 0.682031 0.396094 0.001563 0.123438
2 0.668750 0.436719 0.015625 0.045312
12 0.607812 0.367188 0.015625 0.028125
15 0.561719 0.390625 0.017188 0.053125
9 0.553906 0.396094 0.001563 0.060937
15 0.511719 0.434375 0.020313 0.053125
9 0.502344 0.396094 0.001563 0.123438
2 0.489063 0.428906 0.015625 0.045312
12 0.429688 0.367188 0.015625 0.028125
15 0.382031 0.390625 0.017188 0.053125
9 0.374219 0.392188 0.001563 0.053125
15 0.333594 0.434375 0.020313 0.053125
9 0.324219 0.396094 0.001563 0.123438
2 0.310937 0.421094 0.015625 0.045312
12 0.250000 0.367188 0.015625 0.028125
15 0.199219 0.382812 0.017188 0.053125
9 0.191406 0.382812 0.001563 0.053125
15 0.158594 0.434375 0.020313 0.053125
9 0.149219 0.396094 0.001563 0.123438
4 0.119531 0.404687 0.010937 0.043750
2 0.135937 0.413281 0.015625 0.045312
12 0.025000 0.367188 0.015625 0.028125
0 0.723437 0.437500 0.021875 0.018750
0 0.692187 0.332813 0.021875 0.018750
0 0.692187 0.404687 0.021875 0.018750
0 0.543750 0.429688 0.021875 0.018750
0 0.512500 0.404687 0.021875 0.018750
0 0.512500 0.332813 0.021875 0.018750
0 0.364063 0.421875 0.021875 0.018750
0 0.334375 0.332813 0.021875 0.018750
0 0.334375 0.404687 0.021875 0.018750
0 0.181250 0.412500 0.021875 0.018750
0 0.159375 0.404687 0.021875 0.018750
0 0.159375 0.332813 0.021875 0.018750
