7 0.214062 0.555469 0.043750 0.114062
9 0.853125 0.553906 0.003125 0.067187
9 0.684375 0.553906 0.003125 0.067187
9 0.539062 0.553906 0.003125 0.067187
9 0.373437 0.553906 0.003125 0.067187
15 0.919531 0.550781 0.010937 0.032813
9 0.914844 0.564063 0.001563 0.056250
2 0.875000 0.577344 0.009375 0.026562
2 0.884375 0.592969 0.009375 0.026562
2 0.893750 0.569531 0.009375 0.026562
9 0.955469 0.553125 0.001563 0.075000
15 0.750781 0.486719 0.010937 0.032813
9 0.746094 0.511719 0.001563 0.079687
2 0.704688 0.536719 0.009375 0.026562
2 0.715625 0.544531 0.009375 0.026562
2 0.725000 0.521094 0.009375 0.026562
9 0.786719 0.555469 0.001563 0.095312
15 0.582031 0.478906 0.010937 0.032813
9 0.577344 0.502344 0.001563 0.079687
4 0.557813 0.496094 0.006250 0.026562
4 0.557813 0.544531 0.006250 0.026562
9 0.617969 0.549219 0.001563 0.098437
15 0.436719 0.502344 0.010937 0.032813
9 0.432031 0.519531 0.001563 0.064062
3 0.393750 0.539844 0.009375 0.023438
3 0.404687 0.547656 0.009375 0.023438
3 0.410938 0.524219 0.009375 0.023438
9 0.471094 0.563281 0.001563 0.079687
15 0.292969 0.535156 0.010937 0.032813
9 0.288281 0.556250 0.001563 0.071875
2 0.267188 0.592969 0.009375 0.026562
9 0.325781 0.546875 0.001563 0.087500
0 0.920312 0.569531 0.012500 0.010937
0 0.909375 0.592969 0.012500 0.010937
0 0.909375 0.577344 0.012500 0.010937
0 0.965625 0.570312 0.021875 0.018750
0 0.945312 0.578125 0.021875 0.018750
0 0.945312 0.593750 0.021875 0.018750
0 0.751563 0.544531 0.012500 0.010937
0 0.740625 0.553906 0.012500 0.010937
0 0.740625 0.536719 0.012500 0.010937
0 0.740625 0.521094 0.012500 0.010937
0 0.740625 0.505469 0.012500 0.010937
0 0.796875 0.504687 0.021875 0.018750
0 0.796875 0.553125 0.021875 0.018750
0 0.796875 0.521875 0.021875 0.018750
0 0.796875 0.537500 0.021875 0.018750
0 0.778125 0.545312 0.021875 0.018750
0 0.582812 0.536719 0.012500 0.010937
0 0.582812 0.513281 0.012500 0.010937
0 0.570312 0.521094 0.012500 0.010937
0 0.570312 0.496094 0.012500 0.010937
0 0.570312 0.544531 0.012500 0.010937
0 0.628125 0.496875 0.021875 0.018750
0 0.628125 0.512500 0.021875 0.018750
0 0.628125 0.537500 0.021875 0.018750
0 0.607812 0.521875 0.021875 0.018750
0 0.607812 0.545312 0.021875 0.018750
0 0.437500 0.544531 0.012500 0.010937
0 0.437500 0.521094 0.012500 0.010937
0 0.425000 0.553906 0.012500 0.010937
0 0.425000 0.528906 0.012500 0.010937
0 0.481250 0.521875 0.021875 0.018750
0 0.481250 0.545312 0.021875 0.018750
0 0.462500 0.553125 0.021875 0.018750
0 0.462500 0.529687 0.021875 0.018750
0 0.282813 0.592969 0.012500 0.010937
0 0.282813 0.569531 0.012500 0.010937
0 0.282813 0.553906 0.012500 0.010937
0 0.317188 0.570312 0.021875 0.018750
0 0.317188 0.593750 0.021875 0.018750
0 0.317188 0.553125 0.021875 0.018750
