7 0.214062 0.366406 0.043750 0.114062
9 0.985938 0.364844 0.003125 0.067187
9 0.887500 0.364844 0.003125 0.067187
9 0.746875 0.364844 0.003125 0.067187
9 0.606250 0.364844 0.003125 0.067187
9 0.521875 0.364844 0.003125 0.067187
9 0.384375 0.364844 0.003125 0.067187
9 0.938281 0.344531 0.001563 0.114062
4 0.908594 0.348438 0.010937 0.043750
4 0.908594 0.404687 0.010937 0.043750
9 0.839844 0.369531 0.001563 0.195312
2 0.770312 0.421094 0.015625 0.045312
2 0.789062 0.403906 0.015625 0.045312
3 0.789844 0.460938 0.014063 0.040625
4 0.810156 0.323437 0.010937 0.043750
3 0.807031 0.428125 0.014063 0.040625
9 0.699219 0.369531 0.001563 0.195312
5 0.629687 0.420312 0.015625 0.015625
2 0.648438 0.403906 0.015625 0.045312
3 0.649219 0.460938 0.014063 0.040625
4 0.669531 0.323437 0.010937 0.043750
3 0.666406 0.428125 0.014063 0.040625
15 0.567969 0.410938 0.020313 0.053125
9 0.558594 0.352344 0.001563 0.164062
4 0.547656 0.331250 0.010937 0.043750
2 0.545312 0.380469 0.015625 0.045312
4 0.547656 0.267188 0.010937 0.043750
9 0.474219 0.339844 0.001563 0.089063
3 0.407031 0.371875 0.014063 0.040625
3 0.424219 0.364063 0.014063 0.040625
3 0.441406 0.331250 0.014063 0.040625
3 0.441406 0.379688 0.014063 0.040625
9 0.336719 0.339844 0.001563 0.089063
3 0.269531 0.371875 0.014063 0.040625
3 0.286719 0.356250 0.014063 0.040625
3 0.303906 0.331250 0.014063 0.040625
3 0.303906 0.379688 0.014063 0.040625
0 0.929688 0.332813 0.021875 0.018750
0 0.929688 0.348438 0.021875 0.018750
0 0.929688 0.373437 0.021875 0.018750
0 0.929688 0.404687 0.021875 0.018750
0 0.850000 0.315625 0.021875 0.018750
0 0.829688 0.325000 0.021875 0.018750
0 0.829688 0.373437 0.021875 0.018750
0 0.829688 0.404687 0.021875 0.018750
0 0.829688 0.421875 0.021875 0.018750
0 0.829688 0.437500 0.021875 0.018750
0 0.829688 0.470313 0.021875 0.018750
0 0.709375 0.315625 0.021875 0.018750
0 0.689063 0.325000 0.021875 0.018750
0 0.689063 0.373437 0.021875 0.018750
0 0.689063 0.404687 0.021875 0.018750
0 0.689063 0.421875 0.021875 0.018750
0 0.689063 0.437500 0.021875 0.018750
0 0.689063 0.470313 0.021875 0.018750
0 0.568750 0.332813 0.021875 0.018750
0 0.568750 0.348438 0.021875 0.018750
0 0.568750 0.381250 0.021875 0.018750
0 0.568750 0.267188 0.021875 0.018750
0 0.484375 0.381250 0.021875 0.018750
0 0.464062 0.340625 0.021875 0.018750
0 0.464062 0.373437 0.021875 0.018750
0 0.464062 0.389062 0.021875 0.018750
0 0.346875 0.381250 0.021875 0.018750
0 0.326562 0.340625 0.021875 0.018750
0 0.326562 0.364063 0.021875 0.018750
0 0.326562 0.389062 0.021875 0.018750
