9 0.879687 0.364844 0.003125 0.067187
9 0.578125 0.364844 0.003125 0.067187
9 0.262500 0.364844 0.003125 0.067187
2 0.997656 0.403906 0.004687 0.045312
4 0.983594 0.348438 0.010937 0.043750
9 0.928906 0.400000 0.001563 0.081250
2 0.915625 0.396094 0.015625 0.045312
9 0.925781 0.323437 0.001563 0.043750
9 0.813281 0.396094 0.001563 0.073438
2 0.800000 0.388281 0.015625 0.045312
9 0.810156 0.323437 0.001563 0.043750
9 0.725781 0.392969 0.001563 0.067187
2 0.712500 0.380469 0.015625 0.045312
9 0.722656 0.323437 0.001563 0.043750
9 0.638281 0.389844 0.001563 0.060937
9 0.635156 0.323437 0.001563 0.043750
2 0.601562 0.372656 0.015625 0.045312
9 0.532031 0.367969 0.001563 0.070312
2 0.500000 0.388281 0.015625 0.045312
9 0.463281 0.441406 0.001563 0.098437
4 0.453906 0.387500 0.010937 0.043750
4 0.453906 0.445312 0.010937 0.043750
9 0.417969 0.364063 0.001563 0.075000
9 0.375781 0.441406 0.001563 0.098437
2 0.362500 0.380469 0.015625 0.045312
9 0.330469 0.360938 0.001563 0.081250
9 0.299219 0.441406 0.001563 0.098437
2 0.285938 0.372656 0.015625 0.045312
9 0.216406 0.357812 0.001563 0.087500
9 0.185156 0.441406 0.001563 0.098437
2 0.171875 0.364844 0.015625 0.045312
9 0.139844 0.354687 0.001563 0.093750
9 0.108594 0.441406 0.001563 0.098437
2 0.095312 0.355469 0.015625 0.045312
9 0.063281 0.351562 0.001563 0.100000
9 0.032031 0.441406 0.001563 0.098437
4 0.007031 0.445312 0.010937 0.043750
4 0.007031 0.387500 0.010937 0.043750
4 0.022656 0.404687 0.010937 0.043750
2 0.018750 0.347656 0.015625 0.045312
0 0.996094 0.348438 0.007812 0.018750
0 0.939063 0.356250 0.021875 0.018750
0 0.939063 0.396875 0.021875 0.018750
0 0.915625 0.348438 0.021875 0.018750
0 0.823438 0.356250 0.021875 0.018750
0 0.823438 0.389062 0.021875 0.018750
0 0.800000 0.348438 0.021875 0.018750
0 0.735938 0.356250 0.021875 0.018750
0 0.735938 0.381250 0.021875 0.018750
0 0.712500 0.348438 0.021875 0.018750
0 0.648438 0.356250 0.021875 0.018750
0 0.648438 0.373437 0.021875 0.018750
0 0.625000 0.348438 0.021875 0.018750
0 0.523438 0.389062 0.021875 0.018750
0 0.523438 0.404687 0.021875 0.018750
0 0.473438 0.389062 0.021875 0.018750
0 0.473438 0.445312 0.021875 0.018750
0 0.409375 0.404687 0.021875 0.018750
0 0.409375 0.381250 0.021875 0.018750
0 0.385937 0.389062 0.021875 0.018750
0 0.385937 0.445312 0.021875 0.018750
0 0.321875 0.404687 0.021875 0.018750
0 0.321875 0.373437 0.021875 0.018750
0 0.309375 0.389062 0.021875 0.018750
0 0.309375 0.445312 0.021875 0.018750
0 0.207813 0.364063 0.021875 0.018750
0 0.207813 0.404687 0.021875 0.018750
0 0.195312 0.389062 0.021875 0.018750
0 0.195312 0.445312 0.021875 0.018750
0 0.131250 0.356250 0.021875 0.018750
0 0.131250 0.404687 0.021875 0.018750
0 0.118750 0.445312 0.021875 0.018750
0 0.118750 0.389062 0.021875 0.018750
0 0.054688 0.404687 0.021875 0.018750
0 0.054688 0.348438 0.021875 0.018750
0 0.042188 0.445312 0.021875 0.018750
0 0.042188 0.389062 0.021875 0.018750
