9 0.846875 0.364844 0.003125 0.067187
9 0.675000 0.364844 0.003125 0.067187
9 0.529687 0.364844 0.003125 0.067187
9 0.362500 0.364844 0.003125 0.067187
9 0.185938 0.364844 0.003125 0.067187
9 0.037500 0.364844 0.003125 0.067187
15 0.902344 0.289844 0.010937 0.032813
9 0.897656 0.314844 0.001563 0.079687
3 0.867188 0.310156 0.009375 0.023438
3 0.876563 0.302344 0.009375 0.023438
2 0.876563 0.355469 0.009375 0.026562
9 0.947656 0.360156 0.001563 0.098437
15 0.732031 0.297656 0.010937 0.032813
9 0.727344 0.314844 0.001563 0.064062
2 0.695312 0.324219 0.009375 0.026562
2 0.706250 0.314844 0.009375 0.026562
9 0.772656 0.360938 0.001563 0.084375
15 0.586719 0.305469 0.010937 0.032813
9 0.582031 0.330469 0.001563 0.079687
2 0.550000 0.355469 0.009375 0.026562
2 0.560937 0.324219 0.009375 0.026562
2 0.560937 0.372656 0.009375 0.026562
9 0.600781 0.373437 0.001563 0.093750
15 0.419531 0.305469 0.010937 0.032813
9 0.414844 0.310156 0.001563 0.039062
2 0.382812 0.332031 0.009375 0.026562
2 0.393750 0.324219 0.009375 0.026562
9 0.455469 0.357031 0.001563 0.060937
15 0.241406 0.266406 0.010937 0.032813
9 0.236719 0.289844 0.001563 0.079687
3 0.206250 0.294531 0.009375 0.023438
3 0.217188 0.286719 0.009375 0.023438
3 0.217188 0.327344 0.009375 0.023438
9 0.288281 0.336719 0.001563 0.101562
15 0.096094 0.363281 0.010937 0.032813
9 0.091406 0.378906 0.001563 0.064062
2 0.057813 0.388281 0.009375 0.026562
2 0.068750 0.380469 0.009375 0.026562
2 0.068750 0.411719 0.009375 0.026562
9 0.132031 0.368750 0.001563 0.084375
0 0.903125 0.308594 0.012500 0.010937
0 0.892188 0.316406 0.012500 0.010937
0 0.892188 0.339844 0.012500 0.010937
0 0.892188 0.357031 0.012500 0.010937
0 0.957812 0.307812 0.021875 0.018750
0 0.957812 0.356250 0.021875 0.018750
0 0.957812 0.340625 0.021875 0.018750
0 0.939063 0.315625 0.021875 0.018750
0 0.732812 0.316406 0.012500 0.010937
0 0.721875 0.324219 0.012500 0.010937
0 0.721875 0.347656 0.012500 0.010937
0 0.782813 0.315625 0.021875 0.018750
0 0.782813 0.348438 0.021875 0.018750
0 0.762500 0.325000 0.021875 0.018750
0 0.576562 0.324219 0.012500 0.010937
0 0.576562 0.357031 0.012500 0.010937
0 0.576562 0.372656 0.012500 0.010937
0 0.610938 0.325000 0.021875 0.018750
0 0.610938 0.356250 0.021875 0.018750
0 0.610938 0.373437 0.021875 0.018750
0 0.420312 0.324219 0.012500 0.010937
0 0.409375 0.332031 0.012500 0.010937
0 0.465625 0.325000 0.021875 0.018750
0 0.446875 0.332813 0.021875 0.018750
0 0.242188 0.291406 0.012500 0.010937
0 0.231250 0.283594 0.012500 0.010937
0 0.231250 0.299219 0.012500 0.010937
0 0.231250 0.332031 0.012500 0.010937
0 0.298438 0.284375 0.021875 0.018750
0 0.298438 0.332813 0.021875 0.018750
0 0.298438 0.300000 0.021875 0.018750
0 0.278125 0.292187 0.021875 0.018750
0 0.096875 0.380469 0.012500 0.010937
0 0.084375 0.388281 0.012500 0.010937
0 0.084375 0.413281 0.012500 0.010937
0 0.142187 0.381250 0.021875 0.018750
0 0.121875 0.389062 0.021875 0.018750
0 0.121875 0.412500 0.021875 0.018750
