9 0.862500 0.364844 0.003125 0.067187
9 0.753125 0.364844 0.003125 0.067187
9 0.526563 0.364844 0.003125 0.067187
9 0.301563 0.364844 0.003125 0.067187
9 0.075000 0.364844 0.003125 0.067187
9 0.935156 0.341406 0.001563 0.060937
2 0.885938 0.316406 0.015625 0.045312
2 0.904687 0.307031 0.015625 0.045312
9 0.789844 0.337500 0.001563 0.053125
2 0.776563 0.307031 0.015625 0.045312
9 0.682031 0.380469 0.001563 0.139063
2 0.551562 0.332031 0.015625 0.045312
2 0.551562 0.388281 0.015625 0.045312
2 0.567187 0.355469 0.015625 0.045312
2 0.584375 0.324219 0.015625 0.045312
2 0.584375 0.380469 0.015625 0.045312
2 0.601562 0.347656 0.015625 0.045312
2 0.601562 0.403906 0.015625 0.045312
2 0.618750 0.316406 0.015625 0.045312
2 0.618750 0.372656 0.015625 0.045312
2 0.634375 0.339844 0.015625 0.045312
2 0.634375 0.396094 0.015625 0.045312
2 0.651563 0.307031 0.015625 0.045312
2 0.651563 0.364844 0.015625 0.045312
9 0.455469 0.375781 0.001563 0.129688
2 0.325000 0.332031 0.015625 0.045312
2 0.325000 0.388281 0.015625 0.045312
2 0.340625 0.355469 0.015625 0.045312
2 0.357812 0.324219 0.015625 0.045312
2 0.357812 0.380469 0.015625 0.045312
2 0.375000 0.347656 0.015625 0.045312
2 0.392188 0.316406 0.015625 0.045312
2 0.392188 0.372656 0.015625 0.045312
2 0.407813 0.339844 0.015625 0.045312
2 0.407813 0.396094 0.015625 0.045312
2 0.425000 0.307031 0.015625 0.045312
2 0.425000 0.364844 0.015625 0.045312
9 0.228906 0.371875 0.001563 0.121875
2 0.098437 0.332031 0.015625 0.045312
2 0.098437 0.388281 0.015625 0.045312
2 0.115625 0.355469 0.015625 0.045312
2 0.131250 0.324219 0.015625 0.045312
2 0.131250 0.380469 0.015625 0.045312
2 0.148438 0.347656 0.015625 0.045312
2 0.165625 0.316406 0.015625 0.045312
2 0.165625 0.372656 0.015625 0.045312
2 0.182812 0.339844 0.015625 0.045312
2 0.198437 0.307031 0.015625 0.045312
2 0.198437 0.364844 0.015625 0.045312
9 0.003906 0.368750 0.001563 0.115625
0 0.945312 0.307812 0.021875 0.018750
0 0.925000 0.315625 0.021875 0.018750
0 0.800000 0.307812 0.021875 0.018750
0 0.692187 0.307812 0.021875 0.018750
0 0.692187 0.325000 0.021875 0.018750
0 0.692187 0.340625 0.021875 0.018750
0 0.692187 0.356250 0.021875 0.018750
0 0.692187 0.373437 0.021875 0.018750
0 0.692187 0.389062 0.021875 0.018750
0 0.692187 0.404687 0.021875 0.018750
0 0.673438 0.315625 0.021875 0.018750
0 0.673438 0.332813 0.021875 0.018750
0 0.673438 0.348438 0.021875 0.018750
0 0.673438 0.364063 0.021875 0.018750
0 0.673438 0.381250 0.021875 0.018750
0 0.673438 0.396875 0.021875 0.018750
0 0.465625 0.307812 0.021875 0.018750
0 0.465625 0.325000 0.021875 0.018750
0 0.465625 0.340625 0.021875 0.018750
0 0.465625 0.356250 0.021875 0.018750
0 0.465625 0.373437 0.021875 0.018750
0 0.465625 0.389062 0.021875 0.018750
0 0.446875 0.315625 0.021875 0.018750
0 0.446875 0.332813 0.021875 0.018750
0 0.446875 0.348438 0.021875 0.018750
0 0.446875 0.364063 0.021875 0.018750
0 0.446875 0.381250 0.021875 0.018750
0 0.446875 0.396875 0.021875 0.018750
0 0.239063 0.307812 0.021875 0.018750
0 0.239063 0.325000 0.021875 0.018750
0 0.239063 0.340625 0.021875 0.018750
0 0.239063 0.356250 0.021875 0.018750
0 0.239063 0.373437 0.021875 0.018750
0 0.239063 0.389062 0.021875 0.018750
0 0.220312 0.315625 0.021875 0.018750
0 0.220312 0.332813 0.021875 0.018750
0 0.220312 0.348438 0.021875 0.018750
0 0.220312 0.364063 0.021875 0.018750
0 0.220312 0.381250 0.021875 0.018750
0 0.014063 0.307812 0.021875 0.018750
0 0.014063 0.325000 0.021875 0.018750
0 0.014063 0.340625 0.021875 0.018750
0 0.014063 0.356250 0.021875 0.018750
0 0.014063 0.373437 0.021875 0.018750
