9 0.860938 0.364844 0.003125 0.067187
9 0.673438 0.364844 0.003125 0.067187
9 0.525000 0.364844 0.003125 0.067187
9 0.404687 0.364844 0.003125 0.067187
9 0.273438 0.364844 0.003125 0.067187
9 0.157812 0.364844 0.003125 0.067187
9 0.037500 0.364844 0.003125 0.067187
9 0.814844 0.344531 0.001563 0.129688
3 0.696094 0.364063 0.014063 0.040625
3 0.713281 0.340625 0.014063 0.040625
3 0.713281 0.396875 0.014063 0.040625
3 0.730469 0.356250 0.014063 0.040625
3 0.747656 0.323437 0.014063 0.040625
3 0.747656 0.379688 0.014063 0.040625
3 0.766406 0.348438 0.014063 0.040625
3 0.766406 0.404687 0.014063 0.040625
3 0.783594 0.315625 0.014063 0.040625
3 0.783594 0.371875 0.014063 0.040625
9 0.627344 0.372656 0.001563 0.154688
3 0.547656 0.364063 0.014063 0.040625
3 0.564844 0.348438 0.014063 0.040625
3 0.577344 0.389062 0.014063 0.040625
3 0.594531 0.331250 0.014063 0.040625
3 0.594531 0.379688 0.014063 0.040625
3 0.594531 0.445312 0.014063 0.040625
9 0.458594 0.357031 0.001563 0.060937
5 0.428125 0.323437 0.015625 0.015625
9 0.338281 0.357031 0.001563 0.060937
6 0.302344 0.314844 0.026562 0.039062
9 0.207031 0.357031 0.001563 0.060937
4 0.178906 0.323437 0.010937 0.043750
9 0.091406 0.357031 0.001563 0.060937
2 0.060937 0.324219 0.015625 0.045312
0 0.825000 0.325000 0.021875 0.018750
0 0.825000 0.348438 0.021875 0.018750
0 0.825000 0.364063 0.021875 0.018750
0 0.825000 0.381250 0.021875 0.018750
0 0.825000 0.404687 0.021875 0.018750
0 0.806250 0.332813 0.021875 0.018750
0 0.806250 0.356250 0.021875 0.018750
0 0.806250 0.373437 0.021875 0.018750
0 0.806250 0.389062 0.021875 0.018750
0 0.806250 0.412500 0.021875 0.018750
0 0.637500 0.389062 0.021875 0.018750
0 0.617188 0.340625 0.021875 0.018750
0 0.617188 0.356250 0.021875 0.018750
0 0.617188 0.373437 0.021875 0.018750
0 0.617188 0.396875 0.021875 0.018750
0 0.617188 0.453125 0.021875 0.018750
0 0.468750 0.325000 0.021875 0.018750
0 0.448437 0.332813 0.021875 0.018750
0 0.348438 0.325000 0.021875 0.018750
0 0.328125 0.332813 0.021875 0.018750
0 0.217188 0.325000 0.021875 0.018750
0 0.198437 0.332813 0.021875 0.018750
0 0.101562 0.325000 0.021875 0.018750
0 0.082812 0.332813 0.021875 0.018750
