7 0.262500 0.366406 0.043750 0.114062
14 0.876563 0.364844 0.003125 0.067187
11 0.997656 0.367188 0.004687 0.028125
14 0.971094 0.390625 0.017188 0.053125
9 0.963281 0.416406 0.001563 0.101562
14 0.922656 0.434375 0.020313 0.053125
9 0.913281 0.396094 0.001563 0.123438
2 0.900000 0.469531 0.015625 0.045312
11 0.828125 0.367188 0.015625 0.028125
14 0.797656 0.390625 0.017188 0.053125
9 0.789844 0.412500 0.001563 0.093750
14 0.749219 0.434375 0.020313 0.053125
9 0.739844 0.396094 0.001563 0.123438
2 0.726562 0.461719 0.015625 0.045312
4 0.728906 0.404687 0.010937 0.043750
11 0.693750 0.367188 0.015625 0.028125
14 0.661719 0.390625 0.017188 0.053125
9 0.653906 0.407813 0.001563 0.084375
14 0.613281 0.434375 0.020313 0.053125
9 0.603906 0.396094 0.001563 0.123438
2 0.590625 0.452344 0.015625 0.045312
11 0.557813 0.367188 0.015625 0.028125
14 0.525781 0.390625 0.017188 0.053125
9 0.517969 0.403906 0.001563 0.076563
14 0.477344 0.434375 0.020313 0.053125
9 0.467969 0.396094 0.001563 0.123438
2 0.454688 0.444531 0.015625 0.045312
4 0.457031 0.331250 0.010937 0.043750
11 0.421875 0.367188 0.015625 0.028125
14 0.391406 0.390625 0.017188 0.053125
9 0.383594 0.400000 0.001563 0.068750
14 0.341406 0.434375 0.020313 0.053125
9 0.332031 0.396094 0.001563 0.123438
2 0.318750 0.436719 0.015625 0.045312
0 0.954688 0.470313 0.021875 0.018750
0 0.923438 0.332813 0.021875 0.018750
0 0.923438 0.404687 0.021875 0.018750
0 0.781250 0.460938 0.021875 0.018750
0 0.750000 0.332813 0.021875 0.018750
0 0.750000 0.404687 0.021875 0.018750
0 0.645312 0.453125 0.021875 0.018750
0 0.614062 0.332813 0.021875 0.018750
0 0.614062 0.404687 0.021875 0.018750
0 0.509375 0.445312 0.021875 0.018750
0 0.478125 0.404687 0.021875 0.018750
0 0.478125 0.332813 0.021875 0.018750
0 0.373437 0.437500 0.021875 0.018750
0 0.342187 0.404687 0.021875 0.018750
0 0.342187 0.332813 0.021875 0.018750
