7 0.214062 0.366406 0.043750 0.114062
9 0.951562 0.364844 0.003125 0.067187
9 0.787500 0.364844 0.003125 0.067187
9 0.668750 0.364844 0.003125 0.067187
9 0.371094 0.364844 0.014063 0.067187
9 0.885156 0.384375 0.001563 0.050000
9 0.819531 0.384375 0.001563 0.050000
4 0.810156 0.356250 0.010937 0.043750
11 0.726562 0.351562 0.018750 0.009375
9 0.602344 0.384375 0.001563 0.050000
9 0.536719 0.384375 0.001563 0.050000
11 0.306250 0.351562 0.018750 0.009375
3 0.488281 0.348438 0.014063 0.040625
3 0.469531 0.371875 0.014063 0.040625
3 0.450781 0.340625 0.014063 0.040625
3 0.432031 0.364063 0.014063 0.040625
3 0.413281 0.331250 0.014063 0.040625
3 0.394531 0.356250 0.014063 0.040625
0 0.895312 0.356250 0.021875 0.018750
0 0.829688 0.356250 0.021875 0.018750
0 0.612500 0.356250 0.021875 0.018750
0 0.546875 0.356250 0.021875 0.018750
