9 0.834375 0.364844 0.003125 0.067187
9 0.700000 0.364844 0.003125 0.067187
9 0.521875 0.364844 0.003125 0.067187
9 0.389062 0.364844 0.003125 0.067187
9 0.190625 0.364844 0.003125 0.067187
9 0.057813 0.364844 0.003125 0.067187
9 0.960156 0.353125 0.001563 0.053125
3 0.947656 0.315625 0.014063 0.040625
9 0.864844 0.384375 0.001563 0.050000
4 0.855469 0.356250 0.010937 0.043750
11 0.765625 0.351562 0.018750 0.009375
9 0.624219 0.370312 0.001563 0.053125
4 0.614844 0.339062 0.010937 0.043750
9 0.549219 0.384375 0.001563 0.050000
11 0.454688 0.351562 0.018750 0.009375
9 0.313281 0.337500 0.001563 0.053125
4 0.302344 0.307812 0.010937 0.043750
9 0.222656 0.384375 0.001563 0.050000
4 0.211719 0.356250 0.010937 0.043750
11 0.121875 0.351562 0.018750 0.009375
9 0.000781 0.345313 0.001563 0.050000
13 0.914844 0.380469 0.032813 0.042188
7 0.676562 0.371875 0.028125 0.075000
13 0.582031 0.396094 0.032813 0.042188
7 0.365625 0.371875 0.028125 0.075000
13 0.271094 0.364844 0.032813 0.042188
7 0.032813 0.371875 0.028125 0.075000
0 0.970313 0.325000 0.021875 0.018750
0 0.875000 0.356250 0.021875 0.018750
0 0.634375 0.340625 0.021875 0.018750
0 0.559375 0.356250 0.021875 0.018750
0 0.323437 0.307812 0.021875 0.018750
0 0.232813 0.356250 0.021875 0.018750
