7 0.214062 0.366406 0.043750 0.114062
14 0.862500 0.364844 0.003125 0.067187
14 0.659375 0.364844 0.003125 0.067187
14 0.446875 0.364844 0.003125 0.067187
14 0.924219 0.314844 0.010937 0.032813
9 0.919531 0.326562 0.001563 0.056250
2 0.882812 0.347656 0.009375 0.026562
4 0.892188 0.355469 0.006250 0.026562
2 0.898438 0.332031 0.009375 0.026562
9 0.960156 0.371094 0.001563 0.073438
14 0.707031 0.274219 0.010937 0.032813
9 0.702344 0.306250 0.001563 0.096875
2 0.681250 0.291406 0.009375 0.026562
2 0.681250 0.324219 0.009375 0.026562
2 0.681250 0.355469 0.009375 0.026562
9 0.721094 0.352344 0.001563 0.114062
14 0.505469 0.314844 0.010937 0.032813
9 0.500781 0.338281 0.001563 0.079687
2 0.468750 0.347656 0.009375 0.026562
2 0.479687 0.332031 0.009375 0.026562
9 0.519531 0.380469 0.001563 0.092188
14 0.292969 0.314844 0.010937 0.032813
9 0.288281 0.338281 0.001563 0.079687
2 0.267188 0.332031 0.009375 0.026562
3 0.267188 0.358594 0.009375 0.023438
9 0.307031 0.380469 0.001563 0.092188
0 0.925000 0.347656 0.012500 0.010937
0 0.914062 0.332031 0.012500 0.010937
0 0.914062 0.357031 0.012500 0.010937
0 0.970313 0.332813 0.021875 0.018750
0 0.970313 0.348438 0.021875 0.018750
0 0.951562 0.356250 0.021875 0.018750
0 0.695312 0.291406 0.012500 0.010937
0 0.695312 0.324219 0.012500 0.010937
0 0.695312 0.357031 0.012500 0.010937
0 0.731250 0.292187 0.021875 0.018750
0 0.731250 0.325000 0.021875 0.018750
0 0.731250 0.356250 0.021875 0.018750
0 0.495312 0.332031 0.012500 0.010937
0 0.495312 0.347656 0.012500 0.010937
0 0.495312 0.380469 0.012500 0.010937
0 0.529687 0.332813 0.021875 0.018750
0 0.529687 0.348438 0.021875 0.018750
0 0.529687 0.381250 0.021875 0.018750
0 0.282813 0.332031 0.012500 0.010937
0 0.282813 0.364844 0.012500 0.010937
0 0.282813 0.380469 0.012500 0.010937
0 0.317188 0.332813 0.021875 0.018750
0 0.317188 0.364063 0.021875 0.018750
0 0.317188 0.381250 0.021875 0.018750
