9 0.881250 0.364844 0.003125 0.067187
9 0.565625 0.364844 0.003125 0.067187
9 0.251563 0.364844 0.003125 0.067187
9 0.928906 0.337500 0.001563 0.053125
6 0.910156 0.299219 0.026562 0.039062
9 0.807031 0.380469 0.001563 0.139063
6 0.594531 0.322656 0.026562 0.039062
6 0.594531 0.378906 0.026562 0.039062
6 0.624219 0.347656 0.026562 0.039062
6 0.653906 0.314844 0.026562 0.039062
6 0.653906 0.371094 0.026562 0.039062
6 0.683594 0.339844 0.026562 0.039062
6 0.683594 0.396094 0.026562 0.039062
6 0.713281 0.307031 0.026562 0.039062
6 0.713281 0.363281 0.026562 0.039062
6 0.742969 0.330469 0.026562 0.039062
6 0.742969 0.388281 0.026562 0.039062
6 0.772656 0.299219 0.026562 0.039062
6 0.772656 0.355469 0.026562 0.039062
9 0.492969 0.375781 0.001563 0.129688
6 0.280469 0.322656 0.026562 0.039062
6 0.280469 0.378906 0.026562 0.039062
6 0.310156 0.347656 0.026562 0.039062
6 0.339844 0.314844 0.026562 0.039062
6 0.339844 0.371094 0.026562 0.039062
6 0.367969 0.339844 0.026562 0.039062
6 0.397656 0.307031 0.026562 0.039062
6 0.397656 0.363281 0.026562 0.039062
6 0.427344 0.330469 0.026562 0.039062
6 0.427344 0.388281 0.026562 0.039062
6 0.457031 0.299219 0.026562 0.039062
6 0.457031 0.355469 0.026562 0.039062
9 0.177344 0.371875 0.001563 0.121875
6 0.024219 0.371094 0.026562 0.039062
6 0.024219 0.314844 0.026562 0.039062
6 0.053906 0.339844 0.026562 0.039062
6 0.083594 0.307031 0.026562 0.039062
6 0.083594 0.363281 0.026562 0.039062
6 0.113281 0.330469 0.026562 0.039062
6 0.141406 0.299219 0.026562 0.039062
6 0.141406 0.355469 0.026562 0.039062
0 0.939063 0.307812 0.021875 0.018750
0 0.817187 0.307812 0.021875 0.018750
0 0.817187 0.325000 0.021875 0.018750
0 0.817187 0.340625 0.021875 0.018750
0 0.817187 0.356250 0.021875 0.018750
0 0.817187 0.373437 0.021875 0.018750
0 0.817187 0.389062 0.021875 0.018750
0 0.817187 0.404687 0.021875 0.018750
0 0.798438 0.315625 0.021875 0.018750
0 0.798438 0.332813 0.021875 0.018750
0 0.798438 0.348438 0.021875 0.018750
0 0.798438 0.364063 0.021875 0.018750
0 0.798438 0.381250 0.021875 0.018750
0 0.798438 0.396875 0.021875 0.018750
0 0.503125 0.307812 0.021875 0.018750
0 0.503125 0.325000 0.021875 0.018750
0 0.503125 0.340625 0.021875 0.018750
0 0.503125 0.356250 0.021875 0.018750
0 0.503125 0.373437 0.021875 0.018750
0 0.503125 0.389062 0.021875 0.018750
0 0.482812 0.315625 0.021875 0.018750
0 0.482812 0.332813 0.021875 0.018750
0 0.482812 0.348438 0.021875 0.018750
0 0.482812 0.364063 0.021875 0.018750
0 0.482812 0.381250 0.021875 0.018750
0 0.482812 0.396875 0.021875 0.018750
0 0.187500 0.307812 0.021875 0.018750
0 0.187500 0.325000 0.021875 0.018750
0 0.187500 0.340625 0.021875 0.018750
0 0.187500 0.356250 0.021875 0.018750
0 0.187500 0.373437 0.021875 0.018750
0 0.187500 0.389062 0.021875 0.018750
0 0.168750 0.381250 0.021875 0.018750
0 0.168750 0.315625 0.021875 0.018750
0 0.168750 0.332813 0.021875 0.018750
0 0.168750 0.348438 0.021875 0.018750
0 0.168750 0.364063 0.021875 0.018750
