9 0.853125 0.364844 0.018750 0.067187
9 0.360938 0.364844 0.003125 0.067187
9 0.763281 0.345313 0.001563 0.050000
9 0.732031 0.391406 0.001563 0.114062
2 0.720313 0.372656 0.015625 0.045312
9 0.652344 0.337500 0.001563 0.046875
9 0.621094 0.391406 0.001563 0.114062
2 0.607812 0.364844 0.015625 0.045312
9 0.539844 0.330469 0.001563 0.045312
9 0.508594 0.391406 0.001563 0.114062
2 0.495312 0.355469 0.015625 0.045312
9 0.427344 0.323437 0.001563 0.043750
9 0.397656 0.391406 0.001563 0.114062
2 0.384375 0.347656 0.015625 0.045312
4 0.386719 0.404687 0.010937 0.043750
9 0.278906 0.344531 0.001563 0.114062
9 0.247656 0.397656 0.001563 0.045312
2 0.234375 0.372656 0.015625 0.045312
9 0.166406 0.344531 0.001563 0.114062
9 0.135156 0.390625 0.001563 0.046875
2 0.121875 0.364844 0.015625 0.045312
9 0.055469 0.344531 0.001563 0.114062
9 0.024219 0.384375 0.001563 0.050000
2 0.010937 0.355469 0.015625 0.045312
0 0.754687 0.373437 0.021875 0.018750
0 0.742188 0.332813 0.021875 0.018750
0 0.742188 0.404687 0.021875 0.018750
0 0.642188 0.364063 0.021875 0.018750
0 0.631250 0.332813 0.021875 0.018750
0 0.631250 0.404687 0.021875 0.018750
0 0.531250 0.356250 0.021875 0.018750
0 0.518750 0.332813 0.021875 0.018750
0 0.518750 0.404687 0.021875 0.018750
0 0.418750 0.348438 0.021875 0.018750
0 0.407813 0.332813 0.021875 0.018750
0 0.407813 0.404687 0.021875 0.018750
0 0.268750 0.332813 0.021875 0.018750
0 0.268750 0.404687 0.021875 0.018750
0 0.257812 0.373437 0.021875 0.018750
0 0.157812 0.404687 0.021875 0.018750
0 0.157812 0.332813 0.021875 0.018750
0 0.145313 0.364063 0.021875 0.018750
0 0.045312 0.332813 0.021875 0.018750
0 0.045312 0.404687 0.021875 0.018750
0 0.034375 0.356250 0.021875 0.018750
