9 0.860938 0.364844 0.003125 0.067187
9 0.718750 0.364844 0.003125 0.067187
9 0.573438 0.364844 0.003125 0.067187
9 0.429688 0.364844 0.003125 0.067187
9 0.289062 0.364844 0.003125 0.067187
9 0.143750 0.364844 0.003125 0.067187
15 0.775781 0.322656 0.010937 0.032813
9 0.771094 0.342187 0.001563 0.071875
3 0.739062 0.358594 0.009375 0.023438
3 0.750000 0.335156 0.009375 0.023438
3 0.750000 0.375781 0.009375 0.023438
9 0.789844 0.385937 0.001563 0.084375
15 0.632031 0.297656 0.010937 0.032813
9 0.627344 0.314844 0.001563 0.064062
2 0.593750 0.332031 0.009375 0.026562
2 0.606250 0.314844 0.009375 0.026562
2 0.606250 0.347656 0.009375 0.026562
9 0.646094 0.360938 0.001563 0.084375
15 0.485156 0.330469 0.010937 0.032813
9 0.480469 0.353906 0.001563 0.079687
4 0.448437 0.396094 0.006250 0.026562
2 0.459375 0.347656 0.009375 0.026562
2 0.459375 0.388281 0.009375 0.026562
9 0.521094 0.347656 0.001563 0.092188
15 0.341406 0.353906 0.010937 0.032813
9 0.336719 0.367188 0.001563 0.056250
3 0.309375 0.391406 0.009375 0.023438
3 0.315625 0.375781 0.009375 0.023438
9 0.377344 0.357031 0.001563 0.073438
15 0.202344 0.371094 0.010937 0.032813
9 0.197656 0.394531 0.001563 0.079687
2 0.164062 0.403906 0.009375 0.026562
2 0.176563 0.388281 0.009375 0.026562
2 0.176563 0.436719 0.009375 0.026562
9 0.236719 0.383594 0.001563 0.101562
15 0.036719 0.297656 0.010937 0.032813
9 0.032031 0.318750 0.001563 0.071875
2 0.001563 0.347656 0.003125 0.026562
2 0.009375 0.314844 0.009375 0.026562
2 0.009375 0.355469 0.009375 0.026562
9 0.071094 0.364063 0.001563 0.090625
0 0.764062 0.339844 0.012500 0.010937
0 0.764062 0.364844 0.012500 0.010937
0 0.764062 0.380469 0.012500 0.010937
0 0.800000 0.340625 0.021875 0.018750
0 0.800000 0.364063 0.021875 0.018750
0 0.800000 0.381250 0.021875 0.018750
0 0.620313 0.316406 0.012500 0.010937
0 0.620313 0.332031 0.012500 0.010937
0 0.620313 0.347656 0.012500 0.010937
0 0.656250 0.315625 0.021875 0.018750
0 0.656250 0.332813 0.021875 0.018750
0 0.656250 0.348438 0.021875 0.018750
0 0.485938 0.388281 0.012500 0.010937
0 0.473438 0.347656 0.012500 0.010937
0 0.473438 0.396094 0.012500 0.010937
0 0.531250 0.389062 0.021875 0.018750
0 0.510938 0.348438 0.021875 0.018750
0 0.510938 0.396875 0.021875 0.018750
0 0.342187 0.372656 0.012500 0.010937
0 0.331250 0.380469 0.012500 0.010937
0 0.331250 0.396094 0.012500 0.010937
0 0.387500 0.373437 0.021875 0.018750
0 0.367188 0.381250 0.021875 0.018750
0 0.367188 0.396875 0.021875 0.018750
0 0.190625 0.388281 0.012500 0.010937
0 0.190625 0.405469 0.012500 0.010937
0 0.190625 0.436719 0.012500 0.010937
0 0.226562 0.389062 0.021875 0.018750
0 0.226562 0.404687 0.021875 0.018750
0 0.226562 0.437500 0.021875 0.018750
0 0.037500 0.347656 0.012500 0.010937
0 0.025000 0.316406 0.012500 0.010937
0 0.025000 0.357031 0.012500 0.010937
0 0.081250 0.315625 0.021875 0.018750
0 0.081250 0.348438 0.021875 0.018750
0 0.062500 0.356250 0.021875 0.018750
