7 0.214062 0.366406 0.043750 0.114062
9 0.968750 0.364844 0.003125 0.067187
9 0.728125 0.364844 0.003125 0.067187
9 0.487500 0.364844 0.003125 0.067187
3 0.991406 0.300000 0.014063 0.040625
9 0.885156 0.380469 0.001563 0.139063
3 0.750781 0.323437 0.014063 0.040625
3 0.750781 0.379688 0.014063 0.040625
3 0.767969 0.348438 0.014063 0.040625
3 0.786719 0.315625 0.014063 0.040625
3 0.786719 0.371875 0.014063 0.040625
3 0.803906 0.340625 0.014063 0.040625
3 0.803906 0.396875 0.014063 0.040625
3 0.821094 0.307812 0.014063 0.040625
3 0.821094 0.364063 0.014063 0.040625
3 0.838281 0.331250 0.014063 0.040625
3 0.838281 0.389062 0.014063 0.040625
3 0.855469 0.300000 0.014063 0.040625
3 0.855469 0.356250 0.014063 0.040625
9 0.644531 0.375781 0.001563 0.129688
3 0.510156 0.323437 0.014063 0.040625
3 0.510156 0.379688 0.014063 0.040625
3 0.527344 0.348438 0.014063 0.040625
3 0.544531 0.315625 0.014063 0.040625
3 0.544531 0.371875 0.014063 0.040625
3 0.561719 0.340625 0.014063 0.040625
3 0.580469 0.307812 0.014063 0.040625
3 0.580469 0.364063 0.014063 0.040625
3 0.597656 0.331250 0.014063 0.040625
3 0.597656 0.389062 0.014063 0.040625
3 0.614844 0.300000 0.014063 0.040625
3 0.614844 0.356250 0.014063 0.040625
9 0.403906 0.371875 0.001563 0.121875
3 0.269531 0.323437 0.014063 0.040625
3 0.269531 0.379688 0.014063 0.040625
3 0.286719 0.348438 0.014063 0.040625
3 0.303906 0.315625 0.014063 0.040625
3 0.303906 0.371875 0.014063 0.040625
3 0.321094 0.340625 0.014063 0.040625
3 0.338281 0.307812 0.014063 0.040625
3 0.338281 0.364063 0.014063 0.040625
3 0.357031 0.331250 0.014063 0.040625
3 0.374219 0.300000 0.014063 0.040625
3 0.374219 0.356250 0.014063 0.040625
0 0.895312 0.307812 0.021875 0.018750
0 0.895312 0.325000 0.021875 0.018750
0 0.895312 0.340625 0.021875 0.018750
0 0.895312 0.356250 0.021875 0.018750
0 0.895312 0.373437 0.021875 0.018750
0 0.895312 0.389062 0.021875 0.018750
0 0.895312 0.404687 0.021875 0.018750
0 0.876563 0.315625 0.021875 0.018750
0 0.876563 0.332813 0.021875 0.018750
0 0.876563 0.348438 0.021875 0.018750
0 0.876563 0.364063 0.021875 0.018750
0 0.876563 0.381250 0.021875 0.018750
0 0.876563 0.396875 0.021875 0.018750
0 0.654687 0.307812 0.021875 0.018750
0 0.654687 0.325000 0.021875 0.018750
0 0.654687 0.340625 0.021875 0.018750
0 0.654687 0.356250 0.021875 0.018750
0 0.654687 0.373437 0.021875 0.018750
0 0.654687 0.389062 0.021875 0.018750
0 0.635938 0.315625 0.021875 0.018750
0 0.635938 0.332813 0.021875 0.018750
0 0.635938 0.348438 0.021875 0.018750
0 0.635938 0.364063 0.021875 0.018750
0 0.635938 0.381250 0.021875 0.018750
0 0.635938 0.396875 0.021875 0.018750
0 0.414062 0.307812 0.021875 0.018750
0 0.414062 0.325000 0.021875 0.018750
0 0.414062 0.340625 0.021875 0.018750
0 0.414062 0.356250 0.021875 0.018750
0 0.414062 0.373437 0.021875 0.018750
0 0.414062 0.389062 0.021875 0.018750
0 0.393750 0.315625 0.021875 0.018750
0 0.393750 0.332813 0.021875 0.018750
0 0.393750 0.348438 0.021875 0.018750
0 0.393750 0.364063 0.021875 0.018750
0 0.393750 0.381250 0.021875 0.018750
