9 0.860938 0.364844 0.003125 0.067187
9 0.748437 0.364844 0.003125 0.067187
9 0.635938 0.364844 0.003125 0.067187
9 0.521875 0.364844 0.003125 0.067187
9 0.409375 0.364844 0.003125 0.067187
9 0.295312 0.364844 0.003125 0.067187
9 0.182812 0.364844 0.003125 0.067187
9 0.070312 0.364844 0.003125 0.067187
9 0.788281 0.363281 0.001563 0.104688
9 0.675781 0.360156 0.001563 0.098437
9 0.563281 0.357031 0.001563 0.092188
9 0.449219 0.353906 0.001563 0.085938
9 0.336719 0.350000 0.001563 0.078125
9 0.222656 0.346094 0.001563 0.070312
9 0.110156 0.341406 0.001563 0.060937
0 0.798438 0.307812 0.021875 0.018750
0 0.798438 0.325000 0.021875 0.018750
0 0.798438 0.340625 0.021875 0.018750
0 0.798438 0.356250 0.021875 0.018750
0 0.779687 0.315625 0.021875 0.018750
0 0.779687 0.332813 0.021875 0.018750
0 0.779687 0.348438 0.021875 0.018750
0 0.779687 0.364063 0.021875 0.018750
0 0.685937 0.307812 0.021875 0.018750
0 0.685937 0.325000 0.021875 0.018750
0 0.685937 0.340625 0.021875 0.018750
0 0.685937 0.356250 0.021875 0.018750
0 0.667188 0.315625 0.021875 0.018750
0 0.667188 0.332813 0.021875 0.018750
0 0.667188 0.348438 0.021875 0.018750
0 0.573438 0.307812 0.021875 0.018750
0 0.573438 0.325000 0.021875 0.018750
0 0.573438 0.340625 0.021875 0.018750
0 0.553125 0.315625 0.021875 0.018750
0 0.553125 0.332813 0.021875 0.018750
0 0.553125 0.348438 0.021875 0.018750
0 0.459375 0.307812 0.021875 0.018750
0 0.459375 0.325000 0.021875 0.018750
0 0.459375 0.340625 0.021875 0.018750
0 0.440625 0.315625 0.021875 0.018750
0 0.440625 0.332813 0.021875 0.018750
0 0.346875 0.307812 0.021875 0.018750
0 0.346875 0.325000 0.021875 0.018750
0 0.326562 0.315625 0.021875 0.018750
0 0.326562 0.332813 0.021875 0.018750
0 0.232813 0.307812 0.021875 0.018750
0 0.232813 0.325000 0.021875 0.018750
0 0.214062 0.315625 0.021875 0.018750
0 0.120313 0.307812 0.021875 0.018750
0 0.101562 0.315625 0.021875 0.018750
0 0.009375 0.307812 0.018750 0.018750
