9 0.859375 0.364844 0.003125 0.067187
9 0.676562 0.364844 0.003125 0.067187
9 0.487500 0.364844 0.003125 0.067187
9 0.332813 0.364844 0.003125 0.067187
9 0.139063 0.364844 0.003125 0.067187
9 0.913281 0.346094 0.001563 0.101562
3 0.883594 0.331250 0.014063 0.040625
3 0.900781 0.315625 0.014063 0.040625
9 0.758594 0.373437 0.001563 0.093750
2 0.700000 0.332031 0.015625 0.045312
2 0.717187 0.355469 0.015625 0.045312
4 0.730469 0.323437 0.010937 0.043750
9 0.575781 0.346094 0.001563 0.101562
2 0.510938 0.299219 0.015625 0.045312
2 0.528125 0.324219 0.015625 0.045312
2 0.545312 0.291406 0.015625 0.045312
9 0.386719 0.343750 0.001563 0.115625
2 0.356250 0.347656 0.015625 0.045312
2 0.373437 0.316406 0.015625 0.045312
9 0.232031 0.373437 0.001563 0.093750
2 0.162500 0.332031 0.015625 0.045312
2 0.181250 0.347656 0.015625 0.045312
2 0.200000 0.324219 0.015625 0.045312
9 0.038281 0.370312 0.001563 0.087500
3 0.008594 0.315625 0.014063 0.040625
0 0.923438 0.292187 0.021875 0.018750
0 0.923438 0.307812 0.021875 0.018750
0 0.923438 0.325000 0.021875 0.018750
0 0.923438 0.340625 0.021875 0.018750
0 0.768750 0.325000 0.021875 0.018750
0 0.768750 0.356250 0.021875 0.018750
0 0.768750 0.373437 0.021875 0.018750
0 0.750000 0.332813 0.021875 0.018750
0 0.585938 0.292187 0.021875 0.018750
0 0.585938 0.325000 0.021875 0.018750
0 0.585938 0.340625 0.021875 0.018750
0 0.565625 0.300000 0.021875 0.018750
0 0.396875 0.284375 0.021875 0.018750
0 0.396875 0.315625 0.021875 0.018750
0 0.396875 0.348438 0.021875 0.018750
0 0.242188 0.325000 0.021875 0.018750
0 0.242188 0.348438 0.021875 0.018750
0 0.242188 0.373437 0.021875 0.018750
0 0.221875 0.332813 0.021875 0.018750
0 0.048438 0.325000 0.021875 0.018750
0 0.048438 0.364063 0.021875 0.018750
0 0.028125 0.332813 0.021875 0.018750
