9 0.895312 0.364844 0.003125 0.067187
9 0.748437 0.364844 0.003125 0.067187
9 0.582812 0.364844 0.003125 0.067187
9 0.417187 0.364844 0.003125 0.067187
9 0.125000 0.364844 0.003125 0.067187
9 0.971094 0.362500 0.001563 0.109375
2 0.918750 0.364844 0.015625 0.045312
2 0.918750 0.421094 0.015625 0.045312
5 0.937500 0.356250 0.015625 0.015625
5 0.937500 0.412500 0.015625 0.015625
9 0.821094 0.340625 0.001563 0.109375
5 0.773438 0.300000 0.015625 0.015625
5 0.773438 0.323437 0.015625 0.015625
2 0.792188 0.283594 0.015625 0.045312
2 0.792188 0.339844 0.015625 0.045312
9 0.674219 0.353125 0.001563 0.100000
2 0.606250 0.324219 0.015625 0.045312
5 0.625000 0.315625 0.015625 0.015625
2 0.643750 0.299219 0.015625 0.045312
5 0.643750 0.339062 0.015625 0.015625
9 0.507031 0.340625 0.001563 0.109375
2 0.440625 0.307031 0.015625 0.045312
5 0.459375 0.300000 0.015625 0.015625
5 0.459375 0.323437 0.015625 0.015625
2 0.478125 0.283594 0.015625 0.045312
2 0.478125 0.339844 0.015625 0.045312
15 0.373437 0.298438 0.021875 0.015625
15 0.372656 0.418750 0.020313 0.053125
9 0.363281 0.384375 0.001563 0.115625
2 0.276562 0.372656 0.015625 0.045312
2 0.295312 0.347656 0.015625 0.045312
2 0.314063 0.332031 0.015625 0.045312
3 0.314844 0.379688 0.014063 0.040625
4 0.336719 0.323437 0.010937 0.043750
2 0.332813 0.380469 0.015625 0.045312
15 0.250781 0.403125 0.020313 0.053125
9 0.241406 0.380469 0.001563 0.092188
2 0.148438 0.355469 0.015625 0.045312
2 0.167187 0.364844 0.015625 0.045312
4 0.183594 0.348438 0.010937 0.043750
3 0.200781 0.364063 0.014063 0.040625
2 0.210938 0.332031 0.015625 0.045312
9 0.069531 0.403906 0.001563 0.126562
2 0.003125 0.428906 0.006250 0.045312
2 0.017188 0.421094 0.015625 0.045312
2 0.037500 0.403906 0.015625 0.045312
2 0.037500 0.461719 0.015625 0.045312
0 0.981250 0.364063 0.021875 0.018750
0 0.981250 0.412500 0.021875 0.018750
0 0.960938 0.356250 0.021875 0.018750
0 0.960938 0.373437 0.021875 0.018750
0 0.960938 0.389062 0.021875 0.018750
0 0.960938 0.421875 0.021875 0.018750
0 0.831250 0.284375 0.021875 0.018750
0 0.831250 0.300000 0.021875 0.018750
0 0.831250 0.325000 0.021875 0.018750
0 0.831250 0.340625 0.021875 0.018750
0 0.810937 0.307812 0.021875 0.018750
0 0.684375 0.300000 0.021875 0.018750
0 0.684375 0.315625 0.021875 0.018750
0 0.684375 0.340625 0.021875 0.018750
0 0.665625 0.325000 0.021875 0.018750
0 0.665625 0.348438 0.021875 0.018750
0 0.517188 0.284375 0.021875 0.018750
0 0.517188 0.300000 0.021875 0.018750
0 0.517188 0.325000 0.021875 0.018750
0 0.517188 0.340625 0.021875 0.018750
0 0.498437 0.307812 0.021875 0.018750
0 0.373437 0.325000 0.021875 0.018750
0 0.373437 0.340625 0.021875 0.018750
0 0.373437 0.356250 0.021875 0.018750
0 0.373437 0.373437 0.021875 0.018750
0 0.373437 0.389062 0.021875 0.018750
0 0.354687 0.332813 0.021875 0.018750
0 0.354687 0.348438 0.021875 0.018750
0 0.354687 0.364063 0.021875 0.018750
0 0.354687 0.381250 0.021875 0.018750
0 0.251563 0.332813 0.021875 0.018750
0 0.251563 0.348438 0.021875 0.018750
0 0.251563 0.364063 0.021875 0.018750
0 0.232813 0.340625 0.021875 0.018750
0 0.232813 0.356250 0.021875 0.018750
0 0.232813 0.373437 0.021875 0.018750
0 0.079687 0.396875 0.021875 0.018750
0 0.079687 0.412500 0.021875 0.018750
0 0.079687 0.429688 0.021875 0.018750
0 0.079687 0.445312 0.021875 0.018750
0 0.079687 0.460938 0.021875 0.018750
0 0.060937 0.404687 0.021875 0.018750
0 0.060937 0.421875 0.021875 0.018750
0 0.060937 0.437500 0.021875 0.018750
0 0.060937 0.453125 0.021875 0.018750
0 0.060937 0.470313 0.021875 0.018750
