9 0.860938 0.364844 0.003125 0.067187
9 0.362500 0.364844 0.003125 0.067187
12 0.817187 0.367188 0.015625 0.028125
15 0.772656 0.434375 0.020313 0.053125
9 0.763281 0.396094 0.001563 0.123438
4 0.753906 0.331250 0.010937 0.043750
15 0.747656 0.301563 0.017188 0.053125
9 0.739844 0.303125 0.001563 0.053125
2 0.706250 0.332031 0.015625 0.045312
12 0.676562 0.367188 0.015625 0.028125
15 0.630469 0.434375 0.020313 0.053125
9 0.621094 0.396094 0.001563 0.123438
15 0.625781 0.293750 0.017188 0.053125
9 0.617969 0.295312 0.001563 0.053125
2 0.585938 0.324219 0.015625 0.045312
12 0.556250 0.367188 0.015625 0.028125
15 0.508594 0.434375 0.020313 0.053125
9 0.499219 0.396094 0.001563 0.123438
15 0.525781 0.285938 0.017188 0.053125
9 0.517969 0.285938 0.001563 0.053125
2 0.485938 0.316406 0.015625 0.045312
12 0.456250 0.367188 0.015625 0.028125
15 0.408594 0.434375 0.020313 0.053125
9 0.399219 0.396094 0.001563 0.123438
15 0.427344 0.276562 0.017188 0.053125
9 0.419531 0.278125 0.001563 0.053125
2 0.385937 0.307031 0.015625 0.045312
12 0.318750 0.367188 0.015625 0.028125
15 0.271094 0.434375 0.020313 0.053125
9 0.261719 0.396094 0.001563 0.123438
15 0.288281 0.268750 0.017188 0.053125
9 0.280469 0.270313 0.001563 0.053125
2 0.248438 0.299219 0.015625 0.045312
12 0.218750 0.367188 0.015625 0.028125
15 0.171094 0.434375 0.020313 0.053125
9 0.161719 0.396094 0.001563 0.123438
15 0.189844 0.260937 0.017188 0.053125
9 0.182031 0.262500 0.001563 0.053125
2 0.148438 0.291406 0.015625 0.045312
4 0.150781 0.404687 0.010937 0.043750
12 0.118750 0.367188 0.015625 0.028125
15 0.071094 0.434375 0.020313 0.053125
9 0.061719 0.396094 0.001563 0.123438
15 0.089844 0.253125 0.017188 0.053125
9 0.082031 0.254688 0.001563 0.053125
2 0.048438 0.283594 0.015625 0.045312
12 0.018750 0.367188 0.015625 0.028125
0 0.773438 0.332813 0.021875 0.018750
0 0.773438 0.404687 0.021875 0.018750
0 0.729688 0.332813 0.021875 0.018750
0 0.631250 0.404687 0.021875 0.018750
0 0.631250 0.332813 0.021875 0.018750
0 0.609375 0.325000 0.021875 0.018750
0 0.509375 0.404687 0.021875 0.018750
0 0.509375 0.332813 0.021875 0.018750
0 0.509375 0.315625 0.021875 0.018750
0 0.409375 0.404687 0.021875 0.018750
0 0.409375 0.332813 0.021875 0.018750
0 0.409375 0.307812 0.021875 0.018750
0 0.271875 0.332813 0.021875 0.018750
0 0.271875 0.404687 0.021875 0.018750
0 0.271875 0.300000 0.021875 0.018750
0 0.171875 0.404687 0.021875 0.018750
0 0.171875 0.332813 0.021875 0.018750
0 0.171875 0.292187 0.021875 0.018750
0 0.071875 0.404687 0.021875 0.018750
0 0.071875 0.332813 0.021875 0.018750
0 0.071875 0.284375 0.021875 0.018750
