10 0.746094 0.336719 0.126562 0.007812
10 0.539844 0.336719 0.126562 0.007812
10 0.341406 0.336719 0.154688 0.007812
10 0.076563 0.336719 0.153125 0.007812
10 0.725781 0.476562 0.126562 0.015625
10 0.531250 0.472656 0.150000 0.007812
10 0.300781 0.450781 0.154688 0.020313
10 0.055469 0.450781 0.110937 0.020313
10 0.725781 0.596094 0.126562 0.007812
10 0.519531 0.596094 0.126562 0.007812
10 0.300781 0.596094 0.154688 0.007812
10 0.055469 0.596094 0.110937 0.007812
14 0.054688 0.606250 0.109375 0.025000
9 0.860938 0.449219 0.003125 0.235937
9 0.192188 0.449219 0.003125 0.235937
9 0.788281 0.560156 0.001563 0.079687
9 0.725781 0.560156 0.001563 0.079687
9 0.663281 0.560156 0.001563 0.079687
9 0.582031 0.560156 0.001563 0.079687
9 0.519531 0.560156 0.001563 0.079687
9 0.457031 0.560156 0.001563 0.079687
9 0.375781 0.560156 0.001563 0.079687
9 0.305469 0.560156 0.001563 0.079687
9 0.224219 0.560156 0.001563 0.079687
9 0.110156 0.560156 0.001563 0.079687
9 0.038281 0.560156 0.001563 0.079687
9 0.788281 0.461719 0.001563 0.042188
9 0.808594 0.367969 0.001563 0.070312
2 0.775000 0.436719 0.015625 0.045312
9 0.725781 0.453906 0.001563 0.045312
9 0.746094 0.367969 0.001563 0.070312
9 0.663281 0.448437 0.001563 0.050000
9 0.683594 0.367969 0.001563 0.070312
9 0.605469 0.446094 0.001563 0.060937
9 0.602344 0.367969 0.001563 0.070312
9 0.519531 0.453906 0.001563 0.045312
9 0.539844 0.367969 0.001563 0.070312
9 0.457031 0.450000 0.001563 0.053125
9 0.477344 0.367969 0.001563 0.070312
9 0.417969 0.375781 0.001563 0.085938
9 0.375781 0.436719 0.001563 0.042188
9 0.335156 0.375781 0.001563 0.085938
9 0.305469 0.429688 0.001563 0.043750
9 0.264844 0.375781 0.001563 0.085938
9 0.224219 0.422656 0.001563 0.045312
4 0.213281 0.420312 0.010937 0.043750
9 0.152344 0.379688 0.001563 0.093750
9 0.110156 0.422656 0.001563 0.045312
9 0.069531 0.379688 0.001563 0.093750
9 0.038281 0.429688 0.001563 0.043750
13 0.837500 0.356250 0.031250 0.037500
0 0.798438 0.518750 0.021875 0.018750
0 0.798438 0.534375 0.021875 0.018750
0 0.798438 0.550000 0.021875 0.018750
0 0.735938 0.518750 0.021875 0.018750
0 0.735938 0.534375 0.021875 0.018750
0 0.735938 0.550000 0.021875 0.018750
0 0.673438 0.518750 0.021875 0.018750
0 0.673438 0.534375 0.021875 0.018750
0 0.673438 0.550000 0.021875 0.018750
0 0.592187 0.518750 0.021875 0.018750
0 0.592187 0.534375 0.021875 0.018750
0 0.592187 0.550000 0.021875 0.018750
0 0.529687 0.518750 0.021875 0.018750
0 0.529687 0.534375 0.021875 0.018750
0 0.529687 0.550000 0.021875 0.018750
0 0.467187 0.518750 0.021875 0.018750
0 0.467187 0.534375 0.021875 0.018750
0 0.467187 0.550000 0.021875 0.018750
0 0.385937 0.518750 0.021875 0.018750
0 0.385937 0.534375 0.021875 0.018750
0 0.385937 0.550000 0.021875 0.018750
0 0.315625 0.518750 0.021875 0.018750
0 0.315625 0.534375 0.021875 0.018750
0 0.315625 0.550000 0.021875 0.018750
0 0.234375 0.518750 0.021875 0.018750
0 0.234375 0.534375 0.021875 0.018750
0 0.234375 0.550000 0.021875 0.018750
0 0.120313 0.518750 0.021875 0.018750
0 0.120313 0.550000 0.021875 0.018750
0 0.101562 0.526563 0.021875 0.018750
0 0.048438 0.518750 0.021875 0.018750
0 0.048438 0.550000 0.021875 0.018750
0 0.029687 0.526563 0.021875 0.018750
0 0.798438 0.437500 0.021875 0.018750
0 0.798438 0.389062 0.021875 0.018750
0 0.798438 0.404687 0.021875 0.018750
0 0.735938 0.429688 0.021875 0.018750
0 0.735938 0.389062 0.021875 0.018750
0 0.735938 0.404687 0.021875 0.018750
0 0.673438 0.421875 0.021875 0.018750
0 0.673438 0.389062 0.021875 0.018750
0 0.673438 0.404687 0.021875 0.018750
0 0.615625 0.412500 0.021875 0.018750
0 0.592187 0.389062 0.021875 0.018750
0 0.592187 0.404687 0.021875 0.018750
0 0.529687 0.429688 0.021875 0.018750
0 0.529687 0.389062 0.021875 0.018750
0 0.529687 0.404687 0.021875 0.018750
0 0.467187 0.421875 0.021875 0.018750
0 0.467187 0.389062 0.021875 0.018750
0 0.467187 0.404687 0.021875 0.018750
0 0.409375 0.389062 0.021875 0.018750
0 0.409375 0.421875 0.021875 0.018750
0 0.385937 0.412500 0.021875 0.018750
0 0.326562 0.389062 0.021875 0.018750
0 0.326562 0.421875 0.021875 0.018750
0 0.315625 0.404687 0.021875 0.018750
0 0.256250 0.389062 0.021875 0.018750
0 0.256250 0.421875 0.021875 0.018750
0 0.234375 0.396875 0.021875 0.018750
0 0.142187 0.389062 0.021875 0.018750
0 0.142187 0.429688 0.021875 0.018750
0 0.120313 0.396875 0.021875 0.018750
0 0.059375 0.389062 0.021875 0.018750
0 0.059375 0.429688 0.021875 0.018750
0 0.048438 0.404687 0.021875 0.018750
