10 0.849219 0.302344 0.142187 0.007812
10 0.644531 0.302344 0.139063 0.007812
10 0.382812 0.302344 0.131250 0.007812
10 0.164844 0.296094 0.142187 0.007812
10 0.817969 0.433594 0.142187 0.007812
10 0.613281 0.425781 0.139063 0.007812
10 0.346094 0.412500 0.142187 0.015625
10 0.135156 0.424219 0.142187 0.007812
10 0.817969 0.569531 0.142187 0.007812
10 0.613281 0.569531 0.139063 0.007812
10 0.346094 0.588281 0.142187 0.007812
10 0.135156 0.561719 0.142187 0.007812
9 0.482812 0.445312 0.003125 0.228125
9 0.963281 0.547656 0.001563 0.101562
3 0.950781 0.485938 0.014063 0.040625
3 0.950781 0.542188 0.014063 0.040625
9 0.888281 0.522656 0.001563 0.101562
9 0.813281 0.522656 0.001563 0.101562
9 0.747656 0.522656 0.001563 0.101562
9 0.682031 0.522656 0.001563 0.101562
9 0.617969 0.522656 0.001563 0.101562
9 0.544531 0.522656 0.001563 0.101562
3 0.514844 0.476562 0.014063 0.040625
3 0.532031 0.460938 0.014063 0.040625
3 0.532031 0.509375 0.014063 0.040625
9 0.416406 0.544531 0.001563 0.095312
9 0.350781 0.544531 0.001563 0.095312
9 0.275781 0.544531 0.001563 0.095312
3 0.263281 0.485938 0.014063 0.040625
3 0.263281 0.534375 0.014063 0.040625
9 0.203906 0.514844 0.001563 0.101562
9 0.128906 0.514844 0.001563 0.101562
9 0.064844 0.514844 0.001563 0.101562
9 0.963281 0.390625 0.001563 0.046875
3 0.933594 0.356250 0.014063 0.040625
3 0.950781 0.348438 0.014063 0.040625
9 0.919531 0.346094 0.001563 0.095312
9 0.888281 0.409375 0.001563 0.053125
9 0.853906 0.346094 0.001563 0.095312
9 0.813281 0.414844 0.001563 0.045312
2 0.800000 0.388281 0.015625 0.045312
9 0.778906 0.346094 0.001563 0.095312
9 0.747656 0.409375 0.001563 0.053125
9 0.713281 0.346094 0.001563 0.095312
9 0.682031 0.406250 0.001563 0.046875
9 0.647656 0.346094 0.001563 0.095312
9 0.617969 0.406250 0.001563 0.046875
4 0.588281 0.379688 0.010937 0.043750
3 0.605469 0.389062 0.014063 0.040625
9 0.575781 0.342187 0.001563 0.087500
9 0.544531 0.402344 0.001563 0.054688
3 0.505469 0.364063 0.014063 0.040625
3 0.522656 0.379688 0.014063 0.040625
3 0.532031 0.340625 0.014063 0.040625
9 0.447656 0.342187 0.001563 0.087500
9 0.416406 0.396094 0.001563 0.042188
3 0.403906 0.364063 0.014063 0.040625
9 0.382031 0.342187 0.001563 0.087500
9 0.350781 0.389844 0.001563 0.045312
9 0.317969 0.342187 0.001563 0.087500
9 0.275781 0.384375 0.001563 0.050000
3 0.249219 0.348438 0.014063 0.040625
4 0.264844 0.348438 0.010937 0.043750
9 0.235156 0.339062 0.001563 0.093750
9 0.203906 0.401562 0.001563 0.053125
9 0.171094 0.339062 0.001563 0.093750
9 0.128906 0.405469 0.001563 0.045312
2 0.115625 0.380469 0.015625 0.045312
9 0.094531 0.339062 0.001563 0.093750
9 0.064844 0.401562 0.001563 0.053125
9 0.030469 0.339062 0.001563 0.093750
0 0.973437 0.493750 0.021875 0.018750
0 0.973437 0.518750 0.021875 0.018750
0 0.973437 0.550000 0.021875 0.018750
0 0.898438 0.518750 0.021875 0.018750
0 0.898438 0.470313 0.021875 0.018750
0 0.898438 0.485938 0.021875 0.018750
0 0.823438 0.470313 0.021875 0.018750
0 0.823438 0.485938 0.021875 0.018750
0 0.823438 0.518750 0.021875 0.018750
0 0.757812 0.470313 0.021875 0.018750
0 0.757812 0.485938 0.021875 0.018750
0 0.757812 0.518750 0.021875 0.018750
0 0.692187 0.470313 0.021875 0.018750
0 0.692187 0.485938 0.021875 0.018750
0 0.692187 0.518750 0.021875 0.018750
0 0.628125 0.470313 0.021875 0.018750
0 0.628125 0.485938 0.021875 0.018750
0 0.628125 0.518750 0.021875 0.018750
0 0.554688 0.470313 0.021875 0.018750
0 0.554688 0.485938 0.021875 0.018750
0 0.554688 0.518750 0.021875 0.018750
0 0.426563 0.493750 0.021875 0.018750
0 0.426563 0.509375 0.021875 0.018750
0 0.426563 0.542188 0.021875 0.018750
0 0.360938 0.493750 0.021875 0.018750
0 0.360938 0.509375 0.021875 0.018750
0 0.360938 0.542188 0.021875 0.018750
0 0.285938 0.493750 0.021875 0.018750
0 0.285938 0.509375 0.021875 0.018750
0 0.285938 0.542188 0.021875 0.018750
0 0.214062 0.460938 0.021875 0.018750
0 0.214062 0.478125 0.021875 0.018750
0 0.214062 0.509375 0.021875 0.018750
0 0.139063 0.460938 0.021875 0.018750
0 0.139063 0.478125 0.021875 0.018750
0 0.139063 0.509375 0.021875 0.018750
0 0.075000 0.460938 0.021875 0.018750
0 0.075000 0.478125 0.021875 0.018750
0 0.075000 0.509375 0.021875 0.018750
0 0.010156 0.460938 0.020313 0.018750
0 0.010156 0.478125 0.020313 0.018750
0 0.010156 0.509375 0.020313 0.018750
0 0.992188 0.356250 0.015625 0.018750
0 0.992188 0.396875 0.015625 0.018750
0 0.973437 0.364063 0.021875 0.018750
0 0.909375 0.348438 0.021875 0.018750
0 0.909375 0.396875 0.021875 0.018750
0 0.898438 0.381250 0.021875 0.018750
0 0.845313 0.348438 0.021875 0.018750
0 0.845313 0.396875 0.021875 0.018750
0 0.823438 0.389062 0.021875 0.018750
0 0.768750 0.348438 0.021875 0.018750
0 0.768750 0.396875 0.021875 0.018750
0 0.757812 0.381250 0.021875 0.018750
0 0.704688 0.348438 0.021875 0.018750
0 0.704688 0.396875 0.021875 0.018750
0 0.692187 0.381250 0.021875 0.018750
0 0.639062 0.348438 0.021875 0.018750
0 0.639062 0.396875 0.021875 0.018750
0 0.628125 0.381250 0.021875 0.018750
0 0.567187 0.348438 0.021875 0.018750
0 0.567187 0.389062 0.021875 0.018750
0 0.554688 0.373437 0.021875 0.018750
0 0.437500 0.348438 0.021875 0.018750
0 0.437500 0.389062 0.021875 0.018750
0 0.426563 0.373437 0.021875 0.018750
0 0.371875 0.348438 0.021875 0.018750
0 0.371875 0.389062 0.021875 0.018750
0 0.360938 0.364063 0.021875 0.018750
0 0.307812 0.348438 0.021875 0.018750
0 0.307812 0.389062 0.021875 0.018750
0 0.285938 0.356250 0.021875 0.018750
0 0.226562 0.340625 0.021875 0.018750
0 0.226562 0.389062 0.021875 0.018750
0 0.214062 0.373437 0.021875 0.018750
0 0.162500 0.340625 0.021875 0.018750
0 0.162500 0.389062 0.021875 0.018750
0 0.139063 0.381250 0.021875 0.018750
0 0.085938 0.340625 0.021875 0.018750
0 0.085938 0.389062 0.021875 0.018750
0 0.075000 0.373437 0.021875 0.018750
0 0.020313 0.340625 0.021875 0.018750
0 0.020313 0.389062 0.021875 0.018750
0 0.010156 0.373437 0.020313 0.018750
