2 0.407813 0.582031 0.015625 0.045312
2 0.387500 0.558594 0.015625 0.045312
2 0.368750 0.533594 0.015625 0.045312
2 0.348438 0.566406 0.015625 0.045312
2 0.328125 0.541406 0.015625 0.045312
13 0.282031 0.553906 0.045312 0.057813
2 0.407813 0.372656 0.015625 0.045312
2 0.387500 0.347656 0.015625 0.045312
2 0.368750 0.324219 0.015625 0.045312
2 0.348438 0.355469 0.015625 0.045312
2 0.328125 0.332031 0.015625 0.045312
7 0.281250 0.366406 0.043750 0.114062
10 0.947656 0.308594 0.104688 0.007812
10 0.758594 0.308594 0.139063 0.007812
10 0.552344 0.308594 0.139063 0.007812
10 0.949219 0.425781 0.101562 0.007812
10 0.738281 0.442969 0.139063 0.020313
10 0.533594 0.468750 0.139063 0.015625
10 0.937500 0.602344 0.125000 0.007812
10 0.738281 0.594531 0.139063 0.007812
10 0.552344 0.496094 0.139063 0.007812
9 0.248438 0.461719 0.003125 0.260937
9 0.960156 0.559375 0.001563 0.093750
2 0.931250 0.525781 0.015625 0.045312
9 0.875781 0.559375 0.001563 0.093750
9 0.807031 0.555469 0.001563 0.085938
9 0.738281 0.555469 0.001563 0.085938
9 0.669531 0.555469 0.001563 0.085938
2 0.656250 0.525781 0.015625 0.045312
9 0.621094 0.543750 0.001563 0.103125
9 0.552344 0.543750 0.001563 0.103125
9 0.483594 0.543750 0.001563 0.103125
4 0.992969 0.371875 0.010937 0.043750
9 0.980469 0.336719 0.001563 0.064062
2 0.946875 0.372656 0.015625 0.045312
9 0.899219 0.406250 0.001563 0.046875
9 0.896094 0.336719 0.001563 0.064062
4 0.866406 0.379688 0.010937 0.043750
9 0.807031 0.414844 0.001563 0.045312
9 0.827344 0.336719 0.001563 0.064062
9 0.738281 0.421875 0.001563 0.043750
9 0.758594 0.336719 0.001563 0.064062
9 0.669531 0.428906 0.001563 0.042188
9 0.689844 0.336719 0.001563 0.064062
4 0.660156 0.404687 0.010937 0.043750
9 0.600781 0.440625 0.001563 0.050000
9 0.621094 0.336719 0.001563 0.064062
9 0.532031 0.446094 0.001563 0.045312
9 0.552344 0.336719 0.001563 0.064062
9 0.464844 0.452344 0.001563 0.042188
9 0.483594 0.336719 0.001563 0.064062
2 0.451562 0.372656 0.015625 0.045312
2 0.451562 0.428906 0.015625 0.045312
0 0.970313 0.509375 0.021875 0.018750
0 0.970313 0.526563 0.021875 0.018750
0 0.970313 0.542188 0.021875 0.018750
0 0.951562 0.550000 0.021875 0.018750
0 0.885938 0.509375 0.021875 0.018750
0 0.885938 0.526563 0.021875 0.018750
0 0.885938 0.542188 0.021875 0.018750
0 0.867188 0.550000 0.021875 0.018750
0 0.817187 0.509375 0.021875 0.018750
0 0.817187 0.526563 0.021875 0.018750
0 0.817187 0.542188 0.021875 0.018750
0 0.748437 0.509375 0.021875 0.018750
0 0.748437 0.526563 0.021875 0.018750
0 0.748437 0.542188 0.021875 0.018750
0 0.679688 0.526563 0.021875 0.018750
0 0.679688 0.542188 0.021875 0.018750
0 0.679688 0.509375 0.021875 0.018750
0 0.631250 0.542188 0.021875 0.018750
0 0.610938 0.550000 0.021875 0.018750
0 0.610938 0.598437 0.021875 0.018750
0 0.562500 0.542188 0.021875 0.018750
0 0.542188 0.550000 0.021875 0.018750
0 0.542188 0.598437 0.021875 0.018750
0 0.493750 0.542188 0.021875 0.018750
0 0.475000 0.550000 0.021875 0.018750
0 0.475000 0.598437 0.021875 0.018750
0 0.970313 0.356250 0.021875 0.018750
0 0.970313 0.373437 0.021875 0.018750
0 0.909375 0.381250 0.021875 0.018750
0 0.885938 0.356250 0.021875 0.018750
0 0.885938 0.373437 0.021875 0.018750
0 0.817187 0.389062 0.021875 0.018750
0 0.817187 0.356250 0.021875 0.018750
0 0.817187 0.373437 0.021875 0.018750
0 0.748437 0.396875 0.021875 0.018750
0 0.748437 0.356250 0.021875 0.018750
0 0.748437 0.373437 0.021875 0.018750
0 0.679688 0.404687 0.021875 0.018750
0 0.679688 0.356250 0.021875 0.018750
0 0.679688 0.373437 0.021875 0.018750
0 0.610938 0.412500 0.021875 0.018750
0 0.610938 0.356250 0.021875 0.018750
0 0.610938 0.373437 0.021875 0.018750
0 0.542188 0.421875 0.021875 0.018750
0 0.542188 0.356250 0.021875 0.018750
0 0.542188 0.373437 0.021875 0.018750
0 0.475000 0.429688 0.021875 0.018750
0 0.475000 0.356250 0.021875 0.018750
0 0.475000 0.373437 0.021875 0.018750
