10 0.806250 0.449219 0.146875 0.007812
10 0.590625 0.419531 0.146875 0.020313
10 0.329688 0.421094 0.159375 0.032813
10 0.106250 0.425781 0.146875 0.007812
10 0.975000 0.592969 0.050000 0.007812
10 0.806250 0.592969 0.146875 0.007812
10 0.590625 0.666406 0.146875 0.032813
10 0.329688 0.633594 0.159375 0.032813
10 0.106250 0.589844 0.146875 0.007812
9 0.479687 0.454688 0.003125 0.246875
9 0.950781 0.543750 0.001563 0.106250
9 0.878906 0.543750 0.001563 0.106250
9 0.807031 0.543750 0.001563 0.106250
9 0.733594 0.543750 0.001563 0.106250
9 0.661719 0.571875 0.001563 0.162500
9 0.589844 0.578125 0.001563 0.175000
2 0.576562 0.503906 0.015625 0.045312
15 0.550000 0.496094 0.015625 0.017188
9 0.558594 0.575000 0.001563 0.109375
9 0.517969 0.628906 0.001563 0.098437
9 0.407031 0.555469 0.001563 0.129688
9 0.335156 0.561719 0.001563 0.142187
5 0.321875 0.528125 0.015625 0.015625
15 0.282813 0.478906 0.015625 0.017188
9 0.292969 0.546094 0.001563 0.104688
9 0.250781 0.597656 0.001563 0.098437
9 0.177344 0.537500 0.001563 0.109375
9 0.105469 0.537500 0.001563 0.109375
9 0.033594 0.537500 0.001563 0.109375
9 0.971094 0.360156 0.001563 0.114062
2 0.939063 0.421094 0.015625 0.045312
9 0.878906 0.389844 0.001563 0.126562
9 0.807031 0.402344 0.001563 0.101562
9 0.733594 0.382031 0.001563 0.142187
9 0.661719 0.376563 0.001563 0.100000
9 0.589844 0.357812 0.001563 0.125000
9 0.517969 0.362500 0.001563 0.103125
2 0.504687 0.364844 0.015625 0.045312
2 0.504687 0.307031 0.015625 0.045312
9 0.407031 0.352344 0.001563 0.114062
9 0.335156 0.369531 0.001563 0.101562
9 0.250781 0.383594 0.001563 0.098437
5 0.237500 0.387500 0.015625 0.015625
5 0.237500 0.331250 0.015625 0.015625
9 0.177344 0.378125 0.001563 0.103125
9 0.105469 0.387500 0.001563 0.087500
9 0.033594 0.374219 0.001563 0.110937
15 0.525781 0.455469 0.048438 0.039062
0 0.960938 0.489063 0.021875 0.018750
0 0.960938 0.504687 0.021875 0.018750
0 0.960938 0.520312 0.021875 0.018750
0 0.960938 0.545312 0.021875 0.018750
0 0.889062 0.489063 0.021875 0.018750
0 0.889062 0.504687 0.021875 0.018750
0 0.889062 0.520312 0.021875 0.018750
0 0.889062 0.545312 0.021875 0.018750
0 0.817187 0.489063 0.021875 0.018750
0 0.817187 0.504687 0.021875 0.018750
0 0.817187 0.520312 0.021875 0.018750
0 0.817187 0.545312 0.021875 0.018750
0 0.743750 0.489063 0.021875 0.018750
0 0.743750 0.504687 0.021875 0.018750
0 0.743750 0.520312 0.021875 0.018750
0 0.743750 0.545312 0.021875 0.018750
0 0.671875 0.489063 0.021875 0.018750
0 0.671875 0.504687 0.021875 0.018750
0 0.671875 0.520312 0.021875 0.018750
0 0.671875 0.545312 0.021875 0.018750
0 0.600000 0.489063 0.021875 0.018750
0 0.600000 0.504687 0.021875 0.018750
0 0.600000 0.520312 0.021875 0.018750
0 0.600000 0.545312 0.021875 0.018750
1 0.550000 0.634375 0.021875 0.018750
1 0.550000 0.578125 0.021875 0.018750
0 0.528125 0.578125 0.021875 0.018750
0 0.528125 0.634375 0.021875 0.018750
0 0.417187 0.489063 0.021875 0.018750
0 0.417187 0.512500 0.021875 0.018750
0 0.417187 0.529687 0.021875 0.018750
0 0.417187 0.545312 0.021875 0.018750
0 0.345313 0.489063 0.021875 0.018750
0 0.345313 0.512500 0.021875 0.018750
0 0.345313 0.529687 0.021875 0.018750
0 0.345313 0.545312 0.021875 0.018750
0 0.282813 0.545312 0.021875 0.018750
0 0.282813 0.601562 0.021875 0.018750
0 0.260937 0.545312 0.021875 0.018750
0 0.260937 0.601562 0.021875 0.018750
0 0.187500 0.537500 0.021875 0.018750
0 0.187500 0.481250 0.021875 0.018750
0 0.187500 0.512500 0.021875 0.018750
0 0.168750 0.520312 0.021875 0.018750
0 0.115625 0.481250 0.021875 0.018750
0 0.115625 0.512500 0.021875 0.018750
0 0.115625 0.537500 0.021875 0.018750
0 0.096875 0.520312 0.021875 0.018750
0 0.043750 0.481250 0.021875 0.018750
0 0.043750 0.512500 0.021875 0.018750
0 0.043750 0.537500 0.021875 0.018750
0 0.023438 0.520312 0.021875 0.018750
0 0.960938 0.421875 0.021875 0.018750
0 0.960938 0.381250 0.021875 0.018750
0 0.960938 0.364063 0.021875 0.018750
0 0.960938 0.404687 0.021875 0.018750
0 0.889062 0.348438 0.021875 0.018750
0 0.889062 0.325000 0.021875 0.018750
0 0.889062 0.364063 0.021875 0.018750
0 0.889062 0.381250 0.021875 0.018750
0 0.817187 0.381250 0.021875 0.018750
0 0.817187 0.364063 0.021875 0.018750
0 0.817187 0.404687 0.021875 0.018750
0 0.817187 0.348438 0.021875 0.018750
0 0.743750 0.325000 0.021875 0.018750
0 0.743750 0.307812 0.021875 0.018750
0 0.743750 0.364063 0.021875 0.018750
0 0.743750 0.348438 0.021875 0.018750
0 0.671875 0.364063 0.021875 0.018750
0 0.671875 0.348438 0.021875 0.018750
0 0.671875 0.325000 0.021875 0.018750
0 0.671875 0.381250 0.021875 0.018750
0 0.600000 0.325000 0.021875 0.018750
0 0.600000 0.348438 0.021875 0.018750
0 0.600000 0.307812 0.021875 0.018750
0 0.600000 0.292187 0.021875 0.018750
0 0.528125 0.364063 0.021875 0.018750
0 0.528125 0.325000 0.021875 0.018750
0 0.528125 0.307812 0.021875 0.018750
0 0.528125 0.348438 0.021875 0.018750
0 0.417187 0.292187 0.021875 0.018750
0 0.417187 0.315625 0.021875 0.018750
0 0.417187 0.332813 0.021875 0.018750
0 0.417187 0.348438 0.021875 0.018750
0 0.345313 0.348438 0.021875 0.018750
0 0.345313 0.315625 0.021875 0.018750
0 0.345313 0.332813 0.021875 0.018750
0 0.345313 0.373437 0.021875 0.018750
0 0.260937 0.389062 0.021875 0.018750
0 0.260937 0.373437 0.021875 0.018750
0 0.260937 0.348438 0.021875 0.018750
0 0.260937 0.332813 0.021875 0.018750
0 0.187500 0.325000 0.021875 0.018750
0 0.187500 0.340625 0.021875 0.018750
0 0.187500 0.373437 0.021875 0.018750
0 0.168750 0.381250 0.021875 0.018750
0 0.115625 0.373437 0.021875 0.018750
0 0.115625 0.340625 0.021875 0.018750
0 0.096875 0.381250 0.021875 0.018750
0 0.043750 0.373437 0.021875 0.018750
0 0.043750 0.315625 0.021875 0.018750
0 0.043750 0.340625 0.021875 0.018750
0 0.023438 0.325000 0.021875 0.018750
