10 0.847656 0.336719 0.126562 0.007812
10 0.649219 0.336719 0.154688 0.007812
10 0.382812 0.336719 0.156250 0.007812
10 0.157812 0.336719 0.156250 0.007812
10 0.839063 0.472656 0.150000 0.007812
10 0.608594 0.450781 0.154688 0.020313
10 0.346094 0.450781 0.145313 0.020313
10 0.121094 0.464062 0.145313 0.012500
10 0.827344 0.596094 0.126562 0.007812
10 0.608594 0.596094 0.154688 0.007812
10 0.346094 0.596094 0.145313 0.007812
10 0.121094 0.596094 0.145313 0.007812
14 0.277344 0.606250 0.279687 0.025000
14 0.060937 0.606250 0.121875 0.025000
9 0.500000 0.449219 0.003125 0.235937
9 0.971094 0.560156 0.001563 0.079687
9 0.889844 0.560156 0.001563 0.079687
9 0.827344 0.560156 0.001563 0.079687
9 0.764844 0.560156 0.001563 0.079687
9 0.683594 0.560156 0.001563 0.079687
9 0.613281 0.560156 0.001563 0.079687
9 0.532031 0.560156 0.001563 0.079687
9 0.417969 0.560156 0.001563 0.079687
9 0.346094 0.560156 0.001563 0.079687
9 0.274219 0.560156 0.001563 0.079687
9 0.192969 0.556250 0.001563 0.087500
4 0.183594 0.550000 0.010937 0.043750
9 0.121094 0.556250 0.001563 0.087500
9 0.049219 0.556250 0.001563 0.087500
4 0.039844 0.509375 0.010937 0.043750
9 0.971094 0.448437 0.001563 0.050000
9 0.991406 0.367969 0.001563 0.070312
9 0.913281 0.446094 0.001563 0.060937
9 0.910156 0.367969 0.001563 0.070312
9 0.827344 0.453906 0.001563 0.045312
9 0.847656 0.367969 0.001563 0.070312
9 0.764844 0.450000 0.001563 0.053125
9 0.785156 0.367969 0.001563 0.070312
9 0.725781 0.375781 0.001563 0.085938
9 0.683594 0.436719 0.001563 0.042188
9 0.642969 0.375781 0.001563 0.085938
9 0.613281 0.429688 0.001563 0.043750
9 0.572656 0.375781 0.001563 0.085938
9 0.532031 0.422656 0.001563 0.045312
4 0.521094 0.420312 0.010937 0.043750
9 0.460156 0.379688 0.001563 0.093750
9 0.417969 0.422656 0.001563 0.045312
9 0.377344 0.379688 0.001563 0.093750
9 0.346094 0.429688 0.001563 0.043750
9 0.305469 0.379688 0.001563 0.093750
9 0.274219 0.436719 0.001563 0.042188
9 0.235156 0.379688 0.001563 0.093750
9 0.192969 0.444531 0.001563 0.042188
2 0.179688 0.421094 0.015625 0.045312
9 0.152344 0.379688 0.001563 0.093750
9 0.121094 0.435937 0.001563 0.056250
9 0.080469 0.379688 0.001563 0.093750
9 0.049219 0.438281 0.001563 0.045312
9 0.008594 0.379688 0.001563 0.093750
0 0.981250 0.518750 0.021875 0.018750
0 0.981250 0.534375 0.021875 0.018750
0 0.981250 0.550000 0.021875 0.018750
0 0.900000 0.518750 0.021875 0.018750
0 0.900000 0.534375 0.021875 0.018750
0 0.900000 0.550000 0.021875 0.018750
0 0.837500 0.518750 0.021875 0.018750
0 0.837500 0.534375 0.021875 0.018750
0 0.837500 0.550000 0.021875 0.018750
0 0.775000 0.518750 0.021875 0.018750
0 0.775000 0.534375 0.021875 0.018750
0 0.775000 0.550000 0.021875 0.018750
0 0.693750 0.518750 0.021875 0.018750
0 0.693750 0.534375 0.021875 0.018750
0 0.693750 0.550000 0.021875 0.018750
0 0.623437 0.518750 0.021875 0.018750
0 0.623437 0.534375 0.021875 0.018750
0 0.623437 0.550000 0.021875 0.018750
0 0.542188 0.518750 0.021875 0.018750
0 0.542188 0.534375 0.021875 0.018750
0 0.542188 0.550000 0.021875 0.018750
0 0.428125 0.518750 0.021875 0.018750
0 0.428125 0.550000 0.021875 0.018750
0 0.409375 0.526563 0.021875 0.018750
0 0.356250 0.518750 0.021875 0.018750
0 0.356250 0.550000 0.021875 0.018750
0 0.337500 0.526563 0.021875 0.018750
0 0.284375 0.518750 0.021875 0.018750
0 0.284375 0.550000 0.021875 0.018750
0 0.265625 0.526563 0.021875 0.018750
0 0.203125 0.509375 0.021875 0.018750
0 0.203125 0.526563 0.021875 0.018750
0 0.203125 0.550000 0.021875 0.018750
0 0.131250 0.509375 0.021875 0.018750
0 0.131250 0.526563 0.021875 0.018750
0 0.131250 0.550000 0.021875 0.018750
0 0.059375 0.509375 0.021875 0.018750
0 0.059375 0.526563 0.021875 0.018750
0 0.059375 0.550000 0.021875 0.018750
0 0.981250 0.421875 0.021875 0.018750
0 0.981250 0.389062 0.021875 0.018750
0 0.981250 0.404687 0.021875 0.018750
0 0.923438 0.412500 0.021875 0.018750
0 0.900000 0.389062 0.021875 0.018750
0 0.900000 0.404687 0.021875 0.018750
0 0.837500 0.429688 0.021875 0.018750
0 0.837500 0.389062 0.021875 0.018750
0 0.837500 0.404687 0.021875 0.018750
0 0.775000 0.421875 0.021875 0.018750
0 0.775000 0.389062 0.021875 0.018750
0 0.775000 0.404687 0.021875 0.018750
0 0.717187 0.389062 0.021875 0.018750
0 0.717187 0.421875 0.021875 0.018750
0 0.693750 0.412500 0.021875 0.018750
0 0.634375 0.389062 0.021875 0.018750
0 0.634375 0.421875 0.021875 0.018750
0 0.623437 0.404687 0.021875 0.018750
0 0.564063 0.389062 0.021875 0.018750
0 0.564063 0.421875 0.021875 0.018750
0 0.542188 0.396875 0.021875 0.018750
0 0.450000 0.389062 0.021875 0.018750
0 0.450000 0.429688 0.021875 0.018750
0 0.428125 0.396875 0.021875 0.018750
0 0.367188 0.389062 0.021875 0.018750
0 0.367188 0.429688 0.021875 0.018750
0 0.356250 0.404687 0.021875 0.018750
0 0.295312 0.389062 0.021875 0.018750
0 0.295312 0.429688 0.021875 0.018750
0 0.284375 0.412500 0.021875 0.018750
0 0.226562 0.389062 0.021875 0.018750
0 0.226562 0.429688 0.021875 0.018750
0 0.203125 0.421875 0.021875 0.018750
0 0.143750 0.389062 0.021875 0.018750
0 0.143750 0.429688 0.021875 0.018750
0 0.131250 0.404687 0.021875 0.018750
0 0.071875 0.389062 0.021875 0.018750
0 0.071875 0.429688 0.021875 0.018750
0 0.059375 0.412500 0.021875 0.018750
0 0.005469 0.389062 0.010937 0.018750
0 0.005469 0.429688 0.010937 0.018750
