10 0.742188 0.336719 0.159375 0.007812
10 0.514062 0.336719 0.159375 0.007812
10 0.286719 0.336719 0.154688 0.007812
10 0.050000 0.336719 0.100000 0.007812
10 0.707031 0.450781 0.148438 0.020313
10 0.478906 0.464062 0.148438 0.012500
10 0.250000 0.455469 0.165625 0.020313
10 0.035156 0.477344 0.070312 0.032813
10 0.725781 0.538281 0.148438 0.007812
10 0.497656 0.538281 0.148438 0.007812
10 0.270313 0.538281 0.165625 0.007812
10 0.044531 0.546094 0.089063 0.007812
9 0.860938 0.453125 0.003125 0.243750
9 0.142187 0.453125 0.003125 0.243750
9 0.799219 0.573438 0.001563 0.078125
9 0.725781 0.573438 0.001563 0.078125
9 0.652344 0.573438 0.001563 0.078125
9 0.571094 0.573438 0.001563 0.078125
4 0.541406 0.614062 0.010937 0.043750
9 0.497656 0.573438 0.001563 0.078125
9 0.424219 0.573438 0.001563 0.078125
9 0.350781 0.573438 0.001563 0.078125
9 0.269531 0.573438 0.001563 0.078125
9 0.188281 0.573438 0.001563 0.078125
9 0.086719 0.577344 0.001563 0.070312
9 0.022656 0.577344 0.001563 0.070312
9 0.821094 0.379688 0.001563 0.093750
9 0.778906 0.422656 0.001563 0.045312
9 0.736719 0.379688 0.001563 0.093750
9 0.705469 0.429688 0.001563 0.043750
9 0.663281 0.379688 0.001563 0.093750
9 0.633594 0.436719 0.001563 0.042188
9 0.592969 0.379688 0.001563 0.093750
9 0.550781 0.444531 0.001563 0.042188
2 0.537500 0.421094 0.015625 0.045312
9 0.508594 0.379688 0.001563 0.093750
9 0.477344 0.435937 0.001563 0.056250
9 0.435156 0.379688 0.001563 0.093750
9 0.405469 0.438281 0.001563 0.045312
9 0.363281 0.379688 0.001563 0.093750
9 0.332031 0.434375 0.001563 0.053125
9 0.291406 0.379688 0.001563 0.093750
9 0.250781 0.428125 0.001563 0.056250
9 0.210156 0.379688 0.001563 0.093750
9 0.167969 0.421094 0.001563 0.057813
9 0.099219 0.375781 0.001563 0.085938
9 0.067969 0.436719 0.001563 0.057813
9 0.003906 0.450000 0.001563 0.053125
9 0.022656 0.375781 0.001563 0.085938
0 0.789062 0.590625 0.021875 0.018750
0 0.789062 0.615625 0.021875 0.018750
0 0.715625 0.590625 0.021875 0.018750
0 0.715625 0.615625 0.021875 0.018750
0 0.643750 0.590625 0.021875 0.018750
0 0.643750 0.615625 0.021875 0.018750
0 0.560937 0.590625 0.021875 0.018750
0 0.560937 0.615625 0.021875 0.018750
0 0.487500 0.590625 0.021875 0.018750
0 0.487500 0.615625 0.021875 0.018750
0 0.415625 0.590625 0.021875 0.018750
0 0.415625 0.615625 0.021875 0.018750
0 0.342187 0.590625 0.021875 0.018750
0 0.342187 0.615625 0.021875 0.018750
0 0.260937 0.590625 0.021875 0.018750
0 0.260937 0.615625 0.021875 0.018750
0 0.178125 0.590625 0.021875 0.018750
0 0.178125 0.615625 0.021875 0.018750
0 0.078125 0.598437 0.021875 0.018750
0 0.078125 0.615625 0.021875 0.018750
0 0.014063 0.598437 0.021875 0.018750
0 0.014063 0.615625 0.021875 0.018750
0 0.810937 0.389062 0.021875 0.018750
0 0.810937 0.429688 0.021875 0.018750
0 0.789062 0.396875 0.021875 0.018750
0 0.728125 0.389062 0.021875 0.018750
0 0.728125 0.429688 0.021875 0.018750
0 0.715625 0.404687 0.021875 0.018750
0 0.654687 0.389062 0.021875 0.018750
0 0.654687 0.429688 0.021875 0.018750
0 0.643750 0.412500 0.021875 0.018750
0 0.584375 0.389062 0.021875 0.018750
0 0.584375 0.429688 0.021875 0.018750
0 0.560937 0.421875 0.021875 0.018750
0 0.500000 0.389062 0.021875 0.018750
0 0.500000 0.429688 0.021875 0.018750
0 0.487500 0.404687 0.021875 0.018750
0 0.426563 0.389062 0.021875 0.018750
0 0.426563 0.429688 0.021875 0.018750
0 0.415625 0.412500 0.021875 0.018750
0 0.353125 0.389062 0.021875 0.018750
0 0.353125 0.429688 0.021875 0.018750
0 0.342187 0.404687 0.021875 0.018750
0 0.282813 0.389062 0.021875 0.018750
0 0.282813 0.429688 0.021875 0.018750
0 0.260937 0.396875 0.021875 0.018750
0 0.201563 0.389062 0.021875 0.018750
0 0.201563 0.429688 0.021875 0.018750
0 0.178125 0.389062 0.021875 0.018750
0 0.089063 0.389062 0.021875 0.018750
0 0.089063 0.421875 0.021875 0.018750
0 0.078125 0.404687 0.021875 0.018750
0 0.014063 0.421875 0.021875 0.018750
0 0.014063 0.389062 0.021875 0.018750
0 0.014063 0.421875 0.021875 0.018750
