2 0.407813 0.585156 0.015625 0.045312
2 0.387500 0.560156 0.015625 0.045312
2 0.368750 0.536719 0.015625 0.045312
2 0.348438 0.567969 0.015625 0.045312
2 0.328125 0.544531 0.015625 0.045312
13 0.282031 0.557031 0.045312 0.057813
2 0.407813 0.372656 0.015625 0.045312
2 0.387500 0.347656 0.015625 0.045312
2 0.368750 0.324219 0.015625 0.045312
2 0.348438 0.355469 0.015625 0.045312
2 0.328125 0.332031 0.015625 0.045312
7 0.281250 0.366406 0.043750 0.114062
10 0.803125 0.336719 0.162500 0.007812
10 0.575781 0.336719 0.160938 0.007812
10 0.960156 0.450781 0.079687 0.020313
10 0.767969 0.464062 0.151562 0.012500
10 0.533594 0.455469 0.160938 0.020313
10 0.970313 0.499219 0.059375 0.007812
10 0.786719 0.499219 0.151562 0.007812
10 0.553906 0.499219 0.160938 0.007812
9 0.248438 0.462500 0.003125 0.262500
9 0.941406 0.535156 0.001563 0.079687
9 0.861719 0.535156 0.001563 0.079687
4 0.832031 0.576562 0.010937 0.043750
9 0.782031 0.535156 0.001563 0.079687
9 0.711719 0.535156 0.001563 0.079687
9 0.632031 0.535156 0.001563 0.079687
9 0.552344 0.535156 0.001563 0.079687
9 0.474219 0.535156 0.001563 0.079687
9 0.991406 0.429688 0.001563 0.043750
9 0.952344 0.379688 0.001563 0.093750
9 0.921094 0.436719 0.001563 0.042188
9 0.883594 0.379688 0.001563 0.093750
9 0.841406 0.444531 0.001563 0.042188
2 0.828125 0.421094 0.015625 0.045312
9 0.803906 0.379688 0.001563 0.093750
9 0.761719 0.435156 0.001563 0.054688
9 0.722656 0.379688 0.001563 0.093750
9 0.692969 0.438281 0.001563 0.045312
9 0.655469 0.379688 0.001563 0.093750
9 0.613281 0.434375 0.001563 0.053125
9 0.575781 0.379688 0.001563 0.093750
9 0.533594 0.428125 0.001563 0.056250
9 0.496094 0.379688 0.001563 0.093750
9 0.453906 0.421094 0.001563 0.057813
0 0.995313 0.553125 0.009375 0.018750
0 0.995313 0.576562 0.009375 0.018750
0 0.951562 0.545312 0.021875 0.018750
0 0.951562 0.568750 0.021875 0.018750
0 0.931250 0.553125 0.021875 0.018750
0 0.931250 0.576562 0.021875 0.018750
0 0.871875 0.545312 0.021875 0.018750
0 0.871875 0.568750 0.021875 0.018750
0 0.851562 0.553125 0.021875 0.018750
0 0.851562 0.576562 0.021875 0.018750
0 0.792188 0.545312 0.021875 0.018750
0 0.792188 0.568750 0.021875 0.018750
0 0.771875 0.553125 0.021875 0.018750
0 0.771875 0.576562 0.021875 0.018750
0 0.721875 0.545312 0.021875 0.018750
0 0.721875 0.568750 0.021875 0.018750
0 0.703125 0.553125 0.021875 0.018750
0 0.703125 0.576562 0.021875 0.018750
0 0.642188 0.545312 0.021875 0.018750
0 0.642188 0.568750 0.021875 0.018750
0 0.623437 0.553125 0.021875 0.018750
0 0.623437 0.576562 0.021875 0.018750
0 0.562500 0.545312 0.021875 0.018750
0 0.562500 0.568750 0.021875 0.018750
0 0.543750 0.553125 0.021875 0.018750
0 0.543750 0.576562 0.021875 0.018750
0 0.484375 0.568750 0.021875 0.018750
0 0.484375 0.545312 0.021875 0.018750
0 0.464062 0.576562 0.021875 0.018750
0 0.464062 0.553125 0.021875 0.018750
0 0.995313 0.404687 0.009375 0.018750
0 0.962500 0.389062 0.021875 0.018750
0 0.942187 0.396875 0.021875 0.018750
0 0.942187 0.429688 0.021875 0.018750
0 0.931250 0.412500 0.021875 0.018750
0 0.893750 0.389062 0.021875 0.018750
0 0.875000 0.396875 0.021875 0.018750
0 0.875000 0.429688 0.021875 0.018750
0 0.851562 0.421875 0.021875 0.018750
0 0.814063 0.389062 0.021875 0.018750
0 0.795312 0.396875 0.021875 0.018750
0 0.795312 0.429688 0.021875 0.018750
0 0.771875 0.404687 0.021875 0.018750
0 0.732812 0.389062 0.021875 0.018750
0 0.714063 0.396875 0.021875 0.018750
0 0.714063 0.429688 0.021875 0.018750
0 0.703125 0.412500 0.021875 0.018750
0 0.665625 0.389062 0.021875 0.018750
0 0.645312 0.396875 0.021875 0.018750
0 0.645312 0.429688 0.021875 0.018750
0 0.623437 0.404687 0.021875 0.018750
0 0.585938 0.389062 0.021875 0.018750
0 0.565625 0.396875 0.021875 0.018750
0 0.565625 0.429688 0.021875 0.018750
0 0.543750 0.396875 0.021875 0.018750
0 0.506250 0.389062 0.021875 0.018750
0 0.485938 0.396875 0.021875 0.018750
0 0.485938 0.429688 0.021875 0.018750
0 0.464062 0.389062 0.021875 0.018750
