10 0.736719 0.308594 0.145313 0.007812
10 0.522656 0.308594 0.145313 0.007812
10 0.314063 0.308594 0.134375 0.007812
10 0.060937 0.316406 0.121875 0.007812
10 0.754687 0.476562 0.134375 0.015625
10 0.546094 0.482031 0.145313 0.007812
10 0.337500 0.469531 0.134375 0.020313
10 0.076563 0.469531 0.134375 0.020313
10 0.717969 0.580469 0.145313 0.007812
10 0.503906 0.580469 0.145313 0.007812
10 0.295312 0.580469 0.134375 0.007812
10 0.050781 0.580469 0.101562 0.007812
9 0.855469 0.445312 0.014063 0.228125
9 0.173437 0.445312 0.003125 0.228125
9 0.819531 0.493750 0.001563 0.040625
9 0.788281 0.544531 0.001563 0.079687
9 0.760156 0.499219 0.001563 0.045312
9 0.717969 0.544531 0.001563 0.079687
9 0.688281 0.506250 0.001563 0.050000
9 0.646094 0.544531 0.001563 0.079687
9 0.616406 0.508594 0.001563 0.060937
9 0.574219 0.544531 0.001563 0.079687
2 0.560937 0.541406 0.015625 0.045312
9 0.544531 0.500781 0.001563 0.045312
9 0.503906 0.544531 0.001563 0.079687
9 0.474219 0.504687 0.001563 0.053125
9 0.432031 0.544531 0.001563 0.079687
9 0.402344 0.500000 0.001563 0.046875
9 0.360156 0.544531 0.001563 0.079687
9 0.330469 0.491406 0.001563 0.045312
9 0.299219 0.544531 0.001563 0.079687
2 0.287500 0.517969 0.015625 0.045312
9 0.271094 0.485156 0.001563 0.042188
9 0.228906 0.544531 0.001563 0.079687
2 0.215625 0.533594 0.015625 0.045312
9 0.142969 0.485156 0.001563 0.042188
9 0.100781 0.544531 0.001563 0.079687
9 0.071094 0.492188 0.001563 0.043750
9 0.039844 0.544531 0.001563 0.079687
9 0.010156 0.500000 0.001563 0.046875
9 0.808594 0.357031 0.001563 0.104688
9 0.736719 0.357031 0.001563 0.104688
9 0.664844 0.357031 0.001563 0.104688
9 0.594531 0.357031 0.001563 0.104688
9 0.522656 0.357031 0.001563 0.104688
9 0.450781 0.357031 0.001563 0.104688
9 0.380469 0.357031 0.001563 0.104688
9 0.319531 0.357031 0.001563 0.104688
9 0.247656 0.357031 0.001563 0.104688
2 0.196875 0.396094 0.015625 0.045312
2 0.215625 0.355469 0.015625 0.045312
2 0.215625 0.413281 0.015625 0.045312
9 0.119531 0.365625 0.001563 0.106250
9 0.060156 0.365625 0.001563 0.106250
0 0.810937 0.518750 0.021875 0.018750
0 0.798438 0.534375 0.021875 0.018750
0 0.798438 0.501563 0.021875 0.018750
0 0.750000 0.526563 0.021875 0.018750
0 0.728125 0.501563 0.021875 0.018750
0 0.728125 0.534375 0.021875 0.018750
0 0.678125 0.534375 0.021875 0.018750
0 0.656250 0.501563 0.021875 0.018750
0 0.656250 0.534375 0.021875 0.018750
0 0.607812 0.542188 0.021875 0.018750
0 0.584375 0.501563 0.021875 0.018750
0 0.584375 0.534375 0.021875 0.018750
0 0.535937 0.526563 0.021875 0.018750
0 0.514062 0.501563 0.021875 0.018750
0 0.514062 0.534375 0.021875 0.018750
0 0.464062 0.534375 0.021875 0.018750
0 0.442188 0.501563 0.021875 0.018750
0 0.442188 0.534375 0.021875 0.018750
0 0.393750 0.526563 0.021875 0.018750
0 0.370312 0.501563 0.021875 0.018750
0 0.370312 0.534375 0.021875 0.018750
0 0.321875 0.518750 0.021875 0.018750
0 0.309375 0.501563 0.021875 0.018750
0 0.309375 0.534375 0.021875 0.018750
0 0.260937 0.509375 0.021875 0.018750
0 0.239063 0.501563 0.021875 0.018750
0 0.239063 0.534375 0.021875 0.018750
0 0.132812 0.509375 0.021875 0.018750
0 0.110937 0.501563 0.021875 0.018750
0 0.110937 0.534375 0.021875 0.018750
0 0.060937 0.518750 0.021875 0.018750
0 0.050000 0.501563 0.021875 0.018750
0 0.050000 0.534375 0.021875 0.018750
0 0.006250 0.526563 0.012500 0.018750
0 0.798438 0.356250 0.021875 0.018750
0 0.798438 0.381250 0.021875 0.018750
0 0.798438 0.396875 0.021875 0.018750
0 0.798438 0.412500 0.021875 0.018750
0 0.728125 0.356250 0.021875 0.018750
0 0.728125 0.381250 0.021875 0.018750
0 0.728125 0.396875 0.021875 0.018750
0 0.728125 0.412500 0.021875 0.018750
0 0.656250 0.356250 0.021875 0.018750
0 0.656250 0.381250 0.021875 0.018750
0 0.656250 0.396875 0.021875 0.018750
0 0.656250 0.412500 0.021875 0.018750
0 0.584375 0.356250 0.021875 0.018750
0 0.584375 0.381250 0.021875 0.018750
0 0.584375 0.396875 0.021875 0.018750
0 0.584375 0.412500 0.021875 0.018750
0 0.514062 0.356250 0.021875 0.018750
0 0.514062 0.381250 0.021875 0.018750
0 0.514062 0.396875 0.021875 0.018750
0 0.514062 0.412500 0.021875 0.018750
0 0.442188 0.356250 0.021875 0.018750
0 0.442188 0.381250 0.021875 0.018750
0 0.442188 0.396875 0.021875 0.018750
0 0.442188 0.412500 0.021875 0.018750
0 0.370312 0.356250 0.021875 0.018750
0 0.370312 0.381250 0.021875 0.018750
0 0.370312 0.396875 0.021875 0.018750
0 0.370312 0.412500 0.021875 0.018750
0 0.309375 0.356250 0.021875 0.018750
0 0.309375 0.381250 0.021875 0.018750
0 0.309375 0.396875 0.021875 0.018750
0 0.309375 0.412500 0.021875 0.018750
0 0.239063 0.356250 0.021875 0.018750
0 0.239063 0.381250 0.021875 0.018750
0 0.239063 0.396875 0.021875 0.018750
0 0.239063 0.412500 0.021875 0.018750
0 0.129688 0.381250 0.021875 0.018750
0 0.110937 0.364063 0.021875 0.018750
0 0.110937 0.389062 0.021875 0.018750
0 0.110937 0.404687 0.021875 0.018750
0 0.110937 0.421875 0.021875 0.018750
0 0.070312 0.381250 0.021875 0.018750
0 0.050000 0.364063 0.021875 0.018750
0 0.050000 0.389062 0.021875 0.018750
0 0.050000 0.404687 0.021875 0.018750
0 0.050000 0.421875 0.021875 0.018750
0 0.004687 0.381250 0.009375 0.018750
