10 0.780469 0.331250 0.110937 0.015625
10 0.634375 0.308594 0.093750 0.020313
10 0.488281 0.296094 0.110937 0.007812
10 0.315625 0.325000 0.093750 0.028125
10 0.178125 0.308594 0.093750 0.020313
10 0.043750 0.296094 0.087500 0.007812
10 0.761719 0.630469 0.110937 0.032813
10 0.615625 0.569531 0.093750 0.007812
10 0.469531 0.622656 0.110937 0.032813
10 0.295312 0.580469 0.093750 0.007812
10 0.157812 0.580469 0.093750 0.007812
10 0.034375 0.678906 0.068750 0.032813
14 0.860938 0.445312 0.003125 0.228125
14 0.387500 0.445312 0.003125 0.228125
9 0.814844 0.549219 0.001563 0.139063
9 0.769531 0.553906 0.001563 0.148438
14 0.739062 0.471094 0.015625 0.017188
9 0.749219 0.541406 0.001563 0.107813
9 0.707031 0.594531 0.001563 0.098437
9 0.660156 0.526563 0.001563 0.093750
9 0.614844 0.526563 0.001563 0.093750
9 0.569531 0.526563 0.001563 0.093750
9 0.522656 0.544531 0.001563 0.129688
9 0.477344 0.550000 0.001563 0.140625
14 0.446875 0.464844 0.015625 0.017188
9 0.457031 0.534375 0.001563 0.106250
9 0.414844 0.586719 0.001563 0.098437
9 0.341406 0.537500 0.001563 0.096875
9 0.296094 0.537500 0.001563 0.096875
9 0.249219 0.537500 0.001563 0.096875
9 0.203906 0.537500 0.001563 0.096875
9 0.158594 0.537500 0.001563 0.096875
9 0.111719 0.537500 0.001563 0.096875
9 0.066406 0.578125 0.001563 0.178125
9 0.021094 0.583594 0.001563 0.189062
9 0.835156 0.360938 0.001563 0.065625
9 0.788281 0.362500 0.001563 0.062500
9 0.725781 0.368750 0.001563 0.065625
9 0.680469 0.353906 0.001563 0.079687
9 0.633594 0.350781 0.001563 0.085938
9 0.588281 0.348438 0.001563 0.090625
9 0.542969 0.342969 0.001563 0.101562
9 0.496094 0.342969 0.001563 0.101562
9 0.433594 0.342969 0.001563 0.101562
9 0.360156 0.354687 0.001563 0.078125
9 0.314844 0.360156 0.001563 0.067187
9 0.269531 0.368750 0.001563 0.065625
9 0.222656 0.353906 0.001563 0.079687
9 0.177344 0.350781 0.001563 0.085938
9 0.132031 0.348438 0.001563 0.090625
9 0.085156 0.342969 0.001563 0.101562
9 0.039844 0.342969 0.001563 0.101562
0 0.825000 0.478125 0.021875 0.018750
0 0.825000 0.501563 0.021875 0.018750
0 0.825000 0.518750 0.021875 0.018750
0 0.779687 0.478125 0.021875 0.018750
0 0.779687 0.501563 0.021875 0.018750
0 0.779687 0.518750 0.021875 0.018750
0 0.739062 0.542188 0.021875 0.018750
0 0.739062 0.598437 0.021875 0.018750
0 0.717187 0.542188 0.021875 0.018750
0 0.717187 0.598437 0.021875 0.018750
0 0.670312 0.478125 0.021875 0.018750
0 0.670312 0.501563 0.021875 0.018750
0 0.670312 0.518750 0.021875 0.018750
0 0.625000 0.478125 0.021875 0.018750
0 0.625000 0.501563 0.021875 0.018750
0 0.625000 0.518750 0.021875 0.018750
0 0.579688 0.478125 0.021875 0.018750
0 0.579688 0.501563 0.021875 0.018750
0 0.579688 0.518750 0.021875 0.018750
0 0.532813 0.478125 0.021875 0.018750
0 0.532813 0.501563 0.021875 0.018750
0 0.532813 0.518750 0.021875 0.018750
0 0.487500 0.478125 0.021875 0.018750
0 0.487500 0.501563 0.021875 0.018750
0 0.487500 0.518750 0.021875 0.018750
1 0.446875 0.534375 0.021875 0.018750
1 0.446875 0.590625 0.021875 0.018750
0 0.425000 0.534375 0.021875 0.018750
0 0.425000 0.590625 0.021875 0.018750
0 0.351562 0.485938 0.021875 0.018750
0 0.351562 0.501563 0.021875 0.018750
0 0.351562 0.518750 0.021875 0.018750
0 0.351562 0.534375 0.021875 0.018750
0 0.306250 0.485938 0.021875 0.018750
0 0.306250 0.501563 0.021875 0.018750
0 0.306250 0.518750 0.021875 0.018750
0 0.306250 0.534375 0.021875 0.018750
0 0.259375 0.485938 0.021875 0.018750
0 0.259375 0.501563 0.021875 0.018750
0 0.259375 0.518750 0.021875 0.018750
0 0.259375 0.534375 0.021875 0.018750
0 0.214062 0.485938 0.021875 0.018750
0 0.214062 0.501563 0.021875 0.018750
0 0.214062 0.518750 0.021875 0.018750
0 0.214062 0.534375 0.021875 0.018750
0 0.168750 0.485938 0.021875 0.018750
0 0.168750 0.501563 0.021875 0.018750
0 0.168750 0.518750 0.021875 0.018750
0 0.168750 0.534375 0.021875 0.018750
0 0.121875 0.485938 0.021875 0.018750
0 0.121875 0.501563 0.021875 0.018750
0 0.121875 0.518750 0.021875 0.018750
0 0.121875 0.534375 0.021875 0.018750
0 0.076563 0.485938 0.021875 0.018750
0 0.076563 0.501563 0.021875 0.018750
0 0.076563 0.518750 0.021875 0.018750
0 0.076563 0.534375 0.021875 0.018750
0 0.031250 0.485938 0.021875 0.018750
0 0.031250 0.501563 0.021875 0.018750
0 0.031250 0.518750 0.021875 0.018750
0 0.031250 0.534375 0.021875 0.018750
0 0.825000 0.381250 0.021875 0.018750
0 0.825000 0.396875 0.021875 0.018750
0 0.779687 0.396875 0.021875 0.018750
0 0.735938 0.396875 0.021875 0.018750
0 0.717187 0.404687 0.021875 0.018750
0 0.670312 0.364063 0.021875 0.018750
0 0.670312 0.381250 0.021875 0.018750
0 0.670312 0.396875 0.021875 0.018750
0 0.625000 0.381250 0.021875 0.018750
0 0.625000 0.396875 0.021875 0.018750
0 0.579688 0.348438 0.021875 0.018750
0 0.579688 0.381250 0.021875 0.018750
0 0.579688 0.396875 0.021875 0.018750
0 0.532813 0.364063 0.021875 0.018750
0 0.532813 0.381250 0.021875 0.018750
0 0.532813 0.396875 0.021875 0.018750
0 0.487500 0.340625 0.021875 0.018750
0 0.487500 0.381250 0.021875 0.018750
0 0.487500 0.396875 0.021875 0.018750
0 0.425000 0.348438 0.021875 0.018750
0 0.425000 0.381250 0.021875 0.018750
0 0.425000 0.396875 0.021875 0.018750
0 0.351562 0.364063 0.021875 0.018750
0 0.351562 0.381250 0.021875 0.018750
0 0.351562 0.396875 0.021875 0.018750
0 0.306250 0.381250 0.021875 0.018750
0 0.306250 0.396875 0.021875 0.018750
0 0.279687 0.396875 0.021875 0.018750
0 0.259375 0.404687 0.021875 0.018750
0 0.214062 0.364063 0.021875 0.018750
0 0.214062 0.381250 0.021875 0.018750
0 0.214062 0.396875 0.021875 0.018750
0 0.168750 0.381250 0.021875 0.018750
0 0.168750 0.396875 0.021875 0.018750
0 0.121875 0.348438 0.021875 0.018750
0 0.121875 0.381250 0.021875 0.018750
0 0.121875 0.396875 0.021875 0.018750
0 0.076563 0.364063 0.021875 0.018750
0 0.076563 0.381250 0.021875 0.018750
0 0.076563 0.396875 0.021875 0.018750
0 0.031250 0.340625 0.021875 0.018750
0 0.031250 0.381250 0.021875 0.018750
0 0.031250 0.396875 0.021875 0.018750
