10 0.751563 0.296094 0.143750 0.007812
10 0.519531 0.302344 0.151562 0.007812
10 0.303125 0.302344 0.143750 0.007812
10 0.067969 0.302344 0.135937 0.007812
10 0.720313 0.413281 0.143750 0.007812
10 0.488281 0.424219 0.151562 0.007812
10 0.273438 0.419531 0.143750 0.007812
10 0.052344 0.413281 0.104688 0.007812
10 0.720313 0.588281 0.143750 0.007812
10 0.488281 0.592969 0.151562 0.007812
10 0.273438 0.592969 0.143750 0.007812
10 0.052344 0.592969 0.104688 0.007812
14 0.525000 0.436719 0.646875 0.029687
9 0.860938 0.454688 0.003125 0.246875
9 0.175000 0.454688 0.003125 0.246875
9 0.789844 0.549219 0.001563 0.085938
9 0.719531 0.549219 0.001563 0.085938
9 0.649219 0.549219 0.001563 0.085938
3 0.608594 0.512500 0.014063 0.040625
3 0.625781 0.528125 0.014063 0.040625
3 0.636719 0.495312 0.014063 0.040625
9 0.563281 0.556250 0.001563 0.081250
9 0.483594 0.556250 0.001563 0.081250
9 0.413281 0.556250 0.001563 0.081250
9 0.342969 0.556250 0.001563 0.081250
9 0.272656 0.556250 0.001563 0.081250
9 0.202344 0.551562 0.001563 0.090625
9 0.103906 0.551562 0.001563 0.090625
9 0.024219 0.551562 0.001563 0.090625
9 0.821094 0.335156 0.001563 0.085938
9 0.789844 0.392188 0.001563 0.050000
9 0.750781 0.335156 0.001563 0.085938
9 0.719531 0.388281 0.001563 0.057813
3 0.707031 0.348438 0.014063 0.040625
9 0.680469 0.335156 0.001563 0.085938
9 0.649219 0.392188 0.001563 0.050000
3 0.608594 0.356250 0.014063 0.040625
3 0.625781 0.371875 0.014063 0.040625
3 0.636719 0.331250 0.014063 0.040625
9 0.594531 0.342187 0.001563 0.087500
9 0.563281 0.401562 0.001563 0.053125
9 0.525781 0.342187 0.001563 0.087500
9 0.483594 0.405469 0.001563 0.045312
5 0.470313 0.379688 0.015625 0.015625
9 0.444531 0.342187 0.001563 0.087500
9 0.413281 0.401562 0.001563 0.053125
9 0.374219 0.342187 0.001563 0.087500
9 0.342969 0.399219 0.001563 0.048438
9 0.303906 0.342187 0.001563 0.087500
9 0.272656 0.399219 0.001563 0.048438
9 0.232031 0.342187 0.001563 0.087500
9 0.202344 0.395313 0.001563 0.056250
9 0.135156 0.342187 0.001563 0.087500
9 0.103906 0.392188 0.001563 0.050000
9 0.066406 0.342187 0.001563 0.087500
9 0.024219 0.388281 0.001563 0.057813
2 0.010937 0.355469 0.015625 0.045312
0 0.800000 0.504687 0.021875 0.018750
0 0.800000 0.520312 0.021875 0.018750
0 0.800000 0.535937 0.021875 0.018750
0 0.729688 0.504687 0.021875 0.018750
0 0.729688 0.520312 0.021875 0.018750
0 0.729688 0.535937 0.021875 0.018750
0 0.659375 0.504687 0.021875 0.018750
0 0.659375 0.520312 0.021875 0.018750
0 0.659375 0.535937 0.021875 0.018750
0 0.573438 0.512500 0.021875 0.018750
0 0.573438 0.528125 0.021875 0.018750
0 0.573438 0.543750 0.021875 0.018750
0 0.493750 0.512500 0.021875 0.018750
0 0.493750 0.528125 0.021875 0.018750
0 0.493750 0.543750 0.021875 0.018750
0 0.423438 0.512500 0.021875 0.018750
0 0.423438 0.528125 0.021875 0.018750
0 0.423438 0.543750 0.021875 0.018750
0 0.353125 0.543750 0.021875 0.018750
0 0.353125 0.512500 0.021875 0.018750
0 0.353125 0.528125 0.021875 0.018750
0 0.282813 0.512500 0.021875 0.018750
0 0.282813 0.528125 0.021875 0.018750
0 0.282813 0.543750 0.021875 0.018750
0 0.212500 0.504687 0.021875 0.018750
0 0.212500 0.528125 0.021875 0.018750
0 0.212500 0.543750 0.021875 0.018750
0 0.114062 0.504687 0.021875 0.018750
0 0.114062 0.528125 0.021875 0.018750
0 0.114062 0.543750 0.021875 0.018750
0 0.034375 0.504687 0.021875 0.018750
0 0.034375 0.528125 0.021875 0.018750
0 0.034375 0.543750 0.021875 0.018750
0 0.812500 0.340625 0.021875 0.018750
0 0.812500 0.381250 0.021875 0.018750
0 0.800000 0.364063 0.021875 0.018750
0 0.740625 0.340625 0.021875 0.018750
0 0.740625 0.381250 0.021875 0.018750
0 0.729688 0.356250 0.021875 0.018750
0 0.670312 0.340625 0.021875 0.018750
0 0.670312 0.381250 0.021875 0.018750
0 0.659375 0.364063 0.021875 0.018750
0 0.585938 0.348438 0.021875 0.018750
0 0.585938 0.389062 0.021875 0.018750
0 0.573438 0.373437 0.021875 0.018750
0 0.517188 0.348438 0.021875 0.018750
0 0.517188 0.389062 0.021875 0.018750
0 0.493750 0.381250 0.021875 0.018750
0 0.434375 0.348438 0.021875 0.018750
0 0.434375 0.389062 0.021875 0.018750
0 0.423438 0.373437 0.021875 0.018750
0 0.364063 0.348438 0.021875 0.018750
0 0.364063 0.389062 0.021875 0.018750
0 0.353125 0.373437 0.021875 0.018750
0 0.293750 0.348438 0.021875 0.018750
0 0.293750 0.389062 0.021875 0.018750
0 0.282813 0.373437 0.021875 0.018750
0 0.223438 0.348438 0.021875 0.018750
0 0.223438 0.389062 0.021875 0.018750
0 0.212500 0.364063 0.021875 0.018750
0 0.125000 0.348438 0.021875 0.018750
0 0.125000 0.389062 0.021875 0.018750
0 0.114062 0.364063 0.021875 0.018750
0 0.056250 0.348438 0.021875 0.018750
0 0.056250 0.389062 0.021875 0.018750
0 0.034375 0.356250 0.021875 0.018750
