10 0.752344 0.316406 0.145313 0.007812
10 0.530469 0.319531 0.148438 0.007812
10 0.317969 0.319531 0.145313 0.007812
10 0.071094 0.327344 0.142187 0.007812
10 0.715625 0.425000 0.156250 0.012500
10 0.495312 0.435156 0.137500 0.020313
10 0.282813 0.439844 0.156250 0.020313
10 0.055469 0.439063 0.110937 0.012500
10 0.735938 0.469531 0.156250 0.007812
10 0.514062 0.469531 0.137500 0.007812
10 0.301563 0.469531 0.156250 0.007812
10 0.055469 0.592969 0.110937 0.007812
9 0.860938 0.447656 0.003125 0.232813
9 0.178125 0.447656 0.003125 0.232813
9 0.813281 0.513281 0.001563 0.095312
9 0.735156 0.513281 0.001563 0.095312
9 0.658594 0.513281 0.001563 0.095312
9 0.580469 0.509375 0.001563 0.087500
9 0.513281 0.509375 0.001563 0.087500
9 0.446094 0.509375 0.001563 0.087500
9 0.378906 0.509375 0.001563 0.087500
9 0.300781 0.509375 0.001563 0.087500
9 0.224219 0.509375 0.001563 0.087500
9 0.110156 0.553125 0.001563 0.087500
9 0.032031 0.553125 0.001563 0.087500
9 0.824219 0.357031 0.001563 0.089063
9 0.792969 0.403906 0.001563 0.042188
9 0.758594 0.357031 0.001563 0.089063
9 0.716406 0.395313 0.001563 0.056250
9 0.680469 0.357031 0.001563 0.089063
9 0.638281 0.398438 0.001563 0.046875
9 0.603906 0.362500 0.001563 0.093750
9 0.561719 0.405469 0.001563 0.045312
9 0.524219 0.362500 0.001563 0.093750
9 0.494531 0.414062 0.001563 0.043750
9 0.457031 0.362500 0.001563 0.093750
9 0.427344 0.421094 0.001563 0.042188
2 0.414062 0.396094 0.015625 0.045312
9 0.389844 0.362500 0.001563 0.093750
9 0.358594 0.418750 0.001563 0.053125
9 0.324219 0.362500 0.001563 0.093750
9 0.282031 0.410938 0.001563 0.056250
9 0.246094 0.362500 0.001563 0.093750
9 0.205469 0.403906 0.001563 0.057813
9 0.139844 0.366406 0.001563 0.085938
9 0.110156 0.421094 0.001563 0.042188
9 0.074219 0.366406 0.001563 0.085938
9 0.032031 0.410938 0.001563 0.056250
0 0.803125 0.515625 0.021875 0.018750
0 0.803125 0.531250 0.021875 0.018750
0 0.803125 0.546875 0.021875 0.018750
0 0.803125 0.564063 0.021875 0.018750
0 0.726562 0.515625 0.021875 0.018750
0 0.726562 0.531250 0.021875 0.018750
0 0.726562 0.546875 0.021875 0.018750
0 0.726562 0.564063 0.021875 0.018750
0 0.648438 0.515625 0.021875 0.018750
0 0.648438 0.531250 0.021875 0.018750
0 0.648438 0.546875 0.021875 0.018750
0 0.648438 0.564063 0.021875 0.018750
0 0.571875 0.515625 0.021875 0.018750
0 0.571875 0.539062 0.021875 0.018750
0 0.571875 0.556250 0.021875 0.018750
0 0.504687 0.515625 0.021875 0.018750
0 0.504687 0.539062 0.021875 0.018750
0 0.504687 0.556250 0.021875 0.018750
0 0.437500 0.515625 0.021875 0.018750
0 0.437500 0.539062 0.021875 0.018750
0 0.437500 0.556250 0.021875 0.018750
0 0.368750 0.515625 0.021875 0.018750
0 0.368750 0.539062 0.021875 0.018750
0 0.368750 0.556250 0.021875 0.018750
0 0.292187 0.515625 0.021875 0.018750
0 0.292187 0.539062 0.021875 0.018750
0 0.292187 0.556250 0.021875 0.018750
0 0.215625 0.515625 0.021875 0.018750
0 0.215625 0.539062 0.021875 0.018750
0 0.215625 0.556250 0.021875 0.018750
0 0.120313 0.507812 0.021875 0.018750
0 0.120313 0.523438 0.021875 0.018750
0 0.120313 0.539062 0.021875 0.018750
0 0.100000 0.546875 0.021875 0.018750
0 0.042188 0.507812 0.021875 0.018750
0 0.042188 0.523438 0.021875 0.018750
0 0.042188 0.539062 0.021875 0.018750
0 0.023438 0.546875 0.021875 0.018750
0 0.815625 0.364063 0.021875 0.018750
0 0.815625 0.404687 0.021875 0.018750
0 0.803125 0.381250 0.021875 0.018750
0 0.748437 0.364063 0.021875 0.018750
0 0.748437 0.404687 0.021875 0.018750
0 0.726562 0.364063 0.021875 0.018750
0 0.671875 0.364063 0.021875 0.018750
0 0.671875 0.404687 0.021875 0.018750
0 0.648438 0.373437 0.021875 0.018750
0 0.593750 0.373437 0.021875 0.018750
0 0.593750 0.412500 0.021875 0.018750
0 0.571875 0.381250 0.021875 0.018750
0 0.515625 0.373437 0.021875 0.018750
0 0.515625 0.412500 0.021875 0.018750
0 0.504687 0.389062 0.021875 0.018750
0 0.448437 0.373437 0.021875 0.018750
0 0.448437 0.412500 0.021875 0.018750
0 0.437500 0.396875 0.021875 0.018750
0 0.381250 0.373437 0.021875 0.018750
0 0.381250 0.412500 0.021875 0.018750
0 0.368750 0.389062 0.021875 0.018750
0 0.314063 0.373437 0.021875 0.018750
0 0.314063 0.412500 0.021875 0.018750
0 0.292187 0.381250 0.021875 0.018750
0 0.237500 0.373437 0.021875 0.018750
0 0.237500 0.412500 0.021875 0.018750
0 0.215625 0.373437 0.021875 0.018750
0 0.131250 0.381250 0.021875 0.018750
0 0.131250 0.412500 0.021875 0.018750
0 0.120313 0.396875 0.021875 0.018750
0 0.065625 0.381250 0.021875 0.018750
0 0.065625 0.412500 0.021875 0.018750
0 0.042188 0.381250 0.021875 0.018750
