10 0.838281 0.319531 0.139063 0.007812
10 0.633594 0.319531 0.139063 0.007812
10 0.400781 0.319531 0.139063 0.007812
10 0.185156 0.319531 0.139063 0.007812
10 0.025000 0.319531 0.050000 0.007812
10 0.971875 0.435156 0.056250 0.020313
10 0.807031 0.457031 0.139063 0.007812
10 0.602344 0.449219 0.139063 0.007812
10 0.369531 0.441406 0.139063 0.007812
10 0.153906 0.433594 0.139063 0.007812
10 0.971875 0.574219 0.056250 0.007812
10 0.807031 0.574219 0.139063 0.007812
10 0.602344 0.574219 0.139063 0.007812
10 0.369531 0.574219 0.139063 0.007812
10 0.153906 0.574219 0.139063 0.007812
9 0.506250 0.445312 0.003125 0.228125
9 0.944531 0.537500 0.001563 0.081250
9 0.875781 0.537500 0.001563 0.081250
9 0.807031 0.537500 0.001563 0.081250
9 0.738281 0.537500 0.001563 0.081250
9 0.669531 0.537500 0.001563 0.081250
9 0.602344 0.537500 0.001563 0.081250
9 0.533594 0.537500 0.001563 0.081250
9 0.436719 0.537500 0.001563 0.081250
9 0.369531 0.537500 0.001563 0.081250
9 0.300781 0.537500 0.001563 0.081250
9 0.222656 0.537500 0.001563 0.081250
9 0.153906 0.537500 0.001563 0.081250
9 0.085156 0.537500 0.001563 0.081250
9 0.017969 0.537500 0.001563 0.081250
9 0.985156 0.358594 0.001563 0.085938
9 0.944531 0.421094 0.001563 0.042188
2 0.931250 0.396094 0.015625 0.045312
9 0.905469 0.370312 0.001563 0.109375
9 0.875781 0.434375 0.001563 0.053125
9 0.838281 0.370312 0.001563 0.109375
9 0.807031 0.438281 0.001563 0.045312
5 0.793750 0.412500 0.015625 0.015625
9 0.769531 0.370312 0.001563 0.109375
9 0.738281 0.434375 0.001563 0.053125
9 0.700781 0.370312 0.001563 0.109375
9 0.669531 0.430469 0.001563 0.045312
9 0.632031 0.370312 0.001563 0.109375
9 0.602344 0.430469 0.001563 0.045312
9 0.564844 0.370312 0.001563 0.109375
9 0.533594 0.430469 0.001563 0.045312
9 0.467969 0.362500 0.001563 0.093750
9 0.436719 0.422656 0.001563 0.045312
9 0.399219 0.362500 0.001563 0.093750
9 0.369531 0.418750 0.001563 0.053125
9 0.332031 0.362500 0.001563 0.093750
9 0.300781 0.422656 0.001563 0.045312
2 0.268750 0.396094 0.015625 0.045312
5 0.287500 0.412500 0.015625 0.015625
9 0.253906 0.358594 0.001563 0.085938
9 0.222656 0.414844 0.001563 0.045312
9 0.185156 0.358594 0.001563 0.085938
9 0.153906 0.414844 0.001563 0.045312
9 0.116406 0.358594 0.001563 0.085938
9 0.085156 0.414844 0.001563 0.045312
9 0.047656 0.358594 0.001563 0.085938
9 0.017969 0.414844 0.001563 0.045312
0 0.954688 0.493750 0.021875 0.018750
0 0.954688 0.509375 0.021875 0.018750
0 0.954688 0.526563 0.021875 0.018750
0 0.885938 0.493750 0.021875 0.018750
0 0.885938 0.509375 0.021875 0.018750
0 0.885938 0.526563 0.021875 0.018750
0 0.817187 0.493750 0.021875 0.018750
0 0.817187 0.509375 0.021875 0.018750
0 0.817187 0.526563 0.021875 0.018750
0 0.748437 0.493750 0.021875 0.018750
0 0.748437 0.509375 0.021875 0.018750
0 0.748437 0.526563 0.021875 0.018750
0 0.679688 0.493750 0.021875 0.018750
0 0.679688 0.509375 0.021875 0.018750
0 0.679688 0.526563 0.021875 0.018750
0 0.612500 0.493750 0.021875 0.018750
0 0.612500 0.509375 0.021875 0.018750
0 0.612500 0.526563 0.021875 0.018750
0 0.543750 0.493750 0.021875 0.018750
0 0.543750 0.509375 0.021875 0.018750
0 0.543750 0.526563 0.021875 0.018750
0 0.446875 0.493750 0.021875 0.018750
0 0.446875 0.526563 0.021875 0.018750
0 0.428125 0.501563 0.021875 0.018750
0 0.379688 0.493750 0.021875 0.018750
0 0.379688 0.526563 0.021875 0.018750
0 0.359375 0.501563 0.021875 0.018750
0 0.310937 0.493750 0.021875 0.018750
0 0.310937 0.526563 0.021875 0.018750
0 0.290625 0.501563 0.021875 0.018750
0 0.232813 0.493750 0.021875 0.018750
0 0.232813 0.509375 0.021875 0.018750
0 0.232813 0.526563 0.021875 0.018750
0 0.164062 0.493750 0.021875 0.018750
0 0.164062 0.509375 0.021875 0.018750
0 0.164062 0.526563 0.021875 0.018750
0 0.095312 0.493750 0.021875 0.018750
0 0.095312 0.509375 0.021875 0.018750
0 0.095312 0.526563 0.021875 0.018750
0 0.028125 0.493750 0.021875 0.018750
0 0.028125 0.509375 0.021875 0.018750
0 0.028125 0.526563 0.021875 0.018750
0 0.976562 0.373437 0.021875 0.018750
0 0.976562 0.404687 0.021875 0.018750
0 0.954688 0.396875 0.021875 0.018750
0 0.896875 0.373437 0.021875 0.018750
0 0.896875 0.429688 0.021875 0.018750
0 0.885938 0.404687 0.021875 0.018750
0 0.828125 0.373437 0.021875 0.018750
0 0.828125 0.429688 0.021875 0.018750
0 0.817187 0.412500 0.021875 0.018750
0 0.759375 0.373437 0.021875 0.018750
0 0.759375 0.429688 0.021875 0.018750
0 0.748437 0.404687 0.021875 0.018750
0 0.692187 0.373437 0.021875 0.018750
0 0.692187 0.429688 0.021875 0.018750
0 0.679688 0.404687 0.021875 0.018750
0 0.623437 0.373437 0.021875 0.018750
0 0.623437 0.429688 0.021875 0.018750
0 0.612500 0.404687 0.021875 0.018750
0 0.554688 0.373437 0.021875 0.018750
0 0.554688 0.429688 0.021875 0.018750
0 0.543750 0.404687 0.021875 0.018750
0 0.459375 0.373437 0.021875 0.018750
0 0.459375 0.412500 0.021875 0.018750
0 0.446875 0.396875 0.021875 0.018750
0 0.390625 0.373437 0.021875 0.018750
0 0.390625 0.412500 0.021875 0.018750
0 0.379688 0.389062 0.021875 0.018750
0 0.321875 0.373437 0.021875 0.018750
0 0.321875 0.412500 0.021875 0.018750
0 0.310937 0.396875 0.021875 0.018750
0 0.243750 0.373437 0.021875 0.018750
0 0.243750 0.404687 0.021875 0.018750
0 0.232813 0.389062 0.021875 0.018750
0 0.176563 0.373437 0.021875 0.018750
0 0.176563 0.404687 0.021875 0.018750
0 0.164062 0.389062 0.021875 0.018750
0 0.107813 0.373437 0.021875 0.018750
0 0.107813 0.404687 0.021875 0.018750
0 0.095312 0.389062 0.021875 0.018750
0 0.039062 0.373437 0.021875 0.018750
0 0.039062 0.404687 0.021875 0.018750
0 0.028125 0.389062 0.021875 0.018750
