2 0.387500 0.541406 0.015625 0.045312
2 0.368750 0.517969 0.015625 0.045312
2 0.348438 0.549219 0.015625 0.045312
2 0.328125 0.525781 0.015625 0.045312
13 0.282031 0.538281 0.045312 0.057813
2 0.387500 0.347656 0.015625 0.045312
2 0.368750 0.324219 0.015625 0.045312
2 0.348438 0.355469 0.015625 0.045312
2 0.328125 0.332031 0.015625 0.045312
7 0.281250 0.366406 0.043750 0.114062
10 0.950781 0.327344 0.098437 0.007812
10 0.757031 0.336719 0.129688 0.007812
10 0.557813 0.336719 0.156250 0.007812
10 0.941406 0.476562 0.117188 0.015625
10 0.749219 0.472656 0.151562 0.007812
10 0.515625 0.450781 0.156250 0.020313
10 0.950781 0.505469 0.098437 0.007812
10 0.757031 0.546094 0.129688 0.007812
10 0.535937 0.546094 0.156250 0.007812
9 0.248438 0.453125 0.003125 0.243750
9 0.966406 0.544531 0.001563 0.085938
9 0.902344 0.544531 0.001563 0.085938
9 0.821094 0.577344 0.001563 0.070312
9 0.757031 0.577344 0.001563 0.070312
9 0.692969 0.577344 0.001563 0.070312
9 0.611719 0.577344 0.001563 0.070312
9 0.539844 0.577344 0.001563 0.070312
9 0.458594 0.577344 0.001563 0.070312
9 0.947656 0.453906 0.001563 0.045312
9 0.966406 0.358594 0.001563 0.070312
9 0.883594 0.448437 0.001563 0.050000
9 0.902344 0.358594 0.001563 0.070312
9 0.824219 0.446094 0.001563 0.060937
9 0.821094 0.367969 0.001563 0.070312
9 0.738281 0.453906 0.001563 0.045312
9 0.757031 0.367969 0.001563 0.070312
9 0.674219 0.450000 0.001563 0.053125
9 0.692969 0.367969 0.001563 0.070312
9 0.635156 0.375781 0.001563 0.085938
9 0.592969 0.436719 0.001563 0.042188
9 0.550781 0.375781 0.001563 0.085938
9 0.519531 0.429688 0.001563 0.043750
9 0.480469 0.375781 0.001563 0.085938
9 0.438281 0.422656 0.001563 0.045312
4 0.428906 0.420312 0.010937 0.043750
0 0.957812 0.557813 0.021875 0.018750
0 0.957812 0.590625 0.021875 0.018750
0 0.893750 0.557813 0.021875 0.018750
0 0.893750 0.590625 0.021875 0.018750
0 0.812500 0.598437 0.021875 0.018750
0 0.812500 0.615625 0.021875 0.018750
0 0.748437 0.598437 0.021875 0.018750
0 0.748437 0.615625 0.021875 0.018750
0 0.684375 0.598437 0.021875 0.018750
0 0.684375 0.615625 0.021875 0.018750
0 0.603125 0.598437 0.021875 0.018750
0 0.603125 0.615625 0.021875 0.018750
0 0.529687 0.598437 0.021875 0.018750
0 0.529687 0.615625 0.021875 0.018750
0 0.448437 0.598437 0.021875 0.018750
0 0.448437 0.615625 0.021875 0.018750
0 0.957812 0.429688 0.021875 0.018750
0 0.957812 0.381250 0.021875 0.018750
0 0.957812 0.396875 0.021875 0.018750
0 0.893750 0.421875 0.021875 0.018750
0 0.893750 0.381250 0.021875 0.018750
0 0.893750 0.396875 0.021875 0.018750
0 0.834375 0.412500 0.021875 0.018750
0 0.812500 0.389062 0.021875 0.018750
0 0.812500 0.404687 0.021875 0.018750
0 0.748437 0.429688 0.021875 0.018750
0 0.748437 0.389062 0.021875 0.018750
0 0.748437 0.404687 0.021875 0.018750
0 0.684375 0.421875 0.021875 0.018750
0 0.684375 0.389062 0.021875 0.018750
0 0.684375 0.404687 0.021875 0.018750
0 0.625000 0.389062 0.021875 0.018750
0 0.625000 0.421875 0.021875 0.018750
0 0.603125 0.412500 0.021875 0.018750
0 0.542188 0.389062 0.021875 0.018750
0 0.542188 0.421875 0.021875 0.018750
0 0.529687 0.404687 0.021875 0.018750
0 0.471875 0.389062 0.021875 0.018750
0 0.471875 0.421875 0.021875 0.018750
0 0.448437 0.396875 0.021875 0.018750
