10 0.750781 0.319531 0.148438 0.007812
10 0.530469 0.319531 0.139063 0.007812
10 0.325781 0.319531 0.139063 0.007812
10 0.092969 0.319531 0.139063 0.007812
10 0.710156 0.435156 0.148438 0.020313
10 0.499219 0.457031 0.139063 0.007812
10 0.294531 0.449219 0.139063 0.007812
10 0.065625 0.441406 0.131250 0.007812
10 0.710156 0.574219 0.148438 0.007812
10 0.499219 0.574219 0.139063 0.007812
10 0.294531 0.574219 0.139063 0.007812
10 0.065625 0.574219 0.131250 0.007812
9 0.860938 0.445312 0.003125 0.228125
9 0.198437 0.445312 0.003125 0.228125
9 0.782031 0.537500 0.001563 0.081250
9 0.714844 0.537500 0.001563 0.081250
9 0.636719 0.537500 0.001563 0.081250
9 0.567969 0.537500 0.001563 0.081250
9 0.499219 0.537500 0.001563 0.081250
9 0.430469 0.537500 0.001563 0.081250
9 0.361719 0.537500 0.001563 0.081250
9 0.294531 0.537500 0.001563 0.081250
9 0.225781 0.537500 0.001563 0.081250
9 0.128906 0.537500 0.001563 0.081250
9 0.061719 0.537500 0.001563 0.081250
9 0.824219 0.358594 0.001563 0.085938
9 0.782031 0.405469 0.001563 0.045312
9 0.744531 0.358594 0.001563 0.085938
9 0.714844 0.414062 0.001563 0.043750
9 0.677344 0.358594 0.001563 0.085938
9 0.636719 0.421094 0.001563 0.042188
2 0.623437 0.396094 0.015625 0.045312
9 0.597656 0.370312 0.001563 0.109375
9 0.567969 0.434375 0.001563 0.053125
9 0.530469 0.370312 0.001563 0.109375
9 0.499219 0.438281 0.001563 0.045312
5 0.485938 0.412500 0.015625 0.015625
9 0.461719 0.370312 0.001563 0.109375
9 0.430469 0.434375 0.001563 0.053125
9 0.392969 0.370312 0.001563 0.109375
9 0.361719 0.430469 0.001563 0.045312
9 0.324219 0.370312 0.001563 0.109375
9 0.294531 0.430469 0.001563 0.045312
9 0.257031 0.370312 0.001563 0.109375
9 0.225781 0.430469 0.001563 0.045312
9 0.160156 0.362500 0.001563 0.093750
9 0.128906 0.422656 0.001563 0.045312
9 0.091406 0.362500 0.001563 0.093750
9 0.061719 0.418750 0.001563 0.053125
9 0.024219 0.362500 0.001563 0.093750
0 0.792188 0.493750 0.021875 0.018750
0 0.792188 0.509375 0.021875 0.018750
0 0.792188 0.526563 0.021875 0.018750
0 0.725000 0.493750 0.021875 0.018750
0 0.725000 0.509375 0.021875 0.018750
0 0.725000 0.526563 0.021875 0.018750
0 0.646875 0.493750 0.021875 0.018750
0 0.646875 0.509375 0.021875 0.018750
0 0.646875 0.526563 0.021875 0.018750
0 0.578125 0.493750 0.021875 0.018750
0 0.578125 0.509375 0.021875 0.018750
0 0.578125 0.526563 0.021875 0.018750
0 0.509375 0.493750 0.021875 0.018750
0 0.509375 0.509375 0.021875 0.018750
0 0.509375 0.526563 0.021875 0.018750
0 0.440625 0.493750 0.021875 0.018750
0 0.440625 0.509375 0.021875 0.018750
0 0.440625 0.526563 0.021875 0.018750
0 0.371875 0.493750 0.021875 0.018750
0 0.371875 0.509375 0.021875 0.018750
0 0.371875 0.526563 0.021875 0.018750
0 0.304688 0.493750 0.021875 0.018750
0 0.304688 0.509375 0.021875 0.018750
0 0.304688 0.526563 0.021875 0.018750
0 0.235937 0.493750 0.021875 0.018750
0 0.235937 0.509375 0.021875 0.018750
0 0.235937 0.526563 0.021875 0.018750
0 0.139063 0.493750 0.021875 0.018750
0 0.139063 0.526563 0.021875 0.018750
0 0.120313 0.501563 0.021875 0.018750
0 0.071875 0.493750 0.021875 0.018750
0 0.071875 0.526563 0.021875 0.018750
0 0.051562 0.501563 0.021875 0.018750
0 0.007031 0.493750 0.014063 0.018750
0 0.007031 0.526563 0.014063 0.018750
0 0.815625 0.373437 0.021875 0.018750
0 0.815625 0.404687 0.021875 0.018750
0 0.792188 0.381250 0.021875 0.018750
0 0.735938 0.373437 0.021875 0.018750
0 0.735938 0.404687 0.021875 0.018750
0 0.725000 0.389062 0.021875 0.018750
0 0.668750 0.373437 0.021875 0.018750
0 0.668750 0.404687 0.021875 0.018750
0 0.646875 0.396875 0.021875 0.018750
0 0.589063 0.373437 0.021875 0.018750
0 0.589063 0.429688 0.021875 0.018750
0 0.578125 0.404687 0.021875 0.018750
0 0.520312 0.373437 0.021875 0.018750
0 0.520312 0.429688 0.021875 0.018750
0 0.509375 0.412500 0.021875 0.018750
0 0.451562 0.373437 0.021875 0.018750
0 0.451562 0.429688 0.021875 0.018750
0 0.440625 0.404687 0.021875 0.018750
0 0.384375 0.373437 0.021875 0.018750
0 0.384375 0.429688 0.021875 0.018750
0 0.371875 0.404687 0.021875 0.018750
0 0.315625 0.373437 0.021875 0.018750
0 0.315625 0.429688 0.021875 0.018750
0 0.304688 0.404687 0.021875 0.018750
0 0.246875 0.373437 0.021875 0.018750
0 0.246875 0.429688 0.021875 0.018750
0 0.235937 0.404687 0.021875 0.018750
0 0.151562 0.373437 0.021875 0.018750
0 0.151562 0.412500 0.021875 0.018750
0 0.139063 0.396875 0.021875 0.018750
0 0.082812 0.373437 0.021875 0.018750
0 0.082812 0.412500 0.021875 0.018750
0 0.071875 0.389062 0.021875 0.018750
0 0.014063 0.373437 0.021875 0.018750
0 0.014063 0.412500 0.021875 0.018750
0 0.007031 0.396875 0.014063 0.018750
