10 0.732031 0.326562 0.139063 0.028125
10 0.524219 0.312500 0.139063 0.025000
10 0.317969 0.316406 0.139063 0.007812
10 0.056250 0.327344 0.112500 0.007812
10 0.711719 0.696875 0.139063 0.028125
10 0.505469 0.684375 0.139063 0.025000
10 0.299219 0.691406 0.139063 0.007812
10 0.046875 0.707031 0.093750 0.007812
14 0.533594 0.436719 0.607812 0.029687
14 0.816406 0.587500 0.051562 0.034375
14 0.824219 0.331250 0.032813 0.025000
9 0.855469 0.497656 0.014063 0.332813
9 0.162500 0.497656 0.003125 0.332813
9 0.780469 0.665625 0.001563 0.081250
9 0.711719 0.653125 0.001563 0.087500
9 0.642969 0.640625 0.001563 0.093750
9 0.574219 0.650781 0.001563 0.082812
9 0.505469 0.639062 0.001563 0.090625
9 0.436719 0.626563 0.001563 0.100000
4 0.425781 0.573438 0.010937 0.043750
9 0.367969 0.644531 0.001563 0.101562
9 0.299219 0.652344 0.001563 0.085938
9 0.230469 0.644531 0.001563 0.101562
4 0.183594 0.629687 0.010937 0.043750
2 0.200000 0.622656 0.015625 0.045312
9 0.092969 0.660156 0.001563 0.101562
9 0.024219 0.667969 0.001563 0.085938
9 0.800781 0.385156 0.001563 0.098437
9 0.732031 0.372656 0.001563 0.092188
9 0.663281 0.358594 0.001563 0.085938
9 0.594531 0.369531 0.001563 0.098437
9 0.524219 0.357812 0.001563 0.090625
9 0.455469 0.348438 0.001563 0.090625
4 0.425781 0.348438 0.010937 0.043750
9 0.386719 0.357031 0.001563 0.089063
9 0.317969 0.365625 0.001563 0.106250
9 0.249219 0.365625 0.001563 0.106250
4 0.200781 0.404687 0.010937 0.043750
2 0.217188 0.396094 0.015625 0.045312
9 0.111719 0.370312 0.001563 0.093750
9 0.042969 0.378125 0.001563 0.109375
0 0.790625 0.621875 0.021875 0.018750
0 0.790625 0.646875 0.021875 0.018750
0 0.790625 0.662500 0.021875 0.018750
0 0.771875 0.631250 0.021875 0.018750
0 0.721875 0.621875 0.021875 0.018750
0 0.721875 0.646875 0.021875 0.018750
0 0.721875 0.606250 0.021875 0.018750
0 0.703125 0.631250 0.021875 0.018750
0 0.653125 0.621875 0.021875 0.018750
0 0.653125 0.606250 0.021875 0.018750
0 0.653125 0.590625 0.021875 0.018750
0 0.634375 0.631250 0.021875 0.018750
0 0.584375 0.646875 0.021875 0.018750
0 0.584375 0.621875 0.021875 0.018750
0 0.584375 0.606250 0.021875 0.018750
0 0.565625 0.631250 0.021875 0.018750
0 0.515625 0.590625 0.021875 0.018750
0 0.515625 0.606250 0.021875 0.018750
0 0.515625 0.621875 0.021875 0.018750
0 0.496875 0.631250 0.021875 0.018750
0 0.446875 0.606250 0.021875 0.018750
0 0.446875 0.573438 0.021875 0.018750
0 0.446875 0.590625 0.021875 0.018750
0 0.446875 0.621875 0.021875 0.018750
0 0.378125 0.621875 0.021875 0.018750
0 0.378125 0.606250 0.021875 0.018750
0 0.378125 0.590625 0.021875 0.018750
0 0.357812 0.631250 0.021875 0.018750
0 0.309375 0.606250 0.021875 0.018750
0 0.309375 0.621875 0.021875 0.018750
0 0.309375 0.646875 0.021875 0.018750
0 0.289062 0.631250 0.021875 0.018750
0 0.240625 0.590625 0.021875 0.018750
0 0.240625 0.606250 0.021875 0.018750
0 0.240625 0.621875 0.021875 0.018750
0 0.220312 0.631250 0.021875 0.018750
0 0.103125 0.606250 0.021875 0.018750
0 0.103125 0.621875 0.021875 0.018750
0 0.103125 0.646875 0.021875 0.018750
0 0.082812 0.631250 0.021875 0.018750
0 0.034375 0.621875 0.021875 0.018750
0 0.034375 0.646875 0.021875 0.018750
0 0.034375 0.662500 0.021875 0.018750
0 0.014063 0.631250 0.021875 0.018750
0 0.810937 0.396875 0.021875 0.018750
0 0.790625 0.421875 0.021875 0.018750
0 0.790625 0.437500 0.021875 0.018750
0 0.790625 0.404687 0.021875 0.018750
0 0.742188 0.396875 0.021875 0.018750
0 0.721875 0.381250 0.021875 0.018750
0 0.721875 0.421875 0.021875 0.018750
0 0.721875 0.404687 0.021875 0.018750
0 0.673438 0.396875 0.021875 0.018750
0 0.653125 0.364063 0.021875 0.018750
0 0.653125 0.404687 0.021875 0.018750
0 0.653125 0.381250 0.021875 0.018750
0 0.604688 0.396875 0.021875 0.018750
0 0.584375 0.421875 0.021875 0.018750
0 0.584375 0.381250 0.021875 0.018750
0 0.584375 0.404687 0.021875 0.018750
0 0.534375 0.396875 0.021875 0.018750
0 0.515625 0.381250 0.021875 0.018750
0 0.515625 0.404687 0.021875 0.018750
0 0.515625 0.364063 0.021875 0.018750
0 0.446875 0.396875 0.021875 0.018750
0 0.446875 0.381250 0.021875 0.018750
0 0.446875 0.348438 0.021875 0.018750
0 0.446875 0.364063 0.021875 0.018750
0 0.396875 0.396875 0.021875 0.018750
0 0.378125 0.404687 0.021875 0.018750
0 0.378125 0.364063 0.021875 0.018750
0 0.378125 0.381250 0.021875 0.018750
0 0.328125 0.396875 0.021875 0.018750
0 0.309375 0.381250 0.021875 0.018750
0 0.309375 0.404687 0.021875 0.018750
0 0.309375 0.421875 0.021875 0.018750
0 0.259375 0.396875 0.021875 0.018750
0 0.240625 0.381250 0.021875 0.018750
0 0.240625 0.404687 0.021875 0.018750
0 0.240625 0.421875 0.021875 0.018750
0 0.240625 0.364063 0.021875 0.018750
0 0.121875 0.396875 0.021875 0.018750
0 0.103125 0.381250 0.021875 0.018750
0 0.103125 0.421875 0.021875 0.018750
0 0.103125 0.404687 0.021875 0.018750
0 0.053125 0.396875 0.021875 0.018750
0 0.034375 0.404687 0.021875 0.018750
0 0.034375 0.421875 0.021875 0.018750
0 0.034375 0.437500 0.021875 0.018750
