10 0.842969 0.296094 0.139063 0.007812
10 0.636719 0.296094 0.139063 0.007812
10 0.385156 0.302344 0.154688 0.007812
10 0.169531 0.302344 0.139063 0.007812
10 0.824219 0.457031 0.139063 0.007812
10 0.616406 0.435156 0.139063 0.020313
10 0.377344 0.427344 0.132812 0.020313
10 0.150781 0.435156 0.139063 0.020313
10 0.824219 0.600781 0.139063 0.007812
10 0.616406 0.600781 0.139063 0.007812
10 0.364844 0.592969 0.154688 0.007812
10 0.150781 0.585156 0.139063 0.007812
9 0.510938 0.460938 0.003125 0.259375
9 0.961719 0.575781 0.001563 0.079687
9 0.892969 0.557813 0.001563 0.093750
9 0.824219 0.557813 0.001563 0.093750
9 0.755469 0.557813 0.001563 0.093750
9 0.686719 0.557813 0.001563 0.093750
9 0.616406 0.557813 0.001563 0.093750
9 0.547656 0.557813 0.001563 0.093750
2 0.534375 0.547656 0.015625 0.045312
9 0.441406 0.550000 0.001563 0.093750
9 0.372656 0.550000 0.001563 0.093750
9 0.288281 0.550000 0.001563 0.093750
9 0.219531 0.546094 0.001563 0.085938
9 0.150781 0.546094 0.001563 0.085938
9 0.082031 0.546094 0.001563 0.085938
2 0.050000 0.516406 0.015625 0.045312
2 0.068750 0.499219 0.015625 0.045312
9 0.014844 0.535156 0.001563 0.101562
9 0.961719 0.461719 0.001563 0.042188
9 0.982031 0.358594 0.001563 0.070312
9 0.892969 0.430469 0.001563 0.060937
9 0.911719 0.322656 0.001563 0.060937
9 0.824219 0.438281 0.001563 0.045312
9 0.842969 0.322656 0.001563 0.060937
9 0.755469 0.421875 0.001563 0.078125
9 0.774219 0.322656 0.001563 0.060937
9 0.686719 0.421094 0.001563 0.042188
9 0.705469 0.322656 0.001563 0.060937
2 0.673438 0.396094 0.015625 0.045312
9 0.616406 0.396875 0.001563 0.075000
9 0.636719 0.322656 0.001563 0.060937
9 0.547656 0.405469 0.001563 0.045312
9 0.567969 0.322656 0.001563 0.060937
2 0.534375 0.339844 0.015625 0.045312
9 0.441406 0.413281 0.001563 0.042188
9 0.461719 0.329688 0.001563 0.062500
9 0.372656 0.404687 0.001563 0.043750
9 0.392969 0.329688 0.001563 0.062500
9 0.311719 0.397656 0.001563 0.045312
9 0.308594 0.329688 0.001563 0.062500
4 0.278906 0.371875 0.010937 0.043750
9 0.219531 0.405469 0.001563 0.045312
9 0.239844 0.329688 0.001563 0.062500
9 0.150781 0.414062 0.001563 0.043750
9 0.171094 0.329688 0.001563 0.062500
9 0.082031 0.421094 0.001563 0.042188
9 0.100781 0.329688 0.001563 0.062500
2 0.068750 0.396094 0.015625 0.045312
9 0.014844 0.329688 0.001563 0.062500
0 0.971875 0.532813 0.021875 0.018750
0 0.971875 0.548438 0.021875 0.018750
0 0.971875 0.564063 0.021875 0.018750
0 0.903125 0.507812 0.021875 0.018750
0 0.903125 0.532813 0.021875 0.018750
0 0.903125 0.548438 0.021875 0.018750
0 0.834375 0.507812 0.021875 0.018750
0 0.834375 0.532813 0.021875 0.018750
0 0.834375 0.548438 0.021875 0.018750
0 0.765625 0.507812 0.021875 0.018750
0 0.765625 0.532813 0.021875 0.018750
0 0.765625 0.548438 0.021875 0.018750
0 0.696875 0.507812 0.021875 0.018750
0 0.696875 0.532813 0.021875 0.018750
0 0.696875 0.548438 0.021875 0.018750
0 0.626563 0.507812 0.021875 0.018750
0 0.626563 0.532813 0.021875 0.018750
0 0.626563 0.548438 0.021875 0.018750
0 0.557813 0.507812 0.021875 0.018750
0 0.557813 0.532813 0.021875 0.018750
0 0.557813 0.548438 0.021875 0.018750
0 0.451562 0.500000 0.021875 0.018750
0 0.451562 0.515625 0.021875 0.018750
0 0.451562 0.532813 0.021875 0.018750
0 0.432812 0.540625 0.021875 0.018750
0 0.382812 0.500000 0.021875 0.018750
0 0.382812 0.515625 0.021875 0.018750
0 0.382812 0.532813 0.021875 0.018750
0 0.364063 0.540625 0.021875 0.018750
0 0.298438 0.500000 0.021875 0.018750
0 0.298438 0.515625 0.021875 0.018750
0 0.298438 0.532813 0.021875 0.018750
0 0.279687 0.540625 0.021875 0.018750
0 0.229687 0.532813 0.021875 0.018750
0 0.229687 0.500000 0.021875 0.018750
0 0.229687 0.515625 0.021875 0.018750
0 0.160938 0.500000 0.021875 0.018750
0 0.160938 0.515625 0.021875 0.018750
0 0.160938 0.532813 0.021875 0.018750
0 0.092188 0.500000 0.021875 0.018750
0 0.092188 0.515625 0.021875 0.018750
0 0.092188 0.532813 0.021875 0.018750
0 0.025000 0.532813 0.021875 0.018750
0 0.008594 0.540625 0.017188 0.018750
0 0.008594 0.556250 0.017188 0.018750
0 0.008594 0.589063 0.017188 0.018750
0 0.971875 0.437500 0.021875 0.018750
0 0.971875 0.381250 0.021875 0.018750
0 0.971875 0.396875 0.021875 0.018750
0 0.903125 0.396875 0.021875 0.018750
0 0.903125 0.340625 0.021875 0.018750
0 0.903125 0.356250 0.021875 0.018750
0 0.834375 0.412500 0.021875 0.018750
0 0.834375 0.340625 0.021875 0.018750
0 0.834375 0.356250 0.021875 0.018750
0 0.765625 0.381250 0.021875 0.018750
0 0.765625 0.340625 0.021875 0.018750
0 0.765625 0.356250 0.021875 0.018750
0 0.696875 0.396875 0.021875 0.018750
0 0.696875 0.340625 0.021875 0.018750
0 0.696875 0.356250 0.021875 0.018750
0 0.626563 0.356250 0.021875 0.018750
0 0.626563 0.340625 0.021875 0.018750
0 0.626563 0.356250 0.021875 0.018750
0 0.557813 0.381250 0.021875 0.018750
0 0.557813 0.340625 0.021875 0.018750
0 0.557813 0.356250 0.021875 0.018750
0 0.451562 0.389062 0.021875 0.018750
0 0.451562 0.348438 0.021875 0.018750
0 0.451562 0.364063 0.021875 0.018750
0 0.382812 0.381250 0.021875 0.018750
0 0.382812 0.348438 0.021875 0.018750
0 0.382812 0.364063 0.021875 0.018750
0 0.321875 0.373437 0.021875 0.018750
0 0.298438 0.348438 0.021875 0.018750
0 0.298438 0.364063 0.021875 0.018750
0 0.229687 0.381250 0.021875 0.018750
0 0.229687 0.348438 0.021875 0.018750
0 0.229687 0.364063 0.021875 0.018750
0 0.160938 0.389062 0.021875 0.018750
0 0.160938 0.348438 0.021875 0.018750
0 0.160938 0.364063 0.021875 0.018750
0 0.092188 0.396875 0.021875 0.018750
0 0.092188 0.348438 0.021875 0.018750
0 0.092188 0.364063 0.021875 0.018750
0 0.008594 0.404687 0.017188 0.018750
0 0.008594 0.348438 0.017188 0.018750
0 0.008594 0.364063 0.017188 0.018750
