10 0.761719 0.319531 0.129688 0.007812
10 0.578906 0.319531 0.126562 0.007812
10 0.372656 0.319531 0.132812 0.007812
10 0.085156 0.316406 0.157812 0.007812
10 0.735156 0.461719 0.117188 0.032813
10 0.543750 0.449219 0.137500 0.007812
10 0.325781 0.430469 0.164062 0.020313
10 0.060937 0.424219 0.121875 0.020313
10 0.735156 0.635156 0.117188 0.007812
10 0.543750 0.635156 0.137500 0.007812
10 0.325781 0.635156 0.164062 0.007812
10 0.060937 0.635156 0.121875 0.007812
9 0.860938 0.475781 0.003125 0.289062
9 0.198437 0.475781 0.003125 0.289062
9 0.792969 0.598437 0.001563 0.081250
9 0.735156 0.598437 0.001563 0.081250
9 0.677344 0.598437 0.001563 0.081250
9 0.610156 0.598437 0.001563 0.081250
9 0.552344 0.598437 0.001563 0.081250
9 0.475781 0.598437 0.001563 0.081250
9 0.407031 0.598437 0.001563 0.081250
9 0.339844 0.598437 0.001563 0.081250
9 0.244531 0.598437 0.001563 0.081250
4 0.225781 0.587500 0.010937 0.043750
4 0.235156 0.554688 0.010937 0.043750
9 0.121094 0.595313 0.001563 0.090625
9 0.042969 0.595313 0.001563 0.090625
9 0.824219 0.358594 0.001563 0.085938
9 0.792969 0.421094 0.001563 0.057813
9 0.735156 0.434375 0.001563 0.053125
9 0.755469 0.358594 0.001563 0.085938
9 0.677344 0.452344 0.001563 0.042188
9 0.697656 0.358594 0.001563 0.085938
4 0.667969 0.428125 0.010937 0.043750
9 0.641406 0.358594 0.001563 0.085938
9 0.610156 0.422656 0.001563 0.060937
9 0.552344 0.430469 0.001563 0.045312
9 0.571094 0.358594 0.001563 0.085938
9 0.516406 0.358594 0.001563 0.085938
9 0.475781 0.414062 0.001563 0.078125
9 0.438281 0.358594 0.001563 0.085938
9 0.407031 0.414844 0.001563 0.045312
9 0.371094 0.358594 0.001563 0.085938
9 0.339844 0.392188 0.001563 0.081250
4 0.330469 0.348438 0.010937 0.043750
9 0.307031 0.358594 0.001563 0.085938
4 0.277344 0.371875 0.010937 0.043750
9 0.244531 0.400000 0.001563 0.050000
4 0.219531 0.371875 0.010937 0.043750
4 0.235156 0.404687 0.010937 0.043750
9 0.161719 0.357031 0.001563 0.089063
9 0.121094 0.392969 0.001563 0.051562
9 0.085156 0.357031 0.001563 0.089063
9 0.042969 0.400000 0.001563 0.050000
9 0.007031 0.357031 0.001563 0.089063
0 0.803125 0.554688 0.021875 0.018750
0 0.803125 0.571875 0.021875 0.018750
0 0.803125 0.587500 0.021875 0.018750
0 0.745313 0.554688 0.021875 0.018750
0 0.745313 0.571875 0.021875 0.018750
0 0.745313 0.587500 0.021875 0.018750
0 0.687500 0.554688 0.021875 0.018750
0 0.687500 0.571875 0.021875 0.018750
0 0.687500 0.587500 0.021875 0.018750
0 0.620313 0.554688 0.021875 0.018750
0 0.620313 0.571875 0.021875 0.018750
0 0.620313 0.587500 0.021875 0.018750
0 0.562500 0.554688 0.021875 0.018750
0 0.562500 0.571875 0.021875 0.018750
0 0.562500 0.587500 0.021875 0.018750
0 0.485938 0.554688 0.021875 0.018750
0 0.485938 0.571875 0.021875 0.018750
0 0.485938 0.587500 0.021875 0.018750
0 0.417187 0.554688 0.021875 0.018750
0 0.417187 0.571875 0.021875 0.018750
0 0.417187 0.587500 0.021875 0.018750
0 0.350000 0.554688 0.021875 0.018750
0 0.350000 0.571875 0.021875 0.018750
0 0.350000 0.587500 0.021875 0.018750
0 0.254688 0.554688 0.021875 0.018750
0 0.254688 0.571875 0.021875 0.018750
0 0.254688 0.587500 0.021875 0.018750
0 0.131250 0.546875 0.021875 0.018750
0 0.131250 0.562500 0.021875 0.018750
0 0.131250 0.587500 0.021875 0.018750
0 0.053125 0.546875 0.021875 0.018750
0 0.053125 0.562500 0.021875 0.018750
0 0.053125 0.587500 0.021875 0.018750
0 0.814063 0.373437 0.021875 0.018750
0 0.814063 0.404687 0.021875 0.018750
0 0.803125 0.389062 0.021875 0.018750
0 0.745313 0.404687 0.021875 0.018750
0 0.745313 0.373437 0.021875 0.018750
0 0.745313 0.404687 0.021875 0.018750
0 0.687500 0.429688 0.021875 0.018750
0 0.687500 0.373437 0.021875 0.018750
0 0.687500 0.404687 0.021875 0.018750
0 0.631250 0.373437 0.021875 0.018750
0 0.631250 0.404687 0.021875 0.018750
0 0.620313 0.389062 0.021875 0.018750
0 0.562500 0.404687 0.021875 0.018750
0 0.562500 0.373437 0.021875 0.018750
0 0.562500 0.404687 0.021875 0.018750
0 0.507812 0.373437 0.021875 0.018750
0 0.507812 0.404687 0.021875 0.018750
0 0.485938 0.373437 0.021875 0.018750
0 0.429688 0.373437 0.021875 0.018750
0 0.429688 0.404687 0.021875 0.018750
0 0.417187 0.389062 0.021875 0.018750
0 0.360938 0.373437 0.021875 0.018750
0 0.360938 0.404687 0.021875 0.018750
0 0.350000 0.348438 0.021875 0.018750
0 0.298438 0.373437 0.021875 0.018750
0 0.298438 0.404687 0.021875 0.018750
0 0.254688 0.373437 0.021875 0.018750
0 0.153125 0.364063 0.021875 0.018750
0 0.153125 0.404687 0.021875 0.018750
0 0.131250 0.364063 0.021875 0.018750
0 0.076563 0.364063 0.021875 0.018750
0 0.076563 0.404687 0.021875 0.018750
0 0.053125 0.373437 0.021875 0.018750
0 0.003906 0.364063 0.007812 0.018750
0 0.003906 0.404687 0.007812 0.018750
