10 0.732812 0.328125 0.150000 0.025000
10 0.510938 0.315625 0.150000 0.015625
10 0.289062 0.296094 0.150000 0.007812
10 0.057031 0.331250 0.114062 0.015625
10 0.712500 0.607031 0.150000 0.032813
10 0.490625 0.569531 0.150000 0.007812
10 0.268750 0.655469 0.150000 0.032813
10 0.046875 0.647656 0.093750 0.032813
9 0.860938 0.445312 0.003125 0.228125
9 0.167187 0.445312 0.003125 0.228125
9 0.786719 0.536719 0.001563 0.114062
9 0.713281 0.542969 0.001563 0.126562
15 0.671875 0.453906 0.015625 0.017188
9 0.680469 0.519531 0.001563 0.101562
9 0.638281 0.569531 0.001563 0.098437
9 0.564844 0.526563 0.001563 0.093750
9 0.491406 0.526563 0.001563 0.093750
9 0.416406 0.526563 0.001563 0.093750
9 0.342969 0.560937 0.001563 0.162500
9 0.267969 0.567187 0.001563 0.175000
15 0.226562 0.477344 0.015625 0.017188
9 0.236719 0.564063 0.001563 0.109375
9 0.194531 0.617969 0.001563 0.098437
9 0.092969 0.557031 0.001563 0.154688
9 0.019531 0.563281 0.001563 0.167187
9 0.807031 0.357031 0.001563 0.073438
9 0.732031 0.360938 0.001563 0.065625
9 0.658594 0.372656 0.001563 0.073438
9 0.583594 0.357031 0.001563 0.073438
9 0.510156 0.354687 0.001563 0.078125
9 0.436719 0.353125 0.001563 0.081250
9 0.361719 0.342969 0.001563 0.101562
9 0.288281 0.342969 0.001563 0.101562
9 0.214844 0.342969 0.001563 0.101562
9 0.113281 0.360938 0.001563 0.065625
9 0.038281 0.361719 0.001563 0.060937
0 0.796875 0.478125 0.021875 0.018750
0 0.796875 0.493750 0.021875 0.018750
0 0.796875 0.518750 0.021875 0.018750
0 0.723437 0.478125 0.021875 0.018750
0 0.723437 0.493750 0.021875 0.018750
0 0.723437 0.518750 0.021875 0.018750
0 0.671875 0.518750 0.021875 0.018750
0 0.671875 0.575000 0.021875 0.018750
0 0.648438 0.518750 0.021875 0.018750
0 0.648438 0.575000 0.021875 0.018750
0 0.575000 0.478125 0.021875 0.018750
0 0.575000 0.493750 0.021875 0.018750
0 0.575000 0.518750 0.021875 0.018750
0 0.501563 0.493750 0.021875 0.018750
0 0.501563 0.518750 0.021875 0.018750
0 0.501563 0.478125 0.021875 0.018750
0 0.426563 0.478125 0.021875 0.018750
0 0.426563 0.493750 0.021875 0.018750
0 0.426563 0.518750 0.021875 0.018750
0 0.353125 0.478125 0.021875 0.018750
0 0.353125 0.493750 0.021875 0.018750
0 0.353125 0.518750 0.021875 0.018750
0 0.278125 0.478125 0.021875 0.018750
0 0.278125 0.493750 0.021875 0.018750
0 0.278125 0.518750 0.021875 0.018750
1 0.226562 0.567187 0.021875 0.018750
1 0.226562 0.623437 0.021875 0.018750
0 0.204687 0.567187 0.021875 0.018750
0 0.204687 0.623437 0.021875 0.018750
0 0.103125 0.478125 0.021875 0.018750
0 0.103125 0.501563 0.021875 0.018750
0 0.103125 0.518750 0.021875 0.018750
0 0.029687 0.478125 0.021875 0.018750
0 0.029687 0.501563 0.021875 0.018750
0 0.029687 0.518750 0.021875 0.018750
0 0.796875 0.373437 0.021875 0.018750
0 0.796875 0.396875 0.021875 0.018750
0 0.723437 0.396875 0.021875 0.018750
0 0.648438 0.396875 0.021875 0.018750
0 0.648438 0.412500 0.021875 0.018750
0 0.575000 0.373437 0.021875 0.018750
0 0.575000 0.396875 0.021875 0.018750
0 0.501563 0.396875 0.021875 0.018750
0 0.426563 0.356250 0.021875 0.018750
0 0.426563 0.373437 0.021875 0.018750
0 0.426563 0.396875 0.021875 0.018750
0 0.353125 0.373437 0.021875 0.018750
0 0.353125 0.396875 0.021875 0.018750
0 0.278125 0.340625 0.021875 0.018750
0 0.278125 0.373437 0.021875 0.018750
0 0.278125 0.396875 0.021875 0.018750
0 0.204687 0.356250 0.021875 0.018750
0 0.204687 0.381250 0.021875 0.018750
0 0.204687 0.396875 0.021875 0.018750
0 0.103125 0.381250 0.021875 0.018750
0 0.103125 0.396875 0.021875 0.018750
0 0.029687 0.396875 0.021875 0.018750
