2 0.387500 0.563281 0.015625 0.045312
2 0.368750 0.539844 0.015625 0.045312
2 0.348438 0.571094 0.015625 0.045312
2 0.328125 0.547656 0.015625 0.045312
13 0.282031 0.558594 0.045312 0.057813
2 0.387500 0.347656 0.015625 0.045312
2 0.368750 0.324219 0.015625 0.045312
2 0.348438 0.355469 0.015625 0.045312
2 0.328125 0.332031 0.015625 0.045312
7 0.281250 0.366406 0.043750 0.114062
10 0.947656 0.339844 0.104688 0.032813
10 0.762500 0.337500 0.153125 0.028125
10 0.541406 0.319531 0.154688 0.007812
10 0.938281 0.453906 0.123438 0.032813
10 0.731250 0.449219 0.153125 0.007812
10 0.504687 0.444531 0.143750 0.020313
10 0.947656 0.500781 0.104688 0.007812
10 0.750000 0.494531 0.153125 0.007812
10 0.525000 0.494531 0.143750 0.007812
9 0.248438 0.464062 0.003125 0.265625
9 0.958594 0.548438 0.001563 0.103125
9 0.896094 0.548438 0.001563 0.103125
9 0.825781 0.541406 0.001563 0.101562
9 0.746094 0.541406 0.001563 0.101562
9 0.674219 0.541406 0.001563 0.101562
9 0.594531 0.541406 0.001563 0.101562
9 0.524219 0.541406 0.001563 0.101562
9 0.453906 0.541406 0.001563 0.101562
9 0.980469 0.378125 0.001563 0.078125
9 0.938281 0.431250 0.001563 0.046875
9 0.877344 0.444531 0.001563 0.042188
9 0.896094 0.384375 0.001563 0.065625
9 0.836719 0.383594 0.001563 0.070312
9 0.807031 0.417969 0.001563 0.070312
9 0.767969 0.378125 0.001563 0.078125
9 0.725781 0.430469 0.001563 0.045312
9 0.686719 0.373437 0.001563 0.090625
9 0.655469 0.410156 0.001563 0.085938
9 0.617969 0.366406 0.001563 0.101562
9 0.575781 0.416406 0.001563 0.067187
9 0.535156 0.358594 0.001563 0.085938
9 0.503906 0.398438 0.001563 0.093750
9 0.464844 0.366406 0.001563 0.101562
9 0.433594 0.402344 0.001563 0.070312
0 0.948438 0.546875 0.021875 0.018750
0 0.948438 0.564063 0.021875 0.018750
0 0.948438 0.579688 0.021875 0.018750
0 0.948438 0.604688 0.021875 0.018750
0 0.887500 0.546875 0.021875 0.018750
0 0.887500 0.564063 0.021875 0.018750
0 0.887500 0.579688 0.021875 0.018750
0 0.887500 0.604688 0.021875 0.018750
0 0.817187 0.539062 0.021875 0.018750
0 0.817187 0.564063 0.021875 0.018750
0 0.817187 0.579688 0.021875 0.018750
0 0.817187 0.595313 0.021875 0.018750
0 0.735938 0.539062 0.021875 0.018750
0 0.735938 0.564063 0.021875 0.018750
0 0.735938 0.579688 0.021875 0.018750
0 0.735938 0.595313 0.021875 0.018750
0 0.665625 0.539062 0.021875 0.018750
0 0.665625 0.564063 0.021875 0.018750
0 0.665625 0.579688 0.021875 0.018750
0 0.665625 0.595313 0.021875 0.018750
0 0.585938 0.539062 0.021875 0.018750
0 0.585938 0.564063 0.021875 0.018750
0 0.585938 0.579688 0.021875 0.018750
0 0.585938 0.595313 0.021875 0.018750
0 0.514062 0.539062 0.021875 0.018750
0 0.514062 0.564063 0.021875 0.018750
0 0.514062 0.579688 0.021875 0.018750
0 0.514062 0.595313 0.021875 0.018750
0 0.443750 0.539062 0.021875 0.018750
0 0.443750 0.564063 0.021875 0.018750
0 0.443750 0.579688 0.021875 0.018750
0 0.443750 0.595313 0.021875 0.018750
0 0.971875 0.404687 0.021875 0.018750
0 0.971875 0.421875 0.021875 0.018750
0 0.948438 0.404687 0.021875 0.018750
0 0.887500 0.421875 0.021875 0.018750
0 0.887500 0.421875 0.021875 0.018750
0 0.828125 0.404687 0.021875 0.018750
0 0.828125 0.421875 0.021875 0.018750
0 0.817187 0.381250 0.021875 0.018750
0 0.759375 0.404687 0.021875 0.018750
0 0.759375 0.421875 0.021875 0.018750
0 0.735938 0.404687 0.021875 0.018750
0 0.676562 0.381250 0.021875 0.018750
0 0.676562 0.404687 0.021875 0.018750
0 0.676562 0.421875 0.021875 0.018750
0 0.665625 0.364063 0.021875 0.018750
0 0.607812 0.381250 0.021875 0.018750
0 0.607812 0.404687 0.021875 0.018750
0 0.607812 0.421875 0.021875 0.018750
0 0.585938 0.381250 0.021875 0.018750
0 0.526563 0.364063 0.021875 0.018750
0 0.526563 0.381250 0.021875 0.018750
0 0.526563 0.404687 0.021875 0.018750
0 0.514062 0.348438 0.021875 0.018750
0 0.454688 0.381250 0.021875 0.018750
0 0.454688 0.404687 0.021875 0.018750
0 0.454688 0.421875 0.021875 0.018750
0 0.443750 0.364063 0.021875 0.018750
