10 0.737500 0.308594 0.168750 0.007812
10 0.485938 0.316406 0.146875 0.007812
10 0.287500 0.316406 0.128125 0.007812
10 0.057813 0.319531 0.115625 0.007812
10 0.718750 0.412500 0.125000 0.015625
10 0.467187 0.435156 0.146875 0.020313
10 0.267188 0.457031 0.128125 0.007812
10 0.059375 0.441406 0.118750 0.007812
10 0.707812 0.617969 0.146875 0.007812
10 0.467187 0.617969 0.146875 0.007812
10 0.267188 0.650781 0.128125 0.007812
10 0.047656 0.644531 0.095312 0.007812
13 0.525000 0.436719 0.643750 0.029687
14 0.860938 0.477344 0.003125 0.292187
14 0.178125 0.477344 0.003125 0.292187
9 0.778906 0.575000 0.001563 0.093750
9 0.716406 0.575000 0.001563 0.093750
9 0.635156 0.575000 0.001563 0.093750
2 0.579688 0.541406 0.015625 0.045312
4 0.596094 0.565625 0.010937 0.043750
2 0.606250 0.524219 0.015625 0.045312
9 0.538281 0.578906 0.001563 0.085938
9 0.457031 0.578906 0.001563 0.085938
9 0.394531 0.578906 0.001563 0.085938
9 0.330469 0.612500 0.001563 0.087500
9 0.267969 0.612500 0.001563 0.087500
9 0.203906 0.612500 0.001563 0.087500
9 0.094531 0.603906 0.001563 0.089063
9 0.821094 0.332813 0.001563 0.056250
9 0.778906 0.384375 0.001563 0.050000
9 0.716406 0.389844 0.001563 0.045312
9 0.735156 0.332813 0.001563 0.056250
9 0.657031 0.396094 0.001563 0.042188
9 0.653906 0.332813 0.001563 0.056250
2 0.621875 0.355469 0.015625 0.045312
9 0.538281 0.405469 0.001563 0.045312
9 0.558594 0.345313 0.001563 0.065625
9 0.480469 0.413281 0.001563 0.042188
9 0.477344 0.345313 0.001563 0.065625
5 0.443750 0.387500 0.015625 0.015625
9 0.394531 0.421094 0.001563 0.042188
9 0.413281 0.345313 0.001563 0.065625
2 0.381250 0.396094 0.015625 0.045312
9 0.330469 0.434375 0.001563 0.053125
9 0.350781 0.345313 0.001563 0.065625
9 0.267969 0.438281 0.001563 0.045312
9 0.286719 0.345313 0.001563 0.065625
5 0.254688 0.412500 0.015625 0.015625
9 0.203906 0.434375 0.001563 0.053125
9 0.224219 0.345313 0.001563 0.065625
9 0.117969 0.422656 0.001563 0.045312
9 0.114844 0.350781 0.001563 0.070312
5 0.082812 0.387500 0.015625 0.015625
9 0.041406 0.418750 0.001563 0.053125
2 0.028125 0.388281 0.015625 0.045312
9 0.011719 0.350781 0.001563 0.070312
0 0.789062 0.525000 0.021875 0.018750
0 0.789062 0.540625 0.021875 0.018750
0 0.789062 0.565625 0.021875 0.018750
0 0.770312 0.550000 0.021875 0.018750
0 0.726562 0.525000 0.021875 0.018750
0 0.726562 0.540625 0.021875 0.018750
0 0.726562 0.565625 0.021875 0.018750
0 0.706250 0.550000 0.021875 0.018750
0 0.645312 0.525000 0.021875 0.018750
0 0.645312 0.540625 0.021875 0.018750
0 0.645312 0.565625 0.021875 0.018750
0 0.625000 0.550000 0.021875 0.018750
0 0.548438 0.532813 0.021875 0.018750
0 0.548438 0.550000 0.021875 0.018750
0 0.548438 0.565625 0.021875 0.018750
0 0.467187 0.532813 0.021875 0.018750
0 0.467187 0.550000 0.021875 0.018750
0 0.467187 0.565625 0.021875 0.018750
0 0.404687 0.532813 0.021875 0.018750
0 0.404687 0.550000 0.021875 0.018750
0 0.404687 0.565625 0.021875 0.018750
0 0.340625 0.565625 0.021875 0.018750
0 0.340625 0.589063 0.021875 0.018750
0 0.340625 0.606250 0.021875 0.018750
0 0.278125 0.565625 0.021875 0.018750
0 0.278125 0.589063 0.021875 0.018750
0 0.278125 0.606250 0.021875 0.018750
0 0.214062 0.565625 0.021875 0.018750
0 0.214062 0.589063 0.021875 0.018750
0 0.214062 0.606250 0.021875 0.018750
0 0.104688 0.557813 0.021875 0.018750
0 0.104688 0.573438 0.021875 0.018750
0 0.104688 0.598437 0.021875 0.018750
0 0.085938 0.581250 0.021875 0.018750
0 0.007031 0.557813 0.014063 0.018750
0 0.007031 0.573438 0.014063 0.018750
0 0.007031 0.598437 0.014063 0.018750
0 0.831250 0.356250 0.021875 0.018750
0 0.812500 0.364063 0.021875 0.018750
0 0.789062 0.356250 0.021875 0.018750
0 0.726562 0.364063 0.021875 0.018750
0 0.745313 0.356250 0.021875 0.018750
0 0.726562 0.364063 0.021875 0.018750
0 0.667188 0.373437 0.021875 0.018750
0 0.664062 0.356250 0.021875 0.018750
0 0.645312 0.364063 0.021875 0.018750
0 0.548438 0.381250 0.021875 0.018750
0 0.548438 0.364063 0.021875 0.018750
0 0.548438 0.381250 0.021875 0.018750
0 0.490625 0.389062 0.021875 0.018750
0 0.467187 0.364063 0.021875 0.018750
0 0.467187 0.381250 0.021875 0.018750
0 0.404687 0.396875 0.021875 0.018750
0 0.404687 0.364063 0.021875 0.018750
0 0.404687 0.381250 0.021875 0.018750
0 0.340625 0.404687 0.021875 0.018750
0 0.340625 0.364063 0.021875 0.018750
0 0.340625 0.381250 0.021875 0.018750
0 0.278125 0.412500 0.021875 0.018750
0 0.278125 0.364063 0.021875 0.018750
0 0.278125 0.381250 0.021875 0.018750
0 0.214062 0.404687 0.021875 0.018750
0 0.214062 0.364063 0.021875 0.018750
0 0.214062 0.381250 0.021875 0.018750
0 0.128125 0.396875 0.021875 0.018750
0 0.104688 0.373437 0.021875 0.018750
0 0.104688 0.389062 0.021875 0.018750
0 0.051562 0.389062 0.021875 0.018750
0 0.007031 0.373437 0.014063 0.018750
0 0.007031 0.389062 0.014063 0.018750
