10 0.828906 0.319531 0.142187 0.007812
10 0.639062 0.319531 0.121875 0.007812
10 0.388281 0.319531 0.142187 0.007812
10 0.172656 0.319531 0.151562 0.007812
10 0.969531 0.435156 0.060937 0.020313
10 0.810156 0.457031 0.142187 0.007812
10 0.613281 0.449219 0.132812 0.007812
10 0.357031 0.441406 0.142187 0.007812
10 0.142969 0.433594 0.151562 0.007812
10 0.969531 0.616406 0.060937 0.007812
10 0.810156 0.616406 0.142187 0.007812
10 0.613281 0.616406 0.132812 0.007812
10 0.357031 0.616406 0.142187 0.007812
10 0.142969 0.616406 0.151562 0.007812
13 0.218750 0.481250 0.437500 0.050000
13 0.228906 0.271875 0.457813 0.046875
14 0.496875 0.467187 0.003125 0.271875
9 0.939844 0.579688 0.001563 0.081250
9 0.878906 0.579688 0.001563 0.081250
9 0.800781 0.579688 0.001563 0.081250
9 0.739844 0.579688 0.001563 0.081250
9 0.678906 0.579688 0.001563 0.081250
9 0.617969 0.579688 0.001563 0.081250
4 0.592969 0.553125 0.010937 0.043750
4 0.607031 0.535937 0.010937 0.043750
9 0.547656 0.576562 0.001563 0.090625
4 0.519531 0.543750 0.010937 0.043750
3 0.535156 0.520312 0.014063 0.040625
4 0.536719 0.568750 0.010937 0.043750
8 0.436719 0.508594 0.004687 0.004687
9 0.427344 0.576562 0.001563 0.090625
8 0.366406 0.508594 0.004687 0.004687
9 0.357031 0.576562 0.001563 0.090625
8 0.296094 0.508594 0.004687 0.004687
9 0.286719 0.576562 0.001563 0.090625
4 0.257031 0.543750 0.010937 0.043750
3 0.274219 0.520312 0.014063 0.040625
8 0.225781 0.516406 0.004687 0.004687
9 0.216406 0.579688 0.001563 0.081250
8 0.146094 0.516406 0.004687 0.004687
9 0.136719 0.579688 0.001563 0.081250
8 0.077344 0.516406 0.004687 0.004687
9 0.067969 0.579688 0.001563 0.081250
8 0.007031 0.516406 0.004687 0.004687
9 0.982031 0.358594 0.001563 0.085938
9 0.939844 0.421094 0.001563 0.042188
9 0.878906 0.434375 0.001563 0.053125
9 0.899219 0.358594 0.001563 0.085938
9 0.822656 0.438281 0.001563 0.045312
9 0.819531 0.358594 0.001563 0.085938
9 0.739844 0.434375 0.001563 0.053125
9 0.758594 0.358594 0.001563 0.085938
9 0.678906 0.430469 0.001563 0.045312
9 0.697656 0.358594 0.001563 0.085938
9 0.617969 0.430469 0.001563 0.045312
9 0.636719 0.358594 0.001563 0.085938
4 0.607031 0.404687 0.010937 0.043750
9 0.578906 0.362500 0.001563 0.093750
9 0.547656 0.426563 0.001563 0.053125
4 0.536719 0.371875 0.010937 0.043750
8 0.457031 0.305469 0.004687 0.004687
9 0.457031 0.362500 0.001563 0.093750
9 0.427344 0.422656 0.001563 0.045312
8 0.386719 0.305469 0.004687 0.004687
9 0.386719 0.362500 0.001563 0.093750
9 0.357031 0.418750 0.001563 0.053125
8 0.317969 0.305469 0.004687 0.004687
9 0.317969 0.362500 0.001563 0.093750
9 0.286719 0.422656 0.001563 0.045312
8 0.247656 0.305469 0.004687 0.004687
9 0.247656 0.358594 0.001563 0.085938
9 0.216406 0.414844 0.001563 0.045312
8 0.178906 0.305469 0.004687 0.004687
9 0.178906 0.358594 0.001563 0.085938
9 0.136719 0.409375 0.001563 0.053125
4 0.127344 0.379688 0.010937 0.043750
8 0.097656 0.305469 0.004687 0.004687
9 0.097656 0.358594 0.001563 0.085938
9 0.067969 0.414844 0.001563 0.045312
8 0.027344 0.305469 0.004687 0.004687
9 0.027344 0.358594 0.001563 0.085938
0 0.950000 0.537500 0.021875 0.018750
0 0.950000 0.553125 0.021875 0.018750
0 0.950000 0.568750 0.021875 0.018750
0 0.889062 0.537500 0.021875 0.018750
0 0.889062 0.553125 0.021875 0.018750
0 0.889062 0.568750 0.021875 0.018750
0 0.810937 0.537500 0.021875 0.018750
0 0.810937 0.553125 0.021875 0.018750
0 0.810937 0.568750 0.021875 0.018750
0 0.750000 0.537500 0.021875 0.018750
0 0.750000 0.553125 0.021875 0.018750
0 0.750000 0.568750 0.021875 0.018750
0 0.689063 0.537500 0.021875 0.018750
0 0.689063 0.553125 0.021875 0.018750
0 0.689063 0.568750 0.021875 0.018750
0 0.628125 0.537500 0.021875 0.018750
0 0.628125 0.553125 0.021875 0.018750
0 0.628125 0.568750 0.021875 0.018750
0 0.557813 0.528125 0.021875 0.018750
0 0.557813 0.545312 0.021875 0.018750
0 0.557813 0.568750 0.021875 0.018750
0 0.437500 0.528125 0.021875 0.018750
0 0.437500 0.545312 0.021875 0.018750
0 0.437500 0.568750 0.021875 0.018750
0 0.367188 0.528125 0.021875 0.018750
0 0.367188 0.545312 0.021875 0.018750
0 0.367188 0.568750 0.021875 0.018750
0 0.296875 0.528125 0.021875 0.018750
0 0.296875 0.545312 0.021875 0.018750
0 0.296875 0.568750 0.021875 0.018750
0 0.226562 0.537500 0.021875 0.018750
0 0.226562 0.553125 0.021875 0.018750
0 0.226562 0.568750 0.021875 0.018750
0 0.146875 0.537500 0.021875 0.018750
0 0.146875 0.553125 0.021875 0.018750
0 0.146875 0.568750 0.021875 0.018750
0 0.078125 0.537500 0.021875 0.018750
0 0.078125 0.553125 0.021875 0.018750
0 0.078125 0.568750 0.021875 0.018750
0 0.009375 0.537500 0.018750 0.018750
0 0.009375 0.553125 0.018750 0.018750
0 0.009375 0.568750 0.018750 0.018750
0 0.971875 0.373437 0.021875 0.018750
0 0.971875 0.404687 0.021875 0.018750
0 0.950000 0.396875 0.021875 0.018750
0 0.889062 0.404687 0.021875 0.018750
0 0.889062 0.373437 0.021875 0.018750
0 0.889062 0.404687 0.021875 0.018750
0 0.832812 0.412500 0.021875 0.018750
0 0.810937 0.404687 0.021875 0.018750
0 0.810937 0.373437 0.021875 0.018750
0 0.750000 0.404687 0.021875 0.018750
0 0.750000 0.373437 0.021875 0.018750
0 0.750000 0.404687 0.021875 0.018750
0 0.689063 0.404687 0.021875 0.018750
0 0.689063 0.404687 0.021875 0.018750
0 0.689063 0.373437 0.021875 0.018750
0 0.628125 0.404687 0.021875 0.018750
0 0.628125 0.404687 0.021875 0.018750
0 0.628125 0.373437 0.021875 0.018750
0 0.568750 0.412500 0.021875 0.018750
0 0.568750 0.373437 0.021875 0.018750
0 0.557813 0.396875 0.021875 0.018750
0 0.448437 0.373437 0.021875 0.018750
0 0.448437 0.412500 0.021875 0.018750
0 0.437500 0.396875 0.021875 0.018750
0 0.378125 0.412500 0.021875 0.018750
0 0.378125 0.373437 0.021875 0.018750
0 0.367188 0.389062 0.021875 0.018750
0 0.307812 0.373437 0.021875 0.018750
0 0.307812 0.412500 0.021875 0.018750
0 0.296875 0.396875 0.021875 0.018750
0 0.237500 0.404687 0.021875 0.018750
0 0.237500 0.373437 0.021875 0.018750
0 0.226562 0.389062 0.021875 0.018750
0 0.170313 0.373437 0.021875 0.018750
0 0.170313 0.404687 0.021875 0.018750
0 0.146875 0.381250 0.021875 0.018750
0 0.089063 0.373437 0.021875 0.018750
0 0.089063 0.404687 0.021875 0.018750
0 0.078125 0.389062 0.021875 0.018750
0 0.018750 0.373437 0.021875 0.018750
0 0.018750 0.404687 0.021875 0.018750
0 0.009375 0.389062 0.018750 0.018750
