10 0.275781 0.316406 0.154688 0.032813
10 0.046875 0.414844 0.093750 0.035937
10 0.746094 0.441406 0.145313 0.032813
10 0.542969 0.445312 0.148438 0.040625
10 0.305469 0.464844 0.214062 0.032813
10 0.035937 0.447656 0.071875 0.020313
10 0.654687 0.573438 0.203125 0.015625
14 0.838281 0.475781 0.029687 0.010937
14 0.643750 0.460156 0.043750 0.010937
14 0.132812 0.482812 0.112500 0.012500
9 0.860938 0.445312 0.003125 0.228125
9 0.151562 0.445312 0.003125 0.228125
9 0.816406 0.465625 0.001563 0.050000
9 0.755469 0.558594 0.001563 0.042188
4 0.746094 0.532813 0.010937 0.043750
9 0.733594 0.471094 0.001563 0.073438
9 0.655469 0.550781 0.001563 0.045312
9 0.674219 0.450781 0.001563 0.045312
9 0.614844 0.450781 0.001563 0.045312
4 0.585156 0.476562 0.010937 0.043750
9 0.553906 0.545312 0.001563 0.050000
3 0.541406 0.509375 0.014063 0.040625
9 0.527344 0.465625 0.001563 0.050000
12 0.456250 0.545312 0.015625 0.028125
9 0.469531 0.477344 0.001563 0.057813
9 0.410156 0.490625 0.001563 0.050000
4 0.380469 0.517188 0.010937 0.043750
9 0.350781 0.485156 0.001563 0.045312
2 0.318750 0.510156 0.015625 0.045312
9 0.178906 0.551562 0.001563 0.046875
9 0.199219 0.475781 0.001563 0.045312
9 0.050781 0.546875 0.001563 0.053125
9 0.071094 0.475781 0.001563 0.045312
12 0.663281 0.364844 0.017188 0.048438
12 0.457031 0.364844 0.017188 0.048438
9 0.350781 0.335156 0.001563 0.070312
9 0.303906 0.330469 0.001563 0.060937
9 0.257031 0.335156 0.001563 0.070312
9 0.199219 0.339062 0.001563 0.078125
9 0.092969 0.405469 0.001563 0.045312
9 0.010156 0.385937 0.001563 0.068750
4 0.002344 0.348438 0.004687 0.043750
0 0.807813 0.493750 0.021875 0.018750
0 0.765625 0.534375 0.021875 0.018750
0 0.723437 0.509375 0.021875 0.018750
0 0.665625 0.526563 0.021875 0.018750
0 0.665625 0.478125 0.021875 0.018750
0 0.606250 0.478125 0.021875 0.018750
0 0.564063 0.518750 0.021875 0.018750
0 0.518750 0.493750 0.021875 0.018750
0 0.459375 0.509375 0.021875 0.018750
0 0.401562 0.518750 0.021875 0.018750
0 0.342187 0.509375 0.021875 0.018750
0 0.189062 0.526563 0.021875 0.018750
0 0.189062 0.501563 0.021875 0.018750
0 0.060937 0.518750 0.021875 0.018750
0 0.060937 0.501563 0.021875 0.018750
0 0.342187 0.373437 0.021875 0.018750
0 0.295312 0.364063 0.021875 0.018750
0 0.248438 0.373437 0.021875 0.018750
0 0.189062 0.381250 0.021875 0.018750
0 0.103125 0.381250 0.021875 0.018750
0 0.020313 0.348438 0.021875 0.018750
