10 0.739844 0.282031 0.204687 0.020313
10 0.439844 0.296094 0.132812 0.007812
10 0.155469 0.278906 0.160938 0.007812
10 0.700000 0.427344 0.165625 0.020313
10 0.464844 0.430469 0.120313 0.035937
10 0.154688 0.412500 0.200000 0.040625
14 0.735938 0.289844 0.234375 0.017188
14 0.496094 0.346094 0.232813 0.017188
9 0.860938 0.445312 0.003125 0.228125
9 0.565625 0.445312 0.003125 0.228125
9 0.295312 0.445312 0.003125 0.228125
9 0.029687 0.445312 0.003125 0.228125
11 0.712500 0.514062 0.018750 0.009375
11 0.429688 0.514062 0.018750 0.009375
11 0.160938 0.514062 0.018750 0.009375
9 0.841406 0.300781 0.001563 0.057813
9 0.782031 0.397656 0.001563 0.045312
9 0.800781 0.308594 0.001563 0.073438
2 0.768750 0.347656 0.015625 0.045312
9 0.753906 0.304688 0.001563 0.065625
9 0.694531 0.404687 0.001563 0.043750
9 0.713281 0.300781 0.001563 0.057813
9 0.674219 0.296875 0.001563 0.050000
9 0.617969 0.413281 0.001563 0.042188
9 0.638281 0.312500 0.001563 0.081250
9 0.611719 0.292187 0.001563 0.040625
9 0.525781 0.422656 0.001563 0.045312
9 0.485156 0.416406 0.001563 0.048438
9 0.505469 0.314844 0.001563 0.045312
9 0.446094 0.408594 0.001563 0.051562
9 0.405469 0.401562 0.001563 0.053125
9 0.425781 0.318750 0.001563 0.053125
2 0.392188 0.347656 0.015625 0.045312
9 0.374219 0.314844 0.001563 0.045312
12 0.328125 0.400000 0.015625 0.028125
9 0.341406 0.330469 0.001563 0.045312
9 0.253906 0.380469 0.001563 0.057813
9 0.214844 0.389844 0.001563 0.045312
9 0.235156 0.297656 0.001563 0.045312
9 0.175781 0.388281 0.001563 0.057813
9 0.135156 0.397656 0.001563 0.045312
9 0.155469 0.301563 0.001563 0.053125
9 0.096094 0.396094 0.001563 0.057813
9 0.055469 0.405469 0.001563 0.045312
9 0.075781 0.297656 0.001563 0.045312
9 0.008594 0.289844 0.001563 0.045312
0 0.831250 0.332813 0.021875 0.018750
0 0.792188 0.373437 0.021875 0.018750
0 0.792188 0.348438 0.021875 0.018750
0 0.743750 0.340625 0.021875 0.018750
0 0.704688 0.381250 0.021875 0.018750
0 0.704688 0.332813 0.021875 0.018750
0 0.664062 0.325000 0.021875 0.018750
0 0.628125 0.389062 0.021875 0.018750
0 0.628125 0.356250 0.021875 0.018750
0 0.603125 0.315625 0.021875 0.018750
0 0.535937 0.396875 0.021875 0.018750
0 0.495312 0.389062 0.021875 0.018750
0 0.495312 0.340625 0.021875 0.018750
0 0.456250 0.381250 0.021875 0.018750
0 0.415625 0.373437 0.021875 0.018750
0 0.415625 0.348438 0.021875 0.018750
0 0.364063 0.340625 0.021875 0.018750
0 0.331250 0.356250 0.021875 0.018750
0 0.264062 0.348438 0.021875 0.018750
0 0.225000 0.364063 0.021875 0.018750
0 0.225000 0.325000 0.021875 0.018750
0 0.185938 0.356250 0.021875 0.018750
0 0.145313 0.373437 0.021875 0.018750
0 0.145313 0.332813 0.021875 0.018750
0 0.106250 0.364063 0.021875 0.018750
0 0.065625 0.381250 0.021875 0.018750
0 0.065625 0.325000 0.021875 0.018750
0 0.004687 0.315625 0.009375 0.018750
