10 0.671875 0.406250 0.078125 0.012500
10 0.392969 0.392969 0.323437 0.073438
10 0.092969 0.408594 0.185938 0.032813
10 0.717187 0.454688 0.131250 0.028125
10 0.049219 0.446875 0.098437 0.012500
10 0.934375 0.585938 0.131250 0.015625
10 0.222656 0.589844 0.292187 0.007812
14 0.449219 0.465625 0.385937 0.025000
14 0.680469 0.328125 0.076563 0.021875
14 0.315625 0.299219 0.043750 0.010937
9 0.595313 0.467187 0.003125 0.271875
12 0.952344 0.472656 0.017188 0.048438
9 0.944531 0.559375 0.001563 0.053125
9 0.869531 0.553906 0.001563 0.057813
4 0.858594 0.521875 0.010937 0.043750
9 0.835156 0.473438 0.001563 0.040625
9 0.782031 0.478125 0.001563 0.050000
4 0.752344 0.504687 0.010937 0.043750
9 0.727344 0.472656 0.001563 0.045312
2 0.695312 0.497656 0.015625 0.045312
9 0.633594 0.543750 0.001563 0.053125
9 0.652344 0.465625 0.001563 0.040625
9 0.367969 0.567187 0.001563 0.053125
9 0.232031 0.560156 0.001563 0.070312
9 0.250781 0.465625 0.001563 0.040625
2 0.218750 0.521094 0.015625 0.045312
9 0.077344 0.567187 0.001563 0.053125
9 0.097656 0.465625 0.001563 0.040625
4 0.067969 0.489063 0.010937 0.043750
12 0.952344 0.364844 0.017188 0.048438
12 0.822656 0.364844 0.017188 0.048438
9 0.708594 0.378125 0.001563 0.053125
9 0.633594 0.384375 0.001563 0.050000
2 0.620313 0.355469 0.015625 0.045312
9 0.552344 0.392188 0.001563 0.065625
9 0.510156 0.386719 0.001563 0.070312
9 0.466406 0.380469 0.001563 0.073438
9 0.424219 0.372656 0.001563 0.076563
4 0.413281 0.331250 0.010937 0.043750
9 0.380469 0.367188 0.001563 0.081250
9 0.327344 0.360938 0.001563 0.084375
9 0.285156 0.358594 0.001563 0.079687
9 0.232031 0.351562 0.001563 0.081250
3 0.219531 0.300000 0.014063 0.040625
9 0.185156 0.375781 0.001563 0.098437
4 0.174219 0.323437 0.010937 0.043750
9 0.142969 0.384375 0.001563 0.081250
4 0.132031 0.339062 0.010937 0.043750
9 0.099219 0.392188 0.001563 0.065625
9 0.033594 0.388281 0.001563 0.073438
0 0.954688 0.529687 0.021875 0.018750
0 0.879687 0.521875 0.021875 0.018750
0 0.825000 0.498437 0.021875 0.018750
0 0.771875 0.506250 0.021875 0.018750
0 0.718750 0.498437 0.021875 0.018750
0 0.643750 0.514062 0.021875 0.018750
0 0.643750 0.489063 0.021875 0.018750
0 0.378125 0.537500 0.021875 0.018750
0 0.242188 0.521875 0.021875 0.018750
0 0.242188 0.489063 0.021875 0.018750
0 0.087500 0.537500 0.021875 0.018750
0 0.087500 0.489063 0.021875 0.018750
0 0.718750 0.348438 0.021875 0.018750
0 0.643750 0.356250 0.021875 0.018750
0 0.562500 0.356250 0.021875 0.018750
0 0.520312 0.348438 0.021875 0.018750
0 0.476562 0.340625 0.021875 0.018750
0 0.434375 0.332813 0.021875 0.018750
0 0.390625 0.325000 0.021875 0.018750
0 0.337500 0.315625 0.021875 0.018750
0 0.295312 0.315625 0.021875 0.018750
0 0.242188 0.307812 0.021875 0.018750
0 0.195312 0.325000 0.021875 0.018750
0 0.153125 0.340625 0.021875 0.018750
0 0.109375 0.356250 0.021875 0.018750
0 0.043750 0.348438 0.021875 0.018750
