3 0.366406 0.539062 0.014063 0.040625
3 0.347656 0.562500 0.014063 0.040625
7 0.303125 0.572656 0.043750 0.114062
3 0.366406 0.331250 0.014063 0.040625
3 0.347656 0.356250 0.014063 0.040625
7 0.303125 0.366406 0.043750 0.114062
10 0.451562 0.398438 0.081250 0.012500
10 0.914844 0.518750 0.170313 0.040625
10 0.703906 0.524219 0.167187 0.035937
10 0.497656 0.539844 0.135937 0.035937
10 0.809375 0.649219 0.262500 0.020313
14 0.403906 0.562500 0.035937 0.009375
14 0.460156 0.318750 0.079687 0.018750
9 0.271875 0.467969 0.003125 0.273438
9 0.999219 0.553125 0.001563 0.062500
9 0.941406 0.635156 0.001563 0.042188
9 0.921094 0.543750 0.001563 0.062500
3 0.888281 0.570312 0.014063 0.040625
9 0.874219 0.550000 0.001563 0.084375
9 0.810156 0.628125 0.001563 0.043750
9 0.830469 0.530469 0.001563 0.057813
4 0.800781 0.562500 0.010937 0.043750
9 0.785156 0.539844 0.001563 0.057813
4 0.755469 0.570312 0.010937 0.043750
9 0.741406 0.545312 0.001563 0.062500
4 0.711719 0.578125 0.010937 0.043750
9 0.678906 0.621094 0.001563 0.045312
12 0.607812 0.621875 0.015625 0.028125
9 0.621094 0.552344 0.001563 0.060937
9 0.564844 0.567187 0.001563 0.050000
9 0.508594 0.560156 0.001563 0.048438
4 0.478906 0.585938 0.010937 0.043750
9 0.411719 0.627344 0.001563 0.042188
9 0.430469 0.551562 0.001563 0.050000
12 0.817969 0.364844 0.017188 0.048438
12 0.608594 0.364844 0.017188 0.048438
9 0.489844 0.370312 0.001563 0.053125
9 0.411719 0.376563 0.001563 0.050000
0 0.989844 0.587500 0.020313 0.018750
0 0.951562 0.610938 0.021875 0.018750
0 0.910937 0.579688 0.021875 0.018750
0 0.865625 0.595313 0.021875 0.018750
0 0.820312 0.603125 0.021875 0.018750
0 0.820312 0.562500 0.021875 0.018750
0 0.776563 0.571875 0.021875 0.018750
0 0.732812 0.579688 0.021875 0.018750
0 0.689063 0.595313 0.021875 0.018750
0 0.610938 0.587500 0.021875 0.018750
0 0.556250 0.595313 0.021875 0.018750
0 0.500000 0.587500 0.021875 0.018750
0 0.421875 0.603125 0.021875 0.018750
0 0.421875 0.579688 0.021875 0.018750
0 0.500000 0.340625 0.021875 0.018750
0 0.421875 0.348438 0.021875 0.018750
