10 0.364063 0.406250 0.078125 0.012500
10 0.123438 0.392969 0.246875 0.073438
10 0.409375 0.454688 0.131250 0.028125
10 0.637500 0.585938 0.153125 0.015625
14 0.167187 0.465625 0.334375 0.025000
14 0.372656 0.328125 0.076563 0.021875
14 0.014844 0.299219 0.029687 0.010937
9 0.806250 0.467187 0.034375 0.271875
9 0.287500 0.467187 0.003125 0.271875
9 0.713281 0.565625 0.001563 0.050000
12 0.644531 0.472656 0.017188 0.048438
9 0.636719 0.559375 0.001563 0.053125
9 0.561719 0.553906 0.001563 0.057813
4 0.550781 0.521875 0.010937 0.043750
9 0.527344 0.473438 0.001563 0.040625
9 0.474219 0.478125 0.001563 0.050000
4 0.444531 0.504687 0.010937 0.043750
9 0.419531 0.472656 0.001563 0.045312
2 0.387500 0.497656 0.015625 0.045312
9 0.325781 0.543750 0.001563 0.053125
9 0.344531 0.465625 0.001563 0.040625
9 0.060156 0.567187 0.001563 0.053125
15 0.840625 0.586719 0.028125 0.032813
15 0.840625 0.553906 0.025000 0.032813
12 0.644531 0.364844 0.017188 0.048438
12 0.514844 0.364844 0.017188 0.048438
9 0.400781 0.378125 0.001563 0.053125
9 0.325781 0.384375 0.001563 0.050000
2 0.312500 0.355469 0.015625 0.045312
9 0.244531 0.392188 0.001563 0.065625
9 0.202344 0.386719 0.001563 0.070312
9 0.158594 0.380469 0.001563 0.073438
9 0.116406 0.372656 0.001563 0.076563
4 0.105469 0.331250 0.010937 0.043750
9 0.072656 0.367188 0.001563 0.081250
9 0.019531 0.360938 0.001563 0.084375
15 0.840625 0.380469 0.028125 0.032813
15 0.840625 0.347656 0.025000 0.032813
0 0.723437 0.537500 0.021875 0.018750
0 0.646875 0.529687 0.021875 0.018750
0 0.571875 0.521875 0.021875 0.018750
0 0.517188 0.498437 0.021875 0.018750
0 0.464062 0.506250 0.021875 0.018750
0 0.410938 0.498437 0.021875 0.018750
0 0.335938 0.514062 0.021875 0.018750
0 0.335938 0.489063 0.021875 0.018750
0 0.070312 0.537500 0.021875 0.018750
0 0.410938 0.348438 0.021875 0.018750
0 0.335938 0.356250 0.021875 0.018750
0 0.254688 0.356250 0.021875 0.018750
0 0.212500 0.348438 0.021875 0.018750
0 0.168750 0.340625 0.021875 0.018750
0 0.126562 0.332813 0.021875 0.018750
0 0.082812 0.325000 0.021875 0.018750
0 0.029687 0.315625 0.021875 0.018750
