3 0.366406 0.493750 0.014063 0.040625
3 0.347656 0.517188 0.014063 0.040625
7 0.303125 0.527344 0.043750 0.114062
3 0.366406 0.331250 0.014063 0.040625
3 0.347656 0.356250 0.014063 0.040625
7 0.303125 0.366406 0.043750 0.114062
10 0.511719 0.394531 0.185938 0.035937
10 0.943750 0.500781 0.112500 0.048438
10 0.760938 0.487500 0.181250 0.043750
10 0.532031 0.499219 0.185938 0.020313
10 0.863281 0.629687 0.235937 0.015625
14 0.408594 0.524219 0.045312 0.010937
14 0.540625 0.307812 0.146875 0.040625
9 0.271875 0.445312 0.003125 0.228125
9 0.978906 0.614844 0.001563 0.042188
3 0.966406 0.582812 0.014063 0.040625
9 0.964844 0.521094 0.001563 0.051562
9 0.925781 0.521094 0.001563 0.067187
9 0.867969 0.608594 0.001563 0.045312
9 0.888281 0.510156 0.001563 0.057813
9 0.849219 0.514062 0.001563 0.065625
9 0.811719 0.516406 0.001563 0.076563
3 0.778906 0.550000 0.014063 0.040625
9 0.746094 0.601562 0.001563 0.050000
3 0.733594 0.565625 0.014063 0.040625
9 0.719531 0.517188 0.001563 0.090625
12 0.659375 0.593750 0.015625 0.028125
9 0.671094 0.499219 0.001563 0.060937
3 0.639844 0.525000 0.014063 0.040625
9 0.622656 0.514062 0.001563 0.050000
3 0.591406 0.534375 0.014063 0.040625
9 0.575781 0.517969 0.001563 0.057813
9 0.419531 0.607031 0.001563 0.042188
9 0.439844 0.514062 0.001563 0.050000
3 0.407031 0.573438 0.014063 0.040625
12 0.875781 0.364844 0.017188 0.048438
12 0.660156 0.364844 0.017188 0.048438
9 0.603906 0.380469 0.001563 0.057813
9 0.555469 0.375781 0.001563 0.064062
9 0.507031 0.358594 0.001563 0.095312
3 0.494531 0.300000 0.014063 0.040625
9 0.458594 0.361719 0.001563 0.085938
9 0.419531 0.374219 0.001563 0.060937
0 0.989062 0.590625 0.021875 0.018750
0 0.956250 0.550000 0.021875 0.018750
0 0.917188 0.557813 0.021875 0.018750
0 0.878125 0.582812 0.021875 0.018750
0 0.878125 0.542188 0.021875 0.018750
0 0.840625 0.550000 0.021875 0.018750
0 0.801562 0.557813 0.021875 0.018750
0 0.756250 0.575000 0.021875 0.018750
0 0.709375 0.567187 0.021875 0.018750
0 0.662500 0.534375 0.021875 0.018750
0 0.614062 0.542188 0.021875 0.018750
0 0.565625 0.550000 0.021875 0.018750
0 0.429688 0.582812 0.021875 0.018750
0 0.429688 0.542188 0.021875 0.018750
0 0.614062 0.348438 0.021875 0.018750
0 0.565625 0.340625 0.021875 0.018750
0 0.517188 0.307812 0.021875 0.018750
0 0.468750 0.315625 0.021875 0.018750
0 0.429688 0.340625 0.021875 0.018750
