3 0.367969 0.529687 0.014063 0.040625
3 0.349219 0.553125 0.014063 0.040625
13 0.303906 0.541406 0.045312 0.057813
3 0.367969 0.331250 0.014063 0.040625
3 0.349219 0.356250 0.014063 0.040625
7 0.303125 0.366406 0.043750 0.114062
10 0.939844 0.414062 0.120313 0.065625
10 0.759375 0.382812 0.178125 0.034375
10 0.529687 0.307031 0.181250 0.048438
10 0.643750 0.439063 0.212500 0.012500
10 0.864062 0.582031 0.271875 0.007812
14 0.960156 0.331250 0.076563 0.025000
14 0.814844 0.293750 0.085938 0.025000
14 0.662500 0.318750 0.025000 0.050000
14 0.709375 0.299219 0.059375 0.010937
14 0.410156 0.316406 0.045312 0.014063
9 0.271875 0.455469 0.003125 0.248438
9 0.880469 0.559375 0.001563 0.053125
9 0.899219 0.457813 0.001563 0.040625
9 0.728906 0.559375 0.001563 0.053125
9 0.749219 0.457813 0.001563 0.040625
3 0.716406 0.473438 0.014063 0.040625
2 0.715625 0.530469 0.015625 0.045312
12 0.678125 0.548438 0.015625 0.028125
9 0.689844 0.461719 0.001563 0.048438
9 0.538281 0.463281 0.001563 0.045312
12 0.428125 0.484375 0.015625 0.028125
9 0.421094 0.558594 0.001563 0.051562
9 0.988281 0.395313 0.001563 0.056250
9 0.955469 0.389062 0.001563 0.059375
4 0.946094 0.356250 0.010937 0.043750
9 0.913281 0.382812 0.001563 0.062500
8 0.889844 0.296094 0.004687 0.004687
9 0.880469 0.364063 0.001563 0.090625
9 0.846094 0.361719 0.001563 0.070312
2 0.832812 0.324219 0.015625 0.045312
9 0.796094 0.357031 0.001563 0.076563
9 0.761719 0.353125 0.001563 0.084375
9 0.728906 0.356250 0.001563 0.075000
9 0.644531 0.354687 0.001563 0.031250
9 0.671094 0.355469 0.001563 0.073438
9 0.619531 0.339062 0.001563 0.062500
9 0.586719 0.339844 0.001563 0.073438
2 0.553125 0.380469 0.015625 0.045312
9 0.508594 0.346875 0.001563 0.031250
9 0.538281 0.333594 0.001563 0.070312
9 0.482031 0.330469 0.001563 0.076563
9 0.439844 0.312500 0.001563 0.050000
3 0.408594 0.331250 0.014063 0.040625
0 0.890625 0.529687 0.021875 0.018750
0 0.890625 0.481250 0.021875 0.018750
0 0.739062 0.529687 0.021875 0.018750
0 0.739062 0.481250 0.021875 0.018750
0 0.681250 0.489063 0.021875 0.018750
0 0.529687 0.489063 0.021875 0.018750
0 0.431250 0.529687 0.021875 0.018750
0 0.993750 0.364063 0.012500 0.018750
0 0.965625 0.356250 0.021875 0.018750
0 0.923438 0.348438 0.021875 0.018750
0 0.890625 0.315625 0.021875 0.018750
0 0.856250 0.325000 0.021875 0.018750
0 0.806250 0.315625 0.021875 0.018750
0 0.771875 0.307812 0.021875 0.018750
0 0.739062 0.315625 0.021875 0.018750
0 0.639062 0.372656 0.012500 0.010937
0 0.681250 0.315625 0.021875 0.018750
0 0.609375 0.373437 0.021875 0.018750
0 0.576562 0.381250 0.021875 0.018750
0 0.501563 0.364844 0.012500 0.010937
0 0.529687 0.373437 0.021875 0.018750
0 0.473438 0.373437 0.021875 0.018750
0 0.431250 0.340625 0.021875 0.018750
