10 0.592969 0.288281 0.104688 0.007812
10 0.132031 0.267969 0.185938 0.032813
10 0.807813 0.436719 0.206250 0.032813
10 0.574219 0.431250 0.104688 0.012500
10 0.084375 0.396875 0.128125 0.015625
10 0.818750 0.548438 0.125000 0.040625
10 0.574219 0.560156 0.104688 0.007812
10 0.364063 0.564063 0.184375 0.040625
10 0.084375 0.556250 0.128125 0.025000
9 0.943750 0.456250 0.003125 0.250000
9 0.678125 0.456250 0.003125 0.250000
9 0.495312 0.456250 0.003125 0.250000
9 0.245312 0.456250 0.003125 0.250000
9 0.971094 0.528125 0.001563 0.050000
9 0.880469 0.537500 0.001563 0.053125
9 0.844531 0.531250 0.001563 0.056250
9 0.805469 0.522656 0.001563 0.057813
4 0.796094 0.490625 0.010937 0.043750
9 0.757031 0.514844 0.001563 0.057813
12 0.712500 0.485938 0.015625 0.028125
15 0.714844 0.570312 0.020313 0.053125
9 0.705469 0.567969 0.001563 0.051562
9 0.625781 0.537500 0.001563 0.053125
9 0.574219 0.541406 0.001563 0.045312
9 0.522656 0.533594 0.001563 0.060937
9 0.455469 0.526563 0.001563 0.065625
9 0.417969 0.537500 0.001563 0.053125
9 0.382031 0.535937 0.001563 0.065625
9 0.346094 0.545312 0.001563 0.053125
9 0.308594 0.543750 0.001563 0.065625
9 0.272656 0.553125 0.001563 0.053125
9 0.147656 0.520312 0.001563 0.053125
9 0.096094 0.528906 0.001563 0.051562
9 0.021094 0.537500 0.001563 0.053125
12 0.978125 0.334375 0.015625 0.028125
9 0.971094 0.397656 0.001563 0.045312
9 0.910156 0.417969 0.001563 0.070312
9 0.880469 0.422656 0.001563 0.060937
12 0.851562 0.351562 0.015625 0.028125
9 0.757031 0.417969 0.001563 0.070312
2 0.743750 0.380469 0.015625 0.045312
9 0.705469 0.417969 0.001563 0.070312
9 0.724219 0.315625 0.001563 0.040625
9 0.625781 0.413281 0.001563 0.042188
9 0.646094 0.314844 0.001563 0.060937
2 0.612500 0.347656 0.015625 0.045312
9 0.574219 0.403125 0.001563 0.056250
9 0.592969 0.307031 0.001563 0.045312
9 0.522656 0.405469 0.001563 0.045312
9 0.541406 0.310937 0.001563 0.053125
15 0.427344 0.378125 0.020313 0.053125
9 0.417969 0.377344 0.001563 0.051562
15 0.446094 0.293750 0.017188 0.053125
9 0.438281 0.295312 0.001563 0.053125
9 0.272656 0.353125 0.001563 0.053125
9 0.291406 0.284375 0.001563 0.040625
9 0.224219 0.283594 0.001563 0.057813
9 0.192969 0.289062 0.001563 0.065625
9 0.147656 0.363281 0.001563 0.057813
9 0.096094 0.370312 0.001563 0.053125
9 0.114844 0.285156 0.001563 0.054688
9 0.075781 0.285156 0.001563 0.054688
9 0.021094 0.376563 0.001563 0.050000
9 0.039844 0.289844 0.001563 0.060937
0 0.981250 0.500000 0.021875 0.018750
0 0.890625 0.507812 0.021875 0.018750
0 0.854688 0.500000 0.021875 0.018750
0 0.815625 0.492188 0.021875 0.018750
0 0.767188 0.484375 0.021875 0.018750
0 0.715625 0.540625 0.021875 0.018750
0 0.635938 0.507812 0.021875 0.018750
0 0.584375 0.515625 0.021875 0.018750
0 0.532813 0.500000 0.021875 0.018750
0 0.465625 0.492188 0.021875 0.018750
0 0.428125 0.507812 0.021875 0.018750
0 0.392188 0.500000 0.021875 0.018750
0 0.356250 0.515625 0.021875 0.018750
0 0.318750 0.507812 0.021875 0.018750
0 0.282813 0.523438 0.021875 0.018750
0 0.157812 0.492188 0.021875 0.018750
0 0.106250 0.500000 0.021875 0.018750
0 0.031250 0.507812 0.021875 0.018750
0 0.981250 0.373437 0.021875 0.018750
0 0.920312 0.381250 0.021875 0.018750
0 0.890625 0.389062 0.021875 0.018750
0 0.767188 0.381250 0.021875 0.018750
0 0.715625 0.381250 0.021875 0.018750
0 0.715625 0.340625 0.021875 0.018750
0 0.635938 0.389062 0.021875 0.018750
0 0.635938 0.348438 0.021875 0.018750
0 0.584375 0.373437 0.021875 0.018750
0 0.584375 0.332813 0.021875 0.018750
0 0.532813 0.381250 0.021875 0.018750
0 0.532813 0.340625 0.021875 0.018750
0 0.428125 0.348438 0.021875 0.018750
0 0.428125 0.325000 0.021875 0.018750
0 0.282813 0.325000 0.021875 0.018750
0 0.282813 0.307812 0.021875 0.018750
0 0.215625 0.315625 0.021875 0.018750
0 0.182812 0.325000 0.021875 0.018750
0 0.157812 0.332813 0.021875 0.018750
0 0.106250 0.340625 0.021875 0.018750
0 0.106250 0.315625 0.021875 0.018750
0 0.067187 0.315625 0.021875 0.018750
0 0.031250 0.348438 0.021875 0.018750
0 0.031250 0.325000 0.021875 0.018750
