10 0.965625 0.394531 0.068750 0.060937
10 0.817969 0.360938 0.167187 0.040625
10 0.607031 0.408594 0.176563 0.032813
10 0.361719 0.397656 0.170313 0.032813
10 0.136719 0.310937 0.229687 0.056250
10 0.769531 0.471875 0.460938 0.028125
10 0.200000 0.446875 0.400000 0.025000
10 0.894531 0.600781 0.210938 0.007812
10 0.252344 0.584375 0.254688 0.025000
14 0.772656 0.274219 0.057813 0.010937
14 0.619531 0.322656 0.014063 0.010937
14 0.492188 0.299219 0.075000 0.010937
9 0.493750 0.452344 0.003125 0.242188
9 0.932031 0.581250 0.001563 0.046875
9 0.950781 0.489844 0.001563 0.045312
9 0.789844 0.581250 0.001563 0.046875
9 0.810156 0.491406 0.001563 0.039062
12 0.742188 0.557813 0.015625 0.028125
9 0.753906 0.497656 0.001563 0.045312
9 0.635156 0.500000 0.001563 0.040625
2 0.603125 0.522656 0.015625 0.045312
9 0.519531 0.579688 0.001563 0.043750
9 0.539844 0.509375 0.001563 0.053125
9 0.378906 0.571094 0.001563 0.042188
9 0.397656 0.479687 0.001563 0.050000
9 0.277344 0.550781 0.001563 0.067187
9 0.297656 0.472656 0.001563 0.045312
9 0.125781 0.551562 0.001563 0.050000
9 0.144531 0.467187 0.001563 0.043750
9 0.963281 0.346875 0.001563 0.103125
9 0.932031 0.359375 0.001563 0.065625
9 0.900781 0.347656 0.001563 0.057813
9 0.867969 0.342969 0.001563 0.064062
9 0.836719 0.337500 0.001563 0.068750
4 0.825781 0.300000 0.010937 0.043750
9 0.789844 0.332031 0.001563 0.073438
9 0.735156 0.330469 0.001563 0.070312
9 0.694531 0.388281 0.001563 0.073438
9 0.663281 0.392188 0.001563 0.065625
2 0.650000 0.355469 0.015625 0.045312
9 0.605469 0.323437 0.001563 0.031250
9 0.614844 0.388281 0.001563 0.073438
9 0.560156 0.388281 0.001563 0.073438
9 0.519531 0.371875 0.001563 0.106250
9 0.446094 0.365625 0.001563 0.093750
4 0.435156 0.315625 0.010937 0.043750
9 0.402344 0.373437 0.001563 0.078125
2 0.389062 0.332031 0.015625 0.045312
9 0.341406 0.369531 0.001563 0.085938
9 0.308594 0.382031 0.001563 0.060937
9 0.277344 0.378906 0.001563 0.070312
3 0.264844 0.331250 0.014063 0.040625
9 0.250781 0.316406 0.001563 0.057813
9 0.219531 0.321875 0.001563 0.062500
4 0.189844 0.356250 0.010937 0.043750
9 0.175781 0.328125 0.001563 0.065625
9 0.144531 0.333594 0.001563 0.070312
4 0.114844 0.371875 0.010937 0.043750
9 0.102344 0.339844 0.001563 0.073438
9 0.071094 0.346094 0.001563 0.079687
2 0.037500 0.388281 0.015625 0.045312
9 0.022656 0.351562 0.001563 0.081250
0 0.942187 0.556250 0.021875 0.018750
0 0.942187 0.515625 0.021875 0.018750
0 0.800000 0.556250 0.021875 0.018750
0 0.800000 0.515625 0.021875 0.018750
0 0.745313 0.523438 0.021875 0.018750
0 0.625000 0.523438 0.021875 0.018750
0 0.529687 0.556250 0.021875 0.018750
0 0.529687 0.539062 0.021875 0.018750
0 0.389062 0.546875 0.021875 0.018750
0 0.389062 0.507812 0.021875 0.018750
0 0.287500 0.515625 0.021875 0.018750
0 0.287500 0.498437 0.021875 0.018750
0 0.135937 0.523438 0.021875 0.018750
0 0.135937 0.490625 0.021875 0.018750
0 0.973437 0.292187 0.021875 0.018750
0 0.942187 0.325000 0.021875 0.018750
0 0.910937 0.315625 0.021875 0.018750
0 0.878125 0.307812 0.021875 0.018750
0 0.846875 0.300000 0.021875 0.018750
0 0.800000 0.292187 0.021875 0.018750
0 0.745313 0.292187 0.021875 0.018750
0 0.704688 0.348438 0.021875 0.018750
0 0.673438 0.356250 0.021875 0.018750
0 0.598437 0.339844 0.012500 0.010937
0 0.625000 0.348438 0.021875 0.018750
0 0.570312 0.348438 0.021875 0.018750
0 0.529687 0.315625 0.021875 0.018750
0 0.456250 0.315625 0.021875 0.018750
0 0.412500 0.332813 0.021875 0.018750
0 0.351562 0.325000 0.021875 0.018750
0 0.318750 0.348438 0.021875 0.018750
0 0.287500 0.340625 0.021875 0.018750
0 0.240625 0.348438 0.021875 0.018750
0 0.209375 0.356250 0.021875 0.018750
0 0.167187 0.364063 0.021875 0.018750
0 0.135937 0.373437 0.021875 0.018750
0 0.093750 0.381250 0.021875 0.018750
0 0.060937 0.389062 0.021875 0.018750
0 0.014063 0.396875 0.021875 0.018750
