14 0.660156 0.021094 0.070312 0.010937
9 0.446875 0.128906 0.003125 0.257812
11 0.806250 0.210938 0.018750 0.009375
11 0.082812 0.210938 0.018750 0.009375
9 0.961719 0.089063 0.001563 0.046875
9 0.822656 0.067187 0.001563 0.053125
9 0.685156 0.067187 0.001563 0.053125
15 0.625781 0.068750 0.020313 0.053125
9 0.616406 0.066406 0.001563 0.051562
9 0.477344 0.051562 0.001563 0.053125
9 0.258594 0.049219 0.001563 0.051562
9 0.119531 0.056250 0.001563 0.053125
13 0.421094 0.061719 0.032813 0.042188
0 0.971875 0.062500 0.021875 0.018750
0 0.832812 0.039062 0.021875 0.018750
0 0.695312 0.039062 0.021875 0.018750
0 0.626563 0.039062 0.021875 0.018750
0 0.487500 0.021875 0.021875 0.018750
0 0.248438 0.078125 0.021875 0.018750
0 0.110937 0.087500 0.021875 0.018750
