10 0.105469 0.700781 0.135937 0.007812
10 0.746094 0.523438 0.135937 0.025000
10 0.578125 0.501563 0.068750 0.012500
10 0.378125 0.487500 0.203125 0.025000
14 0.543750 0.868750 0.518750 0.059375
14 0.401562 0.948438 0.268750 0.018750
14 0.081250 0.968750 0.162500 0.028125
14 0.603125 0.788281 0.134375 0.014063
14 0.468750 0.809375 0.403125 0.037500
14 0.086719 0.657813 0.173437 0.056250
14 0.488281 0.482812 0.651563 0.059375
14 0.828125 0.285156 0.050000 0.029687
14 0.603906 0.339844 0.132812 0.010937
14 0.400781 0.334375 0.264062 0.018750
14 0.149219 0.333594 0.235937 0.017188
9 0.860938 0.641406 0.003125 0.620313
9 0.220312 0.641406 0.003125 0.620313
15 0.803906 0.925000 0.020313 0.053125
9 0.794531 0.922656 0.001563 0.051562
2 0.781250 0.894531 0.015625 0.045312
9 0.660156 0.930469 0.001563 0.051562
2 0.646875 0.902344 0.015625 0.045312
9 0.544531 0.898438 0.001563 0.050000
9 0.277344 0.898438 0.001563 0.050000
2 0.243750 0.925781 0.015625 0.045312
15 0.180469 0.904687 0.017188 0.053125
9 0.172656 0.904687 0.001563 0.053125
9 0.038281 0.898438 0.001563 0.050000
15 0.266406 0.990625 0.054688 0.018750
9 0.678906 0.740625 0.001563 0.053125
9 0.544531 0.740625 0.001563 0.053125
2 0.512500 0.769531 0.015625 0.045312
9 0.277344 0.748437 0.001563 0.053125
2 0.243750 0.777344 0.015625 0.045312
9 0.172656 0.723437 0.001563 0.053125
9 0.105469 0.727344 0.001563 0.060937
4 0.075781 0.760938 0.010937 0.043750
9 0.038281 0.723437 0.001563 0.053125
2 0.007031 0.753906 0.014063 0.045312
15 0.266406 0.833594 0.054688 0.026562
9 0.813281 0.557813 0.001563 0.053125
9 0.746094 0.550000 0.001563 0.053125
2 0.714063 0.580469 0.015625 0.045312
9 0.678906 0.542188 0.001563 0.053125
9 0.611719 0.532031 0.001563 0.057813
9 0.544531 0.526563 0.001563 0.053125
2 0.512500 0.555469 0.015625 0.045312
9 0.477344 0.520312 0.001563 0.050000
9 0.411719 0.514062 0.001563 0.046875
9 0.344531 0.506250 0.001563 0.043750
9 0.277344 0.500000 0.001563 0.040625
2 0.243750 0.524219 0.015625 0.045312
15 0.161719 0.545312 0.020313 0.053125
9 0.152344 0.544531 0.001563 0.051562
12 0.092188 0.534375 0.015625 0.028125
12 0.026562 0.534375 0.015625 0.028125
15 0.161719 0.608594 0.054688 0.026562
15 0.803906 0.337500 0.020313 0.053125
9 0.794531 0.328906 0.001563 0.067187
9 0.660156 0.384375 0.001563 0.050000
9 0.525781 0.384375 0.001563 0.050000
9 0.257031 0.384375 0.001563 0.050000
9 0.019531 0.384375 0.001563 0.050000
15 0.802344 0.436719 0.054688 0.039062
0 0.804688 0.895312 0.021875 0.018750
0 0.670312 0.903125 0.021875 0.018750
0 0.535937 0.926562 0.021875 0.018750
1 0.267188 0.926562 0.021875 0.018750
0 0.162500 0.934375 0.021875 0.018750
0 0.029687 0.926562 0.021875 0.018750
0 0.670312 0.770312 0.021875 0.018750
0 0.535937 0.770312 0.021875 0.018750
1 0.267188 0.778125 0.021875 0.018750
0 0.162500 0.754687 0.021875 0.018750
0 0.095312 0.762500 0.021875 0.018750
0 0.029687 0.754687 0.021875 0.018750
0 0.804688 0.589063 0.021875 0.018750
0 0.737500 0.581250 0.021875 0.018750
0 0.670312 0.571875 0.021875 0.018750
0 0.603125 0.564063 0.021875 0.018750
0 0.535937 0.556250 0.021875 0.018750
0 0.468750 0.548438 0.021875 0.018750
0 0.401562 0.540625 0.021875 0.018750
0 0.334375 0.532813 0.021875 0.018750
0 0.267188 0.523438 0.021875 0.018750
0 0.162500 0.515625 0.021875 0.018750
0 0.804688 0.292187 0.021875 0.018750
0 0.670312 0.356250 0.021875 0.018750
0 0.535937 0.356250 0.021875 0.018750
1 0.267188 0.356250 0.021875 0.018750
0 0.029687 0.356250 0.021875 0.018750
