15 0.739844 0.353125 0.020313 0.025000
15 0.143750 0.362500 0.018750 0.025000
14 0.178906 0.355469 0.035937 0.014063
14 0.104688 0.357812 0.040625 0.012500
15 0.010937 0.362500 0.018750 0.025000
14 0.049219 0.353906 0.042188 0.014063
10 0.742188 0.420312 0.187500 0.056250
10 0.452344 0.391406 0.101562 0.020313
10 0.169531 0.419531 0.339062 0.060937
10 0.502344 0.688281 0.048438 0.026562
14 0.741406 0.435937 0.185938 0.021875
14 0.472656 0.284375 0.054688 0.021875
14 0.167969 0.283594 0.335938 0.026562
14 0.552344 0.742188 0.039062 0.006250
14 0.542188 0.730469 0.056250 0.007812
14 0.529687 0.754687 0.112500 0.009375
14 0.750781 0.294531 0.185938 0.067187
14 0.369531 0.366406 0.045312 0.010937
14 0.206250 0.292969 0.412500 0.070312
9 0.527344 0.702344 0.001563 0.054688
9 0.508594 0.698438 0.001563 0.046875
4 0.489063 0.722656 0.006250 0.026562
9 0.478906 0.706250 0.001563 0.062500
2 0.457813 0.738281 0.009375 0.026562
9 0.594531 0.699219 0.001563 0.073438
3 0.563281 0.706250 0.014063 0.040625
15 0.584375 0.593750 0.021875 0.015625
9 0.594531 0.525000 0.001563 0.050000
4 0.564844 0.553125 0.010937 0.043750
9 0.835156 0.362500 0.001563 0.118750
4 0.824219 0.300000 0.010937 0.043750
9 0.805469 0.396094 0.001563 0.057813
4 0.794531 0.364063 0.010937 0.043750
9 0.775781 0.370312 0.001563 0.118750
2 0.762500 0.307031 0.015625 0.045312
9 0.724219 0.373437 0.001563 0.125000
4 0.713281 0.307812 0.010937 0.043750
9 0.678906 0.379688 0.001563 0.121875
9 0.649219 0.410156 0.001563 0.070312
12 0.583594 0.364844 0.017188 0.048438
8 0.510156 0.319531 0.004687 0.004687
9 0.500781 0.372656 0.001563 0.057813
8 0.455469 0.319531 0.004687 0.004687
9 0.446094 0.372656 0.001563 0.057813
9 0.402344 0.372656 0.001563 0.057813
3 0.371094 0.331250 0.014063 0.040625
15 0.348438 0.316406 0.015625 0.017188
9 0.338281 0.390625 0.001563 0.078125
4 0.327344 0.348438 0.010937 0.043750
9 0.296094 0.395313 0.001563 0.071875
2 0.282813 0.355469 0.015625 0.045312
9 0.247656 0.396094 0.001563 0.073438
4 0.236719 0.356250 0.010937 0.043750
9 0.205469 0.400781 0.001563 0.067187
9 0.175781 0.365625 0.001563 0.140625
4 0.164844 0.290625 0.010937 0.043750
9 0.133594 0.378125 0.001563 0.118750
4 0.122656 0.315625 0.010937 0.043750
9 0.091406 0.392188 0.001563 0.096875
4 0.080469 0.339062 0.010937 0.043750
9 0.047656 0.383594 0.001563 0.114062
2 0.034375 0.324219 0.015625 0.045312
9 0.000781 0.397656 0.001563 0.092188
13 0.625000 0.356250 0.031250 0.037500
0 0.520312 0.730469 0.012500 0.010937
0 0.503125 0.722656 0.012500 0.010937
0 0.473438 0.738281 0.012500 0.010937
1 0.604688 0.715625 0.021875 0.018750
1 0.604688 0.731250 0.021875 0.018750
1 0.585938 0.723437 0.021875 0.018750
1 0.585938 0.739062 0.021875 0.018750
1 0.585938 0.553125 0.021875 0.018750
0 0.845313 0.300000 0.021875 0.018750
0 0.815625 0.364063 0.021875 0.018750
0 0.785937 0.307812 0.021875 0.018750
0 0.734375 0.307812 0.021875 0.018750
0 0.689063 0.315625 0.021875 0.018750
0 0.659375 0.373437 0.021875 0.018750
0 0.510938 0.340625 0.021875 0.018750
0 0.492188 0.348438 0.021875 0.018750
0 0.456250 0.340625 0.021875 0.018750
0 0.437500 0.348438 0.021875 0.018750
0 0.412500 0.340625 0.021875 0.018750
0 0.392188 0.348438 0.021875 0.018750
0 0.348438 0.348438 0.021875 0.018750
0 0.306250 0.356250 0.021875 0.018750
0 0.257812 0.356250 0.021875 0.018750
0 0.215625 0.364063 0.021875 0.018750
0 0.185938 0.292187 0.021875 0.018750
0 0.143750 0.315625 0.021875 0.018750
0 0.101562 0.340625 0.021875 0.018750
0 0.057813 0.325000 0.021875 0.018750
0 0.010937 0.348438 0.021875 0.018750
