14 0.843750 0.380469 0.312500 0.010937
14 0.843750 0.363281 0.312500 0.010937
14 0.178125 0.224219 0.137500 0.014063
14 0.904687 0.060156 0.134375 0.010937
14 0.767188 0.060156 0.134375 0.010937
14 0.593750 0.053906 0.206250 0.017188
14 0.180469 0.060156 0.135937 0.010937
14 0.054688 0.060156 0.109375 0.010937
9 0.445312 0.166406 0.003125 0.332813
9 0.961719 0.271875 0.001563 0.053125
4 0.952344 0.242188 0.010937 0.043750
9 0.825781 0.267969 0.001563 0.060937
9 0.688281 0.264844 0.001563 0.070312
2 0.675000 0.225781 0.015625 0.045312
9 0.482031 0.260937 0.001563 0.078125
2 0.468750 0.217969 0.015625 0.045312
9 0.307031 0.296875 0.001563 0.053125
2 0.293750 0.266406 0.015625 0.045312
15 0.247656 0.273438 0.020313 0.053125
9 0.238281 0.271094 0.001563 0.051562
9 0.100781 0.271875 0.001563 0.053125
2 0.087500 0.242969 0.015625 0.045312
15 0.489844 0.371094 0.032813 0.039062
9 0.961719 0.104688 0.001563 0.050000
9 0.825781 0.104688 0.001563 0.050000
9 0.688281 0.104688 0.001563 0.050000
9 0.482031 0.104688 0.001563 0.050000
4 0.471094 0.076563 0.010937 0.043750
9 0.238281 0.104688 0.001563 0.050000
9 0.100781 0.104688 0.001563 0.050000
15 0.489844 0.160156 0.054688 0.039062
0 0.971875 0.243750 0.021875 0.018750
0 0.835938 0.234375 0.021875 0.018750
0 0.698438 0.226562 0.021875 0.018750
0 0.492188 0.218750 0.021875 0.018750
0 0.317188 0.267188 0.021875 0.018750
0 0.248438 0.243750 0.021875 0.018750
0 0.110937 0.243750 0.021875 0.018750
0 0.971875 0.076563 0.021875 0.018750
0 0.835938 0.076563 0.021875 0.018750
0 0.698438 0.076563 0.021875 0.018750
0 0.492188 0.076563 0.021875 0.018750
0 0.248438 0.076563 0.021875 0.018750
0 0.110937 0.076563 0.021875 0.018750
