10 0.849219 0.655469 0.051562 0.026562
10 0.671094 0.667969 0.064062 0.026562
10 0.435156 0.667969 0.067187 0.026562
10 0.136719 0.655469 0.051562 0.026562
14 0.904687 0.709375 0.050000 0.006250
14 0.895312 0.705469 0.068750 0.007812
14 0.880469 0.728125 0.126562 0.009375
14 0.725000 0.721875 0.034375 0.006250
14 0.700000 0.709375 0.050000 0.006250
14 0.694531 0.735938 0.123438 0.009375
14 0.490625 0.721875 0.034375 0.006250
14 0.465625 0.709375 0.050000 0.006250
14 0.458594 0.735938 0.126562 0.009375
14 0.192188 0.709375 0.050000 0.006250
14 0.182812 0.705469 0.068750 0.007812
14 0.167969 0.728125 0.126562 0.009375
14 0.014844 0.721875 0.029687 0.006250
14 0.022656 0.735938 0.045312 0.009375
9 0.359375 0.525781 0.003125 0.389062
9 0.874219 0.671875 0.001563 0.059375
9 0.855469 0.667188 0.001563 0.050000
3 0.834375 0.689844 0.009375 0.023438
9 0.824219 0.675781 0.001563 0.067187
4 0.803125 0.711719 0.006250 0.026562
9 0.953906 0.673438 0.001563 0.071875
6 0.914844 0.678906 0.026562 0.039062
9 0.702344 0.682031 0.001563 0.054688
2 0.679688 0.711719 0.009375 0.026562
9 0.669531 0.678125 0.001563 0.046875
4 0.650000 0.703906 0.006250 0.026562
9 0.639844 0.685937 0.001563 0.062500
2 0.618750 0.719531 0.009375 0.026562
9 0.766406 0.678906 0.001563 0.073438
4 0.736719 0.695312 0.010937 0.043750
9 0.467969 0.682031 0.001563 0.054688
2 0.445312 0.711719 0.009375 0.026562
9 0.435156 0.678125 0.001563 0.046875
2 0.412500 0.702344 0.009375 0.026562
9 0.402344 0.685937 0.001563 0.062500
2 0.379688 0.719531 0.009375 0.026562
9 0.530469 0.678906 0.001563 0.073438
4 0.500781 0.695312 0.010937 0.043750
9 0.161719 0.671875 0.001563 0.059375
9 0.142969 0.667188 0.001563 0.050000
3 0.121875 0.689844 0.009375 0.023438
9 0.111719 0.675781 0.001563 0.067187
4 0.092188 0.711719 0.006250 0.026562
9 0.241406 0.673438 0.001563 0.071875
6 0.203906 0.678906 0.026562 0.039062
9 0.053906 0.678906 0.001563 0.073438
4 0.024219 0.695312 0.010937 0.043750
15 0.943750 0.575000 0.021875 0.015625
9 0.953906 0.520312 0.001563 0.053125
2 0.920312 0.549219 0.015625 0.045312
15 0.756250 0.573438 0.021875 0.015625
9 0.766406 0.506250 0.001563 0.050000
3 0.733594 0.525000 0.014063 0.040625
15 0.521875 0.573438 0.021875 0.015625
9 0.530469 0.513281 0.001563 0.051562
4 0.500781 0.542188 0.010937 0.043750
15 0.231250 0.575000 0.021875 0.015625
9 0.241406 0.520312 0.001563 0.053125
2 0.207813 0.549219 0.015625 0.045312
15 0.043750 0.573438 0.021875 0.015625
9 0.053906 0.506250 0.001563 0.050000
3 0.021094 0.525000 0.014063 0.040625
12 0.941406 0.364844 0.017188 0.048438
11 0.754687 0.359375 0.018750 0.009375
12 0.684375 0.367188 0.015625 0.028125
8 0.617969 0.247656 0.004687 0.004687
15 0.617969 0.362500 0.020313 0.053125
9 0.608594 0.328125 0.001563 0.115625
4 0.599219 0.267188 0.010937 0.043750
2 0.595313 0.332031 0.015625 0.045312
12 0.519531 0.364844 0.017188 0.048438
11 0.229687 0.359375 0.018750 0.009375
11 0.042188 0.359375 0.018750 0.009375
15 0.617969 0.444531 0.029687 0.026562
0 0.867188 0.703906 0.012500 0.010937
0 0.850000 0.696094 0.012500 0.010937
0 0.817187 0.711719 0.012500 0.010937
1 0.964063 0.687500 0.021875 0.018750
1 0.964063 0.703125 0.021875 0.018750
1 0.943750 0.695312 0.021875 0.018750
1 0.943750 0.712500 0.021875 0.018750
0 0.695312 0.711719 0.012500 0.010937
0 0.662500 0.703906 0.012500 0.010937
0 0.632812 0.719531 0.012500 0.010937
1 0.776563 0.695312 0.021875 0.018750
1 0.776563 0.712500 0.021875 0.018750
1 0.756250 0.703125 0.021875 0.018750
1 0.756250 0.720313 0.021875 0.018750
0 0.460938 0.711719 0.012500 0.010937
0 0.428125 0.703906 0.012500 0.010937
0 0.395313 0.719531 0.012500 0.010937
1 0.540625 0.695312 0.021875 0.018750
1 0.540625 0.712500 0.021875 0.018750
1 0.521875 0.703125 0.021875 0.018750
1 0.521875 0.720313 0.021875 0.018750
0 0.154688 0.703906 0.012500 0.010937
0 0.137500 0.696094 0.012500 0.010937
0 0.104688 0.711719 0.012500 0.010937
1 0.251563 0.687500 0.021875 0.018750
1 0.251563 0.703125 0.021875 0.018750
1 0.231250 0.695312 0.021875 0.018750
1 0.231250 0.712500 0.021875 0.018750
1 0.064062 0.695312 0.021875 0.018750
1 0.064062 0.712500 0.021875 0.018750
1 0.043750 0.703125 0.021875 0.018750
1 0.043750 0.720313 0.021875 0.018750
1 0.943750 0.550000 0.021875 0.018750
1 0.756250 0.534375 0.021875 0.018750
1 0.521875 0.542188 0.021875 0.018750
1 0.231250 0.550000 0.021875 0.018750
1 0.043750 0.534375 0.021875 0.018750
0 0.618750 0.267188 0.021875 0.018750
0 0.618750 0.332813 0.021875 0.018750
