10 0.394531 0.936719 0.114062 0.007812
10 0.253906 0.918750 0.057813 0.012500
10 0.114844 0.907031 0.114062 0.020313
14 0.245312 0.986719 0.393750 0.026562
14 0.826562 0.650781 0.050000 0.010937
14 0.826562 0.682031 0.050000 0.010937
14 0.733594 0.650781 0.051562 0.010937
14 0.732812 0.682031 0.050000 0.010937
9 0.860938 0.657031 0.003125 0.651563
9 0.489063 0.657031 0.003125 0.651563
9 0.783594 0.975000 0.001563 0.050000
9 0.703906 0.975000 0.001563 0.050000
9 0.544531 0.975000 0.001563 0.050000
9 0.450781 0.959375 0.001563 0.053125
9 0.394531 0.963281 0.001563 0.060937
9 0.338281 0.959375 0.001563 0.053125
2 0.306250 0.983594 0.015625 0.032813
9 0.282031 0.950781 0.001563 0.057813
9 0.225781 0.943750 0.001563 0.053125
9 0.169531 0.937500 0.001563 0.050000
9 0.113281 0.931250 0.001563 0.046875
2 0.081250 0.957031 0.015625 0.045312
9 0.058594 0.924219 0.001563 0.045312
9 0.763281 0.694531 0.001563 0.070312
9 0.683594 0.694531 0.001563 0.070312
12 0.611719 0.711719 0.017188 0.048438
12 0.533594 0.711719 0.017188 0.048438
12 0.439063 0.715625 0.015625 0.028125
12 0.382812 0.715625 0.015625 0.028125
12 0.326562 0.715625 0.015625 0.028125
15 0.217188 0.754687 0.021875 0.003125
9 0.225781 0.694531 0.001563 0.064062
12 0.102344 0.711719 0.017188 0.048438
15 0.692969 0.788281 0.029687 0.026562
15 0.214844 0.788281 0.054688 0.026562
11 0.673438 0.514062 0.018750 0.009375
11 0.220312 0.514062 0.018750 0.009375
11 0.673438 0.351562 0.018750 0.009375
11 0.220312 0.351562 0.018750 0.009375
0 0.442188 0.990625 0.021875 0.018750
0 0.385937 0.994531 0.021875 0.010937
0 0.329688 0.990625 0.021875 0.018750
0 0.273438 0.982812 0.021875 0.018750
0 0.217188 0.973437 0.021875 0.018750
0 0.160938 0.965625 0.021875 0.018750
0 0.104688 0.957812 0.021875 0.018750
0 0.048438 0.950000 0.021875 0.018750
0 0.773438 0.656250 0.021875 0.018750
0 0.773438 0.671875 0.021875 0.018750
0 0.693750 0.656250 0.021875 0.018750
0 0.693750 0.671875 0.021875 0.018750
0 0.217188 0.712500 0.021875 0.018750
0 0.217188 0.728125 0.021875 0.018750
