10 0.964063 0.342969 0.071875 0.020313
10 0.746875 0.358594 0.212500 0.020313
10 0.460938 0.353906 0.212500 0.020313
10 0.173437 0.358594 0.212500 0.020313
10 0.964063 0.503906 0.071875 0.020313
10 0.746875 0.519531 0.212500 0.020313
10 0.460938 0.516406 0.212500 0.020313
10 0.173437 0.519531 0.212500 0.020313
14 0.959375 0.581250 0.081250 0.028125
14 0.736719 0.609375 0.210938 0.028125
14 0.450781 0.601562 0.210938 0.028125
14 0.163281 0.609375 0.210938 0.028125
14 0.959375 0.418750 0.081250 0.028125
14 0.736719 0.445312 0.210938 0.025000
14 0.450781 0.437500 0.210938 0.025000
14 0.163281 0.445312 0.210938 0.025000
9 0.873437 0.445312 0.003125 0.228125
9 0.587500 0.445312 0.003125 0.228125
9 0.300000 0.445312 0.003125 0.228125
9 0.014063 0.445312 0.003125 0.228125
9 0.974219 0.524219 0.001563 0.060937
15 0.918750 0.589063 0.021875 0.015625
9 0.928906 0.520312 0.001563 0.053125
3 0.896094 0.542188 0.014063 0.040625
9 0.852344 0.539844 0.001563 0.060937
9 0.808594 0.535937 0.001563 0.053125
9 0.767969 0.539844 0.001563 0.060937
9 0.725781 0.535937 0.001563 0.053125
9 0.685156 0.539844 0.001563 0.060937
15 0.631250 0.615625 0.021875 0.015625
9 0.641406 0.535937 0.001563 0.053125
3 0.610156 0.557813 0.014063 0.040625
9 0.564844 0.535156 0.001563 0.057813
9 0.522656 0.531250 0.001563 0.050000
9 0.482031 0.535156 0.001563 0.057813
9 0.438281 0.531250 0.001563 0.050000
9 0.397656 0.535156 0.001563 0.057813
15 0.345313 0.607812 0.021875 0.015625
9 0.355469 0.531250 0.001563 0.050000
3 0.322656 0.550000 0.014063 0.040625
9 0.278906 0.539844 0.001563 0.060937
9 0.235156 0.535937 0.001563 0.053125
9 0.194531 0.539844 0.001563 0.060937
9 0.152344 0.535937 0.001563 0.053125
9 0.111719 0.539844 0.001563 0.060937
15 0.057813 0.615625 0.021875 0.015625
9 0.067969 0.535937 0.001563 0.053125
3 0.036719 0.557813 0.014063 0.040625
9 0.974219 0.363281 0.001563 0.060937
3 0.942969 0.389062 0.014063 0.040625
9 0.928906 0.359375 0.001563 0.053125
3 0.896094 0.379688 0.014063 0.040625
9 0.852344 0.378906 0.001563 0.060937
4 0.822656 0.412500 0.010937 0.043750
9 0.808594 0.375000 0.001563 0.053125
9 0.767969 0.378906 0.001563 0.060937
4 0.738281 0.412500 0.010937 0.043750
9 0.725781 0.375000 0.001563 0.053125
9 0.685156 0.378906 0.001563 0.060937
4 0.655469 0.412500 0.010937 0.043750
9 0.641406 0.375000 0.001563 0.053125
3 0.610156 0.396875 0.014063 0.040625
9 0.564844 0.372656 0.001563 0.057813
4 0.535156 0.404687 0.010937 0.043750
9 0.522656 0.368750 0.001563 0.050000
9 0.482031 0.372656 0.001563 0.057813
4 0.452344 0.404687 0.010937 0.043750
9 0.438281 0.368750 0.001563 0.050000
9 0.397656 0.372656 0.001563 0.057813
4 0.367969 0.404687 0.010937 0.043750
9 0.355469 0.368750 0.001563 0.050000
3 0.322656 0.389062 0.014063 0.040625
9 0.278906 0.378906 0.001563 0.060937
4 0.249219 0.412500 0.010937 0.043750
9 0.235156 0.375000 0.001563 0.053125
9 0.194531 0.378906 0.001563 0.060937
4 0.164844 0.412500 0.010937 0.043750
9 0.152344 0.375000 0.001563 0.053125
9 0.111719 0.378906 0.001563 0.060937
4 0.082031 0.412500 0.010937 0.043750
9 0.067969 0.375000 0.001563 0.053125
3 0.036719 0.396875 0.014063 0.040625
0 0.965625 0.557813 0.021875 0.018750
0 0.918750 0.550000 0.021875 0.018750
0 0.842187 0.575000 0.021875 0.018750
0 0.800000 0.567187 0.021875 0.018750
0 0.759375 0.575000 0.021875 0.018750
0 0.715625 0.567187 0.021875 0.018750
0 0.676562 0.575000 0.021875 0.018750
0 0.632812 0.567187 0.021875 0.018750
0 0.556250 0.567187 0.021875 0.018750
0 0.512500 0.557813 0.021875 0.018750
0 0.471875 0.567187 0.021875 0.018750
0 0.429688 0.557813 0.021875 0.018750
0 0.389062 0.567187 0.021875 0.018750
0 0.345313 0.557813 0.021875 0.018750
0 0.268750 0.575000 0.021875 0.018750
0 0.226562 0.567187 0.021875 0.018750
0 0.185938 0.575000 0.021875 0.018750
0 0.142187 0.567187 0.021875 0.018750
0 0.101562 0.575000 0.021875 0.018750
0 0.059375 0.567187 0.021875 0.018750
0 0.965625 0.396875 0.021875 0.018750
0 0.918750 0.389062 0.021875 0.018750
0 0.842187 0.412500 0.021875 0.018750
0 0.800000 0.404687 0.021875 0.018750
0 0.759375 0.412500 0.021875 0.018750
0 0.715625 0.404687 0.021875 0.018750
0 0.676562 0.412500 0.021875 0.018750
0 0.632812 0.404687 0.021875 0.018750
0 0.556250 0.404687 0.021875 0.018750
0 0.512500 0.396875 0.021875 0.018750
0 0.471875 0.404687 0.021875 0.018750
0 0.429688 0.396875 0.021875 0.018750
0 0.389062 0.404687 0.021875 0.018750
0 0.345313 0.396875 0.021875 0.018750
0 0.268750 0.412500 0.021875 0.018750
0 0.226562 0.404687 0.021875 0.018750
0 0.185938 0.412500 0.021875 0.018750
0 0.142187 0.404687 0.021875 0.018750
0 0.101562 0.412500 0.021875 0.018750
0 0.059375 0.404687 0.021875 0.018750
