7 0.276562 0.538281 0.043750 0.114062
7 0.276562 0.366406 0.043750 0.114062
10 0.963281 0.528125 0.073438 0.025000
10 0.768750 0.535937 0.106250 0.015625
10 0.596094 0.539062 0.110937 0.012500
10 0.414062 0.500000 0.100000 0.025000
14 0.982812 0.610938 0.034375 0.018750
14 0.751563 0.453125 0.050000 0.018750
14 0.613281 0.632031 0.054688 0.020313
14 0.379688 0.573438 0.050000 0.025000
9 0.245312 0.450781 0.003125 0.239063
9 0.870313 0.450781 0.003125 0.239063
9 0.679688 0.450781 0.003125 0.239063
9 0.495312 0.450781 0.003125 0.239063
9 0.975781 0.554688 0.001563 0.053125
2 0.943750 0.585156 0.015625 0.045312
9 0.927344 0.546875 0.001563 0.053125
2 0.893750 0.575781 0.015625 0.045312
9 0.821094 0.515625 0.001563 0.050000
2 0.807813 0.488281 0.015625 0.045312
9 0.766406 0.509375 0.001563 0.053125
9 0.716406 0.503906 0.001563 0.057813
2 0.703125 0.471094 0.015625 0.045312
9 0.649219 0.573438 0.001563 0.065625
2 0.617188 0.608594 0.015625 0.045312
9 0.596094 0.567187 0.001563 0.059375
2 0.562500 0.600781 0.015625 0.045312
9 0.541406 0.562500 0.001563 0.053125
9 0.464844 0.532813 0.001563 0.050000
2 0.431250 0.560156 0.015625 0.045312
9 0.414844 0.525000 0.001563 0.050000
2 0.382812 0.552344 0.015625 0.045312
9 0.364844 0.517188 0.001563 0.050000
2 0.332813 0.544531 0.015625 0.045312
0 0.967187 0.584375 0.021875 0.018750
0 0.917188 0.576562 0.021875 0.018750
0 0.831250 0.487500 0.021875 0.018750
0 0.776563 0.479687 0.021875 0.018750
0 0.726562 0.471875 0.021875 0.018750
0 0.640625 0.609375 0.021875 0.018750
0 0.585938 0.601562 0.021875 0.018750
0 0.531250 0.592187 0.021875 0.018750
0 0.454688 0.560937 0.021875 0.018750
0 0.406250 0.553125 0.021875 0.018750
0 0.356250 0.543750 0.021875 0.018750
