10 0.723437 0.360156 0.140625 0.007812
10 0.549219 0.360156 0.070312 0.007812
10 0.411719 0.364063 0.070312 0.015625
10 0.239063 0.364063 0.140625 0.015625
10 0.035156 0.360156 0.070312 0.007812
14 0.352344 0.646094 0.070312 0.010937
14 0.593750 0.451562 0.109375 0.012500
14 0.592969 0.485156 0.107813 0.010937
14 0.456250 0.451562 0.109375 0.012500
14 0.455469 0.485156 0.107813 0.010937
14 0.291406 0.450781 0.164062 0.014063
14 0.282031 0.493750 0.176563 0.015625
14 0.490625 0.261719 0.621875 0.057813
9 0.860938 0.607031 0.003125 0.551562
9 0.139063 0.607031 0.003125 0.551562
11 0.498437 0.835938 0.018750 0.009375
9 0.653906 0.714063 0.001563 0.046875
9 0.514844 0.692187 0.001563 0.053125
9 0.377344 0.692187 0.001563 0.053125
15 0.317969 0.693750 0.020313 0.053125
9 0.308594 0.691406 0.001563 0.051562
9 0.169531 0.676562 0.001563 0.053125
7 0.837500 0.695312 0.028125 0.075000
13 0.113281 0.686719 0.032813 0.042188
9 0.653906 0.499219 0.001563 0.070312
9 0.514844 0.499219 0.001563 0.070312
9 0.377344 0.499219 0.001563 0.070312
9 0.169531 0.499219 0.001563 0.070312
4 0.160156 0.476562 0.010937 0.043750
9 0.791406 0.333594 0.001563 0.060937
4 0.782031 0.300000 0.010937 0.043750
9 0.722656 0.337500 0.001563 0.053125
3 0.710156 0.300000 0.014063 0.040625
9 0.653906 0.330469 0.001563 0.070312
9 0.585156 0.333594 0.001563 0.060937
2 0.571875 0.299219 0.015625 0.045312
9 0.514844 0.333594 0.001563 0.060937
4 0.505469 0.300000 0.010937 0.043750
9 0.446094 0.339844 0.001563 0.057813
4 0.436719 0.307812 0.010937 0.043750
9 0.377344 0.322656 0.001563 0.073438
3 0.364844 0.275000 0.014063 0.040625
9 0.308594 0.328125 0.001563 0.065625
4 0.297656 0.290625 0.010937 0.043750
9 0.239844 0.337500 0.001563 0.053125
3 0.227344 0.300000 0.014063 0.040625
9 0.169531 0.343750 0.001563 0.050000
4 0.160156 0.315625 0.010937 0.043750
9 0.067969 0.333594 0.001563 0.060937
3 0.055469 0.292187 0.014063 0.040625
0 0.664062 0.687500 0.021875 0.018750
0 0.525000 0.664062 0.021875 0.018750
0 0.387500 0.664062 0.021875 0.018750
0 0.318750 0.664062 0.021875 0.018750
0 0.179688 0.646875 0.021875 0.018750
0 0.664062 0.460938 0.021875 0.018750
0 0.664062 0.478125 0.021875 0.018750
0 0.525000 0.460938 0.021875 0.018750
0 0.525000 0.478125 0.021875 0.018750
0 0.387500 0.460938 0.021875 0.018750
0 0.387500 0.478125 0.021875 0.018750
0 0.179688 0.460938 0.021875 0.018750
0 0.179688 0.478125 0.021875 0.018750
0 0.801562 0.300000 0.021875 0.018750
0 0.732812 0.307812 0.021875 0.018750
0 0.664062 0.292187 0.021875 0.018750
0 0.595313 0.300000 0.021875 0.018750
0 0.525000 0.300000 0.021875 0.018750
0 0.456250 0.307812 0.021875 0.018750
0 0.387500 0.284375 0.021875 0.018750
0 0.318750 0.292187 0.021875 0.018750
0 0.250000 0.307812 0.021875 0.018750
0 0.179688 0.315625 0.021875 0.018750
0 0.078125 0.300000 0.021875 0.018750
0 0.010156 0.307812 0.020313 0.018750
