10 0.272656 0.628125 0.104688 0.031250
10 0.106250 0.542188 0.106250 0.025000
14 0.903125 0.637500 0.062500 0.018750
14 0.743750 0.423438 0.053125 0.018750
14 0.589063 0.479687 0.053125 0.018750
14 0.282031 0.558594 0.104688 0.039062
14 0.079687 0.524219 0.159375 0.026562
9 0.990625 0.475781 0.003125 0.289062
9 0.826562 0.475781 0.003125 0.289062
9 0.673438 0.475781 0.003125 0.289062
9 0.518750 0.475781 0.003125 0.289062
9 0.370312 0.475781 0.003125 0.289062
9 0.185938 0.475781 0.003125 0.289062
9 0.006250 0.475781 0.003125 0.289062
9 0.942969 0.589063 0.001563 0.053125
3 0.911719 0.610938 0.014063 0.040625
15 0.889844 0.579688 0.017188 0.053125
9 0.882031 0.581250 0.001563 0.053125
3 0.849219 0.603125 0.014063 0.040625
9 0.760156 0.520312 0.001563 0.134375
3 0.747656 0.440625 0.014063 0.040625
15 0.717969 0.560937 0.020313 0.053125
9 0.708594 0.514062 0.001563 0.140625
3 0.696094 0.432812 0.014063 0.040625
9 0.607031 0.548438 0.001563 0.078125
3 0.594531 0.498437 0.014063 0.040625
15 0.563281 0.560937 0.020313 0.053125
9 0.553906 0.543750 0.001563 0.084375
3 0.541406 0.489063 0.014063 0.040625
9 0.452344 0.592187 0.001563 0.053125
3 0.439844 0.554688 0.014063 0.040625
15 0.414844 0.584375 0.020313 0.053125
9 0.405469 0.583594 0.001563 0.051562
3 0.392969 0.546875 0.014063 0.040625
9 0.324219 0.592969 0.001563 0.054688
3 0.311719 0.554688 0.014063 0.040625
9 0.277344 0.604688 0.001563 0.046875
9 0.221094 0.619531 0.001563 0.042188
3 0.208594 0.585938 0.014063 0.040625
9 0.157031 0.575000 0.001563 0.050000
3 0.125781 0.595313 0.014063 0.040625
9 0.111719 0.564063 0.001563 0.040625
6 0.074219 0.577344 0.026562 0.039062
9 0.053906 0.555469 0.001563 0.042188
15 0.871094 0.677344 0.048438 0.039062
15 0.716406 0.677344 0.032813 0.039062
15 0.563281 0.677344 0.054688 0.039062
15 0.228906 0.669531 0.029687 0.026562
0 0.934375 0.618750 0.021875 0.018750
0 0.871875 0.610938 0.021875 0.018750
0 0.770312 0.450000 0.021875 0.018750
0 0.718750 0.442188 0.021875 0.018750
0 0.617188 0.506250 0.021875 0.018750
0 0.564063 0.498437 0.021875 0.018750
0 0.462500 0.562500 0.021875 0.018750
0 0.415625 0.554688 0.021875 0.018750
0 0.334375 0.562500 0.021875 0.018750
0 0.287500 0.578125 0.021875 0.018750
0 0.231250 0.595313 0.021875 0.018750
0 0.148438 0.603125 0.021875 0.018750
0 0.101562 0.587500 0.021875 0.018750
0 0.043750 0.578125 0.021875 0.018750
