7 0.276562 0.580469 0.043750 0.114062
7 0.276562 0.366406 0.043750 0.114062
10 0.886719 0.571875 0.117188 0.021875
10 0.768750 0.445312 0.062500 0.025000
10 0.608594 0.576562 0.051562 0.012500
10 0.489844 0.610938 0.089063 0.015625
10 0.389844 0.554688 0.051562 0.025000
13 0.897656 0.484375 0.117188 0.025000
13 0.878125 0.489844 0.078125 0.010937
13 0.770312 0.421094 0.062500 0.017188
13 0.617969 0.471094 0.051562 0.029687
13 0.499219 0.525000 0.089063 0.028125
13 0.382031 0.632031 0.051562 0.023438
9 0.245312 0.471875 0.003125 0.281250
14 0.879687 0.471875 0.003125 0.281250
14 0.684375 0.471875 0.003125 0.281250
14 0.496875 0.471875 0.003125 0.281250
9 0.997656 0.552344 0.001563 0.054688
3 0.985156 0.514062 0.014063 0.040625
9 0.944531 0.547656 0.001563 0.060937
9 0.907031 0.543750 0.001563 0.068750
9 0.828906 0.542188 0.001563 0.065625
4 0.819531 0.506250 0.010937 0.043750
9 0.800781 0.464844 0.001563 0.045312
4 0.769531 0.489063 0.010937 0.043750
9 0.719531 0.658594 0.001563 0.073438
9 0.738281 0.478125 0.001563 0.081250
3 0.707031 0.514062 0.014063 0.040625
4 0.708594 0.618750 0.010937 0.043750
9 0.633594 0.532813 0.001563 0.081250
2 0.620313 0.489844 0.015625 0.045312
9 0.583594 0.544531 0.001563 0.070312
2 0.570312 0.505469 0.015625 0.045312
9 0.533594 0.578906 0.001563 0.057813
2 0.520312 0.546094 0.015625 0.045312
9 0.446094 0.590625 0.001563 0.050000
2 0.432812 0.561719 0.015625 0.045312
9 0.414844 0.571875 0.001563 0.053125
2 0.382812 0.602344 0.015625 0.045312
9 0.364844 0.589063 0.001563 0.053125
2 0.332813 0.619531 0.015625 0.045312
14 0.728906 0.727344 0.032813 0.039062
0 0.954688 0.514062 0.021875 0.018750
0 0.917188 0.506250 0.021875 0.018750
0 0.839063 0.506250 0.021875 0.018750
0 0.790625 0.490625 0.021875 0.018750
0 0.729688 0.651563 0.021875 0.018750
0 0.729688 0.618750 0.021875 0.018750
0 0.729688 0.482812 0.021875 0.018750
0 0.729688 0.521875 0.021875 0.018750
0 0.643750 0.490625 0.021875 0.018750
0 0.593750 0.506250 0.021875 0.018750
0 0.543750 0.546875 0.021875 0.018750
0 0.456250 0.562500 0.021875 0.018750
0 0.406250 0.603125 0.021875 0.018750
0 0.356250 0.618750 0.021875 0.018750
