15 0.454688 0.855469 0.046875 0.032813
15 0.454688 0.823438 0.025000 0.034375
7 0.281250 0.841406 0.043750 0.114062
15 0.454688 0.638281 0.046875 0.032813
15 0.454688 0.604688 0.025000 0.034375
7 0.281250 0.622656 0.043750 0.114062
2 0.407813 0.372656 0.015625 0.045312
2 0.387500 0.347656 0.015625 0.045312
2 0.367188 0.324219 0.015625 0.045312
2 0.346875 0.355469 0.015625 0.045312
2 0.326562 0.332031 0.015625 0.045312
15 0.454688 0.380469 0.046875 0.032813
15 0.454688 0.348438 0.025000 0.034375
7 0.281250 0.366406 0.043750 0.114062
10 0.567969 0.396875 0.104688 0.065625
14 0.869531 0.781250 0.114062 0.012500
14 0.906250 0.788281 0.187500 0.029687
14 0.736719 0.814844 0.057813 0.010937
14 0.668750 0.778906 0.228125 0.017188
14 0.667969 0.794531 0.226562 0.017188
14 0.653125 0.838281 0.225000 0.017188
14 0.751563 0.629687 0.025000 0.009375
14 0.752344 0.642969 0.026562 0.010937
14 0.751563 0.658594 0.025000 0.010937
14 0.752344 0.671094 0.026562 0.010937
14 0.760938 0.686719 0.043750 0.010937
14 0.652344 0.578125 0.029687 0.468750
14 0.688281 0.521094 0.323437 0.495312
9 0.248438 0.602344 0.003125 0.542188
15 0.454688 0.380469 0.046875 0.032813
15 0.454688 0.348438 0.025000 0.034375
15 0.454688 0.638281 0.046875 0.032813
15 0.454688 0.604688 0.025000 0.034375
15 0.454688 0.855469 0.046875 0.032813
15 0.454688 0.823438 0.025000 0.034375
9 0.932031 0.835938 0.001563 0.084375
2 0.900000 0.822656 0.015625 0.045312
2 0.918750 0.807031 0.015625 0.045312
15 0.863281 0.792188 0.017188 0.053125
9 0.855469 0.793750 0.001563 0.053125
2 0.823438 0.822656 0.015625 0.045312
9 0.788281 0.835938 0.001563 0.084375
4 0.777344 0.823438 0.010937 0.043750
15 0.696094 0.792188 0.017188 0.053125
9 0.688281 0.793750 0.001563 0.053125
2 0.656250 0.822656 0.015625 0.045312
15 0.525781 0.853125 0.020313 0.053125
9 0.516406 0.835938 0.001563 0.084375
4 0.985156 0.596875 0.010937 0.043750
2 0.996875 0.589844 0.006250 0.045312
8 0.951562 0.475000 0.006250 0.018750
9 0.950781 0.547656 0.001563 0.107813
3 0.871094 0.589063 0.014063 0.040625
3 0.882031 0.565625 0.014063 0.040625
4 0.897656 0.589063 0.010937 0.043750
6 0.913281 0.555469 0.026562 0.039062
4 0.921094 0.604688 0.010937 0.043750
9 0.788281 0.667188 0.001563 0.084375
9 0.714844 0.667188 0.001563 0.084375
3 0.636719 0.621875 0.014063 0.040625
2 0.654687 0.646094 0.015625 0.045312
6 0.678906 0.613281 0.026562 0.039062
2 0.684375 0.653906 0.015625 0.045312
12 0.523438 0.640625 0.015625 0.028125
12 0.523438 0.592187 0.015625 0.028125
8 0.542188 0.581250 0.006250 0.006250
15 0.941406 0.732031 0.048438 0.039062
15 0.723437 0.736719 0.053125 0.026562
9 0.617969 0.389062 0.001563 0.075000
9 0.567969 0.379688 0.001563 0.071875
15 0.526563 0.307031 0.015625 0.017188
9 0.516406 0.369531 0.001563 0.070312
0 0.942187 0.823438 0.021875 0.018750
0 0.942187 0.790625 0.021875 0.018750
0 0.942187 0.807813 0.021875 0.018750
0 0.846875 0.823438 0.021875 0.018750
0 0.798438 0.790625 0.021875 0.018750
0 0.798438 0.807813 0.021875 0.018750
0 0.798438 0.823438 0.021875 0.018750
0 0.679688 0.823438 0.021875 0.018750
0 0.526563 0.790625 0.021875 0.018750
0 0.526563 0.807813 0.021875 0.018750
0 0.526563 0.823438 0.021875 0.018750
0 0.960938 0.565625 0.021875 0.018750
0 0.960938 0.581250 0.021875 0.018750
0 0.960938 0.596875 0.021875 0.018750
0 0.942187 0.573438 0.021875 0.018750
0 0.942187 0.589063 0.021875 0.018750
0 0.942187 0.606250 0.021875 0.018750
0 0.798438 0.621875 0.021875 0.018750
0 0.798438 0.637500 0.021875 0.018750
0 0.798438 0.654687 0.021875 0.018750
0 0.778125 0.629687 0.021875 0.018750
0 0.778125 0.645312 0.021875 0.018750
0 0.725000 0.621875 0.021875 0.018750
0 0.725000 0.637500 0.021875 0.018750
0 0.725000 0.654687 0.021875 0.018750
0 0.704688 0.629687 0.021875 0.018750
0 0.704688 0.645312 0.021875 0.018750
0 0.628125 0.348438 0.021875 0.018750
0 0.578125 0.340625 0.021875 0.018750
0 0.526563 0.332813 0.021875 0.018750
