10 0.678906 0.414844 0.295312 0.020313
10 0.311719 0.422656 0.295312 0.020313
10 0.044531 0.425781 0.089063 0.032813
10 0.678906 0.617969 0.295312 0.020313
10 0.311719 0.625781 0.295312 0.020313
10 0.044531 0.628125 0.089063 0.025000
13 0.687500 0.505469 0.293750 0.032813
13 0.320312 0.510938 0.293750 0.031250
13 0.687500 0.302344 0.293750 0.032813
13 0.320312 0.312500 0.293750 0.031250
14 0.860938 0.465625 0.003125 0.268750
14 0.495312 0.465625 0.003125 0.268750
14 0.125000 0.465625 0.003125 0.268750
9 0.824219 0.585938 0.001563 0.081250
9 0.750781 0.582812 0.001563 0.090625
9 0.714844 0.585938 0.001563 0.081250
9 0.641406 0.582812 0.001563 0.090625
9 0.603906 0.585938 0.001563 0.081250
14 0.540625 0.493750 0.021875 0.015625
9 0.532031 0.582812 0.001563 0.090625
2 0.518750 0.535156 0.015625 0.045312
9 0.457031 0.595313 0.001563 0.081250
9 0.383594 0.590625 0.001563 0.090625
9 0.347656 0.595313 0.001563 0.081250
9 0.274219 0.590625 0.001563 0.090625
9 0.238281 0.595313 0.001563 0.081250
14 0.175000 0.503125 0.021875 0.015625
9 0.164844 0.590625 0.001563 0.090625
4 0.146094 0.575000 0.010937 0.043750
4 0.153906 0.542188 0.010937 0.043750
9 0.086719 0.588281 0.001563 0.085938
9 0.024219 0.588281 0.001563 0.085938
3 0.003906 0.567187 0.007812 0.040625
3 0.011719 0.534375 0.014063 0.040625
9 0.824219 0.384375 0.001563 0.081250
2 0.793750 0.372656 0.015625 0.045312
2 0.810937 0.339844 0.015625 0.045312
9 0.750781 0.379688 0.001563 0.090625
9 0.714844 0.384375 0.001563 0.081250
2 0.684375 0.372656 0.015625 0.045312
2 0.701562 0.339844 0.015625 0.045312
9 0.641406 0.379688 0.001563 0.090625
9 0.603906 0.384375 0.001563 0.081250
2 0.575000 0.372656 0.015625 0.045312
2 0.592187 0.339844 0.015625 0.045312
14 0.540625 0.290625 0.021875 0.015625
9 0.532031 0.379688 0.001563 0.090625
2 0.518750 0.332031 0.015625 0.045312
9 0.457031 0.392188 0.001563 0.081250
2 0.426563 0.380469 0.015625 0.045312
2 0.443750 0.347656 0.015625 0.045312
9 0.383594 0.389062 0.001563 0.090625
9 0.347656 0.392188 0.001563 0.081250
2 0.317188 0.380469 0.015625 0.045312
2 0.334375 0.347656 0.015625 0.045312
9 0.274219 0.389062 0.001563 0.090625
9 0.238281 0.392188 0.001563 0.081250
2 0.207813 0.380469 0.015625 0.045312
2 0.225000 0.347656 0.015625 0.045312
14 0.175000 0.301563 0.021875 0.015625
9 0.164844 0.389062 0.001563 0.090625
4 0.146094 0.371875 0.010937 0.043750
4 0.153906 0.339062 0.010937 0.043750
9 0.086719 0.384375 0.001563 0.081250
3 0.064844 0.364063 0.014063 0.040625
3 0.074219 0.331250 0.014063 0.040625
9 0.024219 0.389844 0.001563 0.076563
4 0.005469 0.379688 0.010937 0.043750
4 0.013281 0.348438 0.010937 0.043750
0 0.834375 0.543750 0.021875 0.018750
0 0.834375 0.575000 0.021875 0.018750
0 0.760938 0.567187 0.021875 0.018750
0 0.760938 0.535937 0.021875 0.018750
0 0.725000 0.575000 0.021875 0.018750
0 0.725000 0.543750 0.021875 0.018750
0 0.651563 0.567187 0.021875 0.018750
0 0.651563 0.535937 0.021875 0.018750
0 0.614062 0.575000 0.021875 0.018750
0 0.614062 0.543750 0.021875 0.018750
0 0.542188 0.567187 0.021875 0.018750
0 0.542188 0.535937 0.021875 0.018750
0 0.467187 0.551562 0.021875 0.018750
0 0.467187 0.584375 0.021875 0.018750
0 0.393750 0.543750 0.021875 0.018750
0 0.393750 0.575000 0.021875 0.018750
0 0.357812 0.584375 0.021875 0.018750
0 0.357812 0.551562 0.021875 0.018750
0 0.284375 0.575000 0.021875 0.018750
0 0.284375 0.543750 0.021875 0.018750
0 0.248438 0.551562 0.021875 0.018750
0 0.248438 0.584375 0.021875 0.018750
0 0.175000 0.575000 0.021875 0.018750
0 0.175000 0.543750 0.021875 0.018750
0 0.096875 0.543750 0.021875 0.018750
0 0.096875 0.575000 0.021875 0.018750
0 0.034375 0.575000 0.021875 0.018750
0 0.034375 0.543750 0.021875 0.018750
0 0.834375 0.340625 0.021875 0.018750
0 0.834375 0.373437 0.021875 0.018750
0 0.760938 0.332813 0.021875 0.018750
0 0.760938 0.364063 0.021875 0.018750
0 0.725000 0.340625 0.021875 0.018750
0 0.725000 0.373437 0.021875 0.018750
0 0.651563 0.332813 0.021875 0.018750
0 0.651563 0.364063 0.021875 0.018750
0 0.614062 0.340625 0.021875 0.018750
0 0.614062 0.373437 0.021875 0.018750
0 0.542188 0.332813 0.021875 0.018750
0 0.542188 0.364063 0.021875 0.018750
0 0.467187 0.348438 0.021875 0.018750
0 0.467187 0.381250 0.021875 0.018750
0 0.393750 0.340625 0.021875 0.018750
0 0.393750 0.373437 0.021875 0.018750
0 0.357812 0.348438 0.021875 0.018750
0 0.357812 0.381250 0.021875 0.018750
0 0.284375 0.340625 0.021875 0.018750
0 0.284375 0.373437 0.021875 0.018750
0 0.248438 0.348438 0.021875 0.018750
0 0.248438 0.381250 0.021875 0.018750
0 0.175000 0.340625 0.021875 0.018750
0 0.175000 0.373437 0.021875 0.018750
0 0.096875 0.340625 0.021875 0.018750
0 0.096875 0.373437 0.021875 0.018750
0 0.034375 0.348438 0.021875 0.018750
0 0.034375 0.381250 0.021875 0.018750
