14 0.899219 0.157031 0.135937 0.014063
14 0.760156 0.157031 0.135937 0.014063
14 0.585938 0.155469 0.206250 0.017188
14 0.361719 0.155469 0.232813 0.017188
14 0.174219 0.157031 0.135937 0.014063
14 0.050781 0.157031 0.101562 0.014063
9 0.443750 0.128906 0.003125 0.257812
9 0.958594 0.204687 0.001563 0.053125
9 0.819531 0.204687 0.001563 0.053125
9 0.680469 0.204687 0.001563 0.053125
9 0.471094 0.204687 0.001563 0.053125
9 0.233594 0.204687 0.001563 0.053125
9 0.094531 0.204687 0.001563 0.053125
9 0.958594 0.051562 0.001563 0.053125
9 0.819531 0.043750 0.001563 0.053125
9 0.680469 0.059375 0.001563 0.053125
9 0.471094 0.043750 0.001563 0.053125
9 0.233594 0.059375 0.001563 0.053125
9 0.094531 0.043750 0.001563 0.053125
0 0.968750 0.175000 0.021875 0.018750
0 0.829688 0.175000 0.021875 0.018750
0 0.690625 0.175000 0.021875 0.018750
0 0.481250 0.175000 0.021875 0.018750
0 0.243750 0.175000 0.021875 0.018750
0 0.104688 0.175000 0.021875 0.018750
0 0.968750 0.021875 0.021875 0.018750
0 0.829688 0.014063 0.021875 0.018750
0 0.690625 0.029687 0.021875 0.018750
0 0.481250 0.014063 0.021875 0.018750
0 0.243750 0.029687 0.021875 0.018750
0 0.104688 0.014063 0.021875 0.018750
