10 0.135156 0.240625 0.076563 0.012500
10 0.114844 0.757812 0.076563 0.012500
14 0.767188 0.756250 0.090625 0.018750
14 0.239063 0.763281 0.478125 0.057813
14 0.663281 0.508594 0.026562 0.010937
14 0.663281 0.524219 0.026562 0.010937
14 0.663281 0.550000 0.026562 0.009375
14 0.663281 0.566406 0.026562 0.010937
14 0.663281 0.578906 0.026562 0.010937
14 0.777344 0.268750 0.070312 0.015625
14 0.249219 0.246875 0.498437 0.059375
9 0.821875 0.538281 0.003125 0.414062
9 0.442188 0.538281 0.003125 0.414062
12 0.722656 0.663281 0.017188 0.048438
9 0.714844 0.744531 0.001563 0.045312
2 0.701562 0.719531 0.015625 0.045312
9 0.485156 0.731250 0.001563 0.050000
9 0.503906 0.606250 0.001563 0.040625
3 0.472656 0.695312 0.014063 0.040625
9 0.335156 0.731250 0.001563 0.050000
9 0.228906 0.731250 0.001563 0.050000
9 0.247656 0.606250 0.001563 0.040625
9 0.153906 0.736719 0.001563 0.045312
9 0.077344 0.731250 0.001563 0.050000
4 0.067969 0.703125 0.010937 0.043750
15 0.840625 0.727344 0.028125 0.032813
9 0.611719 0.514844 0.001563 0.079687
3 0.530469 0.525000 0.014063 0.040625
2 0.548438 0.549219 0.015625 0.045312
6 0.572656 0.516406 0.026562 0.039062
2 0.578125 0.558594 0.015625 0.045312
12 0.492969 0.525781 0.017188 0.048438
11 0.189062 0.514062 0.018750 0.009375
15 0.840625 0.542969 0.028125 0.032813
9 0.733594 0.275000 0.001563 0.040625
2 0.701562 0.299219 0.015625 0.045312
9 0.503906 0.259375 0.001563 0.040625
4 0.474219 0.282813 0.010937 0.043750
9 0.353906 0.259375 0.001563 0.040625
9 0.247656 0.259375 0.001563 0.040625
9 0.172656 0.266406 0.001563 0.045312
9 0.097656 0.259375 0.001563 0.040625
4 0.067969 0.282813 0.010937 0.043750
15 0.840625 0.380469 0.028125 0.032813
0 0.725000 0.720313 0.021875 0.018750
1 0.495312 0.703125 0.021875 0.018750
1 0.495312 0.631250 0.021875 0.018750
0 0.345313 0.703125 0.021875 0.018750
0 0.239063 0.703125 0.021875 0.018750
1 0.239063 0.631250 0.021875 0.018750
0 0.164062 0.710938 0.021875 0.018750
0 0.087500 0.703125 0.021875 0.018750
1 0.621875 0.534375 0.021875 0.018750
1 0.621875 0.550000 0.021875 0.018750
1 0.601562 0.526563 0.021875 0.018750
1 0.601562 0.542188 0.021875 0.018750
1 0.601562 0.557813 0.021875 0.018750
0 0.725000 0.300000 0.021875 0.018750
1 0.499219 0.324219 0.029687 0.017188
1 0.495312 0.284375 0.021875 0.018750
0 0.345313 0.284375 0.021875 0.018750
0 0.239063 0.284375 0.021875 0.018750
0 0.164062 0.292187 0.021875 0.018750
0 0.087500 0.284375 0.021875 0.018750
