7 0.276562 0.558594 0.043750 0.114062
7 0.276562 0.366406 0.043750 0.114062
10 0.796094 0.563281 0.139063 0.020313
10 0.478125 0.589063 0.243750 0.040625
14 0.764844 0.419531 0.054688 0.014063
14 0.489063 0.472656 0.243750 0.073438
9 0.245312 0.460938 0.003125 0.259375
9 0.906250 0.460938 0.003125 0.259375
9 0.642188 0.460938 0.003125 0.259375
9 0.942969 0.510156 0.001563 0.126562
3 0.930469 0.435937 0.014063 0.040625
2 0.929688 0.516406 0.015625 0.045312
9 0.864844 0.510156 0.001563 0.126562
9 0.822656 0.510156 0.001563 0.126562
9 0.782031 0.510156 0.001563 0.126562
3 0.769531 0.435937 0.014063 0.040625
2 0.768750 0.516406 0.015625 0.045312
9 0.727344 0.510156 0.001563 0.126562
4 0.717969 0.443750 0.010937 0.043750
15 0.678906 0.595313 0.020313 0.053125
9 0.669531 0.536719 0.001563 0.164062
9 0.600781 0.528906 0.001563 0.114062
4 0.589844 0.468750 0.010937 0.043750
9 0.557031 0.538281 0.001563 0.101562
9 0.516406 0.543750 0.001563 0.096875
2 0.503125 0.492969 0.015625 0.045312
9 0.461719 0.550000 0.001563 0.093750
3 0.439844 0.525000 0.014063 0.040625
3 0.449219 0.492188 0.014063 0.040625
9 0.399219 0.556250 0.001563 0.090625
9 0.357031 0.567187 0.001563 0.078125
4 0.330469 0.556250 0.010937 0.043750
2 0.343750 0.524219 0.015625 0.045312
15 0.736719 0.628906 0.054688 0.039062
0 0.953125 0.443750 0.021875 0.018750
0 0.953125 0.517188 0.021875 0.018750
0 0.875000 0.443750 0.021875 0.018750
0 0.875000 0.517188 0.021875 0.018750
0 0.832812 0.443750 0.021875 0.018750
0 0.832812 0.517188 0.021875 0.018750
0 0.792188 0.443750 0.021875 0.018750
0 0.792188 0.517188 0.021875 0.018750
0 0.737500 0.443750 0.021875 0.018750
0 0.737500 0.509375 0.021875 0.018750
0 0.679688 0.453125 0.021875 0.018750
0 0.679688 0.565625 0.021875 0.018750
0 0.610938 0.468750 0.021875 0.018750
0 0.610938 0.501563 0.021875 0.018750
0 0.567187 0.484375 0.021875 0.018750
0 0.567187 0.517188 0.021875 0.018750
0 0.526563 0.492188 0.021875 0.018750
0 0.526563 0.525000 0.021875 0.018750
0 0.471875 0.501563 0.021875 0.018750
0 0.471875 0.532813 0.021875 0.018750
0 0.409375 0.509375 0.021875 0.018750
0 0.409375 0.540625 0.021875 0.018750
0 0.367188 0.525000 0.021875 0.018750
0 0.367188 0.557813 0.021875 0.018750
