10 0.957812 0.342969 0.084375 0.020313
10 0.771094 0.342969 0.142187 0.020313
10 0.575781 0.338281 0.167187 0.020313
10 0.381250 0.338281 0.140625 0.020313
10 0.132031 0.342969 0.210938 0.020313
10 0.957812 0.518750 0.084375 0.025000
10 0.728125 0.516406 0.228125 0.020313
10 0.425781 0.505469 0.229687 0.020313
10 0.132031 0.505469 0.210938 0.020313
14 0.651563 0.610938 0.696875 0.053125
14 0.121875 0.593750 0.209375 0.028125
14 0.651563 0.450781 0.696875 0.057813
14 0.121875 0.429688 0.209375 0.025000
9 0.860938 0.446094 0.003125 0.229687
9 0.560937 0.446094 0.003125 0.229687
9 0.256250 0.446094 0.003125 0.229687
9 0.961719 0.537500 0.001563 0.053125
3 0.930469 0.559375 0.014063 0.040625
9 0.916406 0.533594 0.001563 0.045312
3 0.883594 0.551562 0.014063 0.040625
9 0.841406 0.535156 0.001563 0.057813
9 0.794531 0.531250 0.001563 0.050000
9 0.747656 0.535156 0.001563 0.057813
4 0.717969 0.567187 0.010937 0.043750
9 0.700781 0.531250 0.001563 0.050000
4 0.671094 0.559375 0.010937 0.043750
9 0.658594 0.535156 0.001563 0.057813
9 0.614844 0.531250 0.001563 0.050000
9 0.539844 0.525781 0.001563 0.060937
3 0.508594 0.551562 0.014063 0.040625
9 0.492969 0.521875 0.001563 0.053125
4 0.463281 0.550000 0.010937 0.043750
9 0.450781 0.525781 0.001563 0.060937
9 0.403906 0.521875 0.001563 0.053125
9 0.360156 0.525781 0.001563 0.060937
4 0.330469 0.559375 0.010937 0.043750
15 0.303125 0.601562 0.021875 0.015625
9 0.311719 0.521875 0.001563 0.053125
2 0.279687 0.550781 0.015625 0.045312
9 0.235156 0.525781 0.001563 0.060937
9 0.192969 0.521875 0.001563 0.053125
9 0.153906 0.525781 0.001563 0.060937
9 0.110156 0.521875 0.001563 0.053125
9 0.071094 0.525781 0.001563 0.060937
15 0.017188 0.601562 0.021875 0.015625
9 0.027344 0.521875 0.001563 0.053125
3 0.975781 0.379688 0.014063 0.040625
9 0.961719 0.367969 0.001563 0.070312
4 0.932031 0.404687 0.010937 0.043750
9 0.916406 0.363281 0.001563 0.060937
3 0.883594 0.389062 0.014063 0.040625
9 0.841406 0.363281 0.001563 0.060937
4 0.811719 0.396875 0.010937 0.043750
9 0.794531 0.359375 0.001563 0.053125
9 0.747656 0.367969 0.001563 0.070312
2 0.715625 0.403906 0.015625 0.045312
9 0.700781 0.363281 0.001563 0.060937
4 0.671094 0.396875 0.010937 0.043750
9 0.658594 0.357031 0.001563 0.057813
9 0.614844 0.353125 0.001563 0.050000
3 0.583594 0.371875 0.014063 0.040625
9 0.539844 0.360938 0.001563 0.065625
4 0.510156 0.396875 0.010937 0.043750
9 0.492969 0.357031 0.001563 0.057813
4 0.463281 0.387500 0.010937 0.043750
9 0.450781 0.357031 0.001563 0.057813
2 0.418750 0.388281 0.015625 0.045312
9 0.403906 0.353125 0.001563 0.050000
9 0.360156 0.360938 0.001563 0.065625
2 0.328125 0.396094 0.015625 0.045312
9 0.311719 0.357031 0.001563 0.057813
2 0.279687 0.388281 0.015625 0.045312
9 0.235156 0.363281 0.001563 0.060937
4 0.205469 0.396875 0.010937 0.043750
9 0.192969 0.359375 0.001563 0.053125
9 0.153906 0.363281 0.001563 0.060937
4 0.124219 0.396875 0.010937 0.043750
9 0.110156 0.359375 0.001563 0.053125
9 0.071094 0.363281 0.001563 0.060937
4 0.041406 0.396875 0.010937 0.043750
9 0.027344 0.359375 0.001563 0.053125
0 0.993750 0.567187 0.012500 0.018750
0 0.953125 0.567187 0.021875 0.018750
0 0.906250 0.559375 0.021875 0.018750
0 0.831250 0.567187 0.021875 0.018750
0 0.785937 0.559375 0.021875 0.018750
0 0.739062 0.567187 0.021875 0.018750
0 0.690625 0.559375 0.021875 0.018750
0 0.648438 0.567187 0.021875 0.018750
0 0.606250 0.559375 0.021875 0.018750
0 0.531250 0.559375 0.021875 0.018750
0 0.484375 0.551562 0.021875 0.018750
0 0.442188 0.559375 0.021875 0.018750
0 0.393750 0.551562 0.021875 0.018750
0 0.351562 0.559375 0.021875 0.018750
0 0.303125 0.551562 0.021875 0.018750
0 0.226562 0.559375 0.021875 0.018750
0 0.182812 0.551562 0.021875 0.018750
0 0.143750 0.559375 0.021875 0.018750
0 0.101562 0.551562 0.021875 0.018750
0 0.060937 0.559375 0.021875 0.018750
0 0.018750 0.551562 0.021875 0.018750
0 0.993750 0.389062 0.012500 0.018750
0 0.953125 0.404687 0.021875 0.018750
0 0.906250 0.396875 0.021875 0.018750
0 0.831250 0.396875 0.021875 0.018750
0 0.785937 0.389062 0.021875 0.018750
0 0.739062 0.404687 0.021875 0.018750
0 0.690625 0.396875 0.021875 0.018750
0 0.648438 0.389062 0.021875 0.018750
0 0.606250 0.381250 0.021875 0.018750
0 0.531250 0.396875 0.021875 0.018750
0 0.484375 0.389062 0.021875 0.018750
0 0.442188 0.389062 0.021875 0.018750
0 0.393750 0.381250 0.021875 0.018750
0 0.351562 0.396875 0.021875 0.018750
0 0.303125 0.389062 0.021875 0.018750
0 0.226562 0.396875 0.021875 0.018750
0 0.182812 0.389062 0.021875 0.018750
0 0.143750 0.396875 0.021875 0.018750
0 0.101562 0.389062 0.021875 0.018750
0 0.060937 0.396875 0.021875 0.018750
0 0.018750 0.389062 0.021875 0.018750
