13 0.311719 0.070312 0.045312 0.065625
13 0.311719 0.302344 0.045312 0.057813
9 0.279687 0.170313 0.003125 0.340625
9 0.859375 0.170313 0.003125 0.340625
12 0.971094 0.307031 0.017188 0.048438
12 0.894531 0.307031 0.017188 0.048438
12 0.812500 0.309375 0.015625 0.028125
12 0.757812 0.309375 0.015625 0.028125
12 0.703125 0.309375 0.015625 0.028125
12 0.650000 0.309375 0.015625 0.028125
8 0.597656 0.374219 0.004687 0.004687
15 0.616406 0.325000 0.017188 0.053125
9 0.608594 0.326562 0.001563 0.053125
2 0.575000 0.355469 0.015625 0.045312
12 0.488281 0.307031 0.017188 0.048438
12 0.380469 0.307031 0.017188 0.048438
15 0.989062 0.380469 0.021875 0.029687
15 0.597656 0.403906 0.029687 0.026562
12 0.971094 0.071094 0.017188 0.048438
12 0.894531 0.071094 0.017188 0.048438
12 0.812500 0.073438 0.015625 0.028125
12 0.757812 0.073438 0.015625 0.028125
12 0.703125 0.073438 0.015625 0.028125
12 0.650000 0.073438 0.015625 0.028125
8 0.597656 0.139844 0.004687 0.004687
15 0.616406 0.089063 0.017188 0.053125
9 0.608594 0.090625 0.001563 0.053125
2 0.575000 0.119531 0.015625 0.045312
12 0.488281 0.071094 0.017188 0.048438
12 0.380469 0.071094 0.017188 0.048438
15 0.989062 0.152344 0.021875 0.029687
15 0.597656 0.167969 0.029687 0.026562
15 0.435156 0.010937 0.029687 0.021875
0 0.598437 0.354687 0.021875 0.018750
0 0.598437 0.120313 0.021875 0.018750
