10 0.144531 0.395313 0.070312 0.037500
10 0.917969 0.655469 0.051562 0.026562
10 0.700781 0.667969 0.064062 0.026562
10 0.510156 0.667969 0.067187 0.026562
10 0.222656 0.667969 0.064062 0.026562
14 0.973437 0.709375 0.050000 0.006250
14 0.964063 0.705469 0.068750 0.007812
14 0.942969 0.728125 0.114062 0.009375
14 0.754687 0.721875 0.034375 0.006250
14 0.729688 0.709375 0.050000 0.006250
14 0.724219 0.735938 0.123438 0.009375
14 0.565625 0.721875 0.034375 0.006250
14 0.540625 0.709375 0.050000 0.006250
14 0.535156 0.735938 0.126562 0.009375
14 0.278906 0.721875 0.039062 0.006250
14 0.261719 0.710156 0.070312 0.007812
14 0.249219 0.735938 0.126562 0.009375
14 0.005469 0.721875 0.010937 0.006250
9 0.435937 0.525781 0.003125 0.389062
9 0.942969 0.671875 0.001563 0.059375
9 0.924219 0.667188 0.001563 0.050000
3 0.904687 0.689844 0.009375 0.023438
9 0.892969 0.675781 0.001563 0.067187
4 0.873437 0.711719 0.006250 0.026562
6 0.985156 0.678906 0.026562 0.039062
9 0.732031 0.682031 0.001563 0.054688
2 0.709375 0.711719 0.009375 0.026562
9 0.699219 0.678125 0.001563 0.046875
4 0.678125 0.703906 0.006250 0.026562
9 0.669531 0.685937 0.001563 0.062500
2 0.648438 0.719531 0.009375 0.026562
9 0.796094 0.678906 0.001563 0.073438
4 0.764844 0.695312 0.010937 0.043750
9 0.542969 0.682031 0.001563 0.054688
2 0.521875 0.711719 0.009375 0.026562
9 0.510156 0.678125 0.001563 0.046875
2 0.489063 0.702344 0.009375 0.026562
9 0.477344 0.685937 0.001563 0.062500
2 0.456250 0.719531 0.009375 0.026562
9 0.607031 0.678906 0.001563 0.073438
4 0.577344 0.695312 0.010937 0.043750
9 0.253906 0.682031 0.001563 0.054688
2 0.232813 0.711719 0.009375 0.026562
9 0.221094 0.678125 0.001563 0.046875
4 0.201563 0.703906 0.006250 0.026562
9 0.191406 0.685937 0.001563 0.062500
2 0.170313 0.719531 0.009375 0.026562
9 0.321094 0.678906 0.001563 0.073438
3 0.289844 0.687500 0.014063 0.040625
9 0.035156 0.678906 0.001563 0.073438
4 0.005469 0.695312 0.010937 0.043750
2 0.989062 0.549219 0.015625 0.045312
15 0.785937 0.573438 0.021875 0.015625
9 0.796094 0.506250 0.001563 0.050000
3 0.763281 0.525000 0.014063 0.040625
15 0.596875 0.573438 0.021875 0.015625
9 0.607031 0.513281 0.001563 0.051562
4 0.577344 0.542188 0.010937 0.043750
15 0.312500 0.573438 0.021875 0.015625
9 0.321094 0.506250 0.001563 0.050000
4 0.291406 0.532813 0.010937 0.043750
15 0.025000 0.573438 0.021875 0.015625
9 0.035156 0.513281 0.001563 0.051562
4 0.005469 0.542188 0.010937 0.043750
12 0.943750 0.367188 0.015625 0.028125
8 0.878906 0.247656 0.004687 0.004687
15 0.878906 0.362500 0.020313 0.053125
9 0.869531 0.328125 0.001563 0.115625
2 0.856250 0.332031 0.015625 0.045312
12 0.783594 0.364844 0.017188 0.048438
15 0.692187 0.420312 0.021875 0.015625
15 0.692187 0.407813 0.021875 0.003125
9 0.700781 0.359375 0.001563 0.053125
2 0.668750 0.388281 0.015625 0.045312
12 0.596094 0.364844 0.017188 0.048438
11 0.310937 0.359375 0.018750 0.009375
12 0.242188 0.367188 0.015625 0.028125
9 0.177344 0.344531 0.001563 0.098437
2 0.146875 0.299219 0.015625 0.045312
9 0.110156 0.343750 0.001563 0.131250
4 0.099219 0.275000 0.010937 0.043750
4 0.099219 0.339062 0.010937 0.043750
12 0.022656 0.364844 0.017188 0.048438
0 0.935937 0.703906 0.012500 0.010937
0 0.918750 0.696094 0.012500 0.010937
0 0.885938 0.711719 0.012500 0.010937
0 0.725000 0.711719 0.012500 0.010937
0 0.692187 0.703906 0.012500 0.010937
0 0.662500 0.719531 0.012500 0.010937
1 0.806250 0.695312 0.021875 0.018750
1 0.806250 0.712500 0.021875 0.018750
1 0.785937 0.703125 0.021875 0.018750
1 0.785937 0.720313 0.021875 0.018750
0 0.537500 0.711719 0.012500 0.010937
0 0.504687 0.703906 0.012500 0.010937
0 0.471875 0.719531 0.012500 0.010937
1 0.617188 0.695312 0.021875 0.018750
1 0.617188 0.712500 0.021875 0.018750
1 0.598437 0.703125 0.021875 0.018750
1 0.598437 0.720313 0.021875 0.018750
0 0.246875 0.711719 0.012500 0.010937
0 0.215625 0.703906 0.012500 0.010937
0 0.185938 0.719531 0.012500 0.010937
1 0.331250 0.695312 0.021875 0.018750
1 0.331250 0.712500 0.021875 0.018750
1 0.312500 0.703125 0.021875 0.018750
1 0.312500 0.720313 0.021875 0.018750
1 0.045312 0.695312 0.021875 0.018750
1 0.045312 0.712500 0.021875 0.018750
1 0.025000 0.703125 0.021875 0.018750
1 0.025000 0.720313 0.021875 0.018750
1 0.785937 0.534375 0.021875 0.018750
1 0.598437 0.542188 0.021875 0.018750
1 0.312500 0.534375 0.021875 0.018750
1 0.025000 0.542188 0.021875 0.018750
0 0.879687 0.267188 0.021875 0.018750
0 0.879687 0.332813 0.021875 0.018750
0 0.692187 0.389062 0.021875 0.018750
0 0.187500 0.292187 0.021875 0.018750
0 0.168750 0.300000 0.021875 0.018750
0 0.120313 0.276562 0.021875 0.018750
0 0.120313 0.340625 0.021875 0.018750
