13 0.311719 0.715625 0.045312 0.065625
7 0.310937 0.557031 0.043750 0.114062
13 0.311719 0.872656 0.045312 0.057813
7 0.310937 0.366406 0.043750 0.114062
10 0.984375 0.531250 0.031250 0.025000
10 0.850000 0.510938 0.121875 0.025000
14 0.461719 0.789062 0.229687 0.021875
14 0.875781 0.626563 0.148438 0.021875
14 0.546875 0.772656 0.084375 0.010937
14 0.441406 0.773438 0.117188 0.012500
14 0.364063 0.772656 0.034375 0.010937
14 0.894531 0.489063 0.210938 0.059375
9 0.279687 0.621094 0.003125 0.579688
9 0.682813 0.621094 0.003125 0.579688
12 0.958594 0.877344 0.017188 0.048438
12 0.838281 0.877344 0.017188 0.048438
12 0.717969 0.877344 0.017188 0.048438
11 0.514062 0.865625 0.018750 0.009375
8 0.960156 0.767969 0.004687 0.004687
15 0.977344 0.717187 0.017188 0.053125
9 0.969531 0.718750 0.001563 0.053125
2 0.937500 0.747656 0.015625 0.045312
12 0.838281 0.716406 0.017188 0.048438
12 0.717969 0.716406 0.017188 0.048438
9 0.597656 0.726562 0.001563 0.053125
9 0.511719 0.726562 0.001563 0.053125
9 0.391406 0.726562 0.001563 0.053125
2 0.994531 0.578906 0.010937 0.045312
9 0.969531 0.564063 0.001563 0.053125
2 0.937500 0.594531 0.015625 0.045312
9 0.910156 0.547656 0.001563 0.057813
5 0.876563 0.578125 0.015625 0.015625
9 0.849219 0.535937 0.001563 0.050000
2 0.817187 0.563281 0.015625 0.045312
9 0.789844 0.522656 0.001563 0.042188
2 0.756250 0.546094 0.015625 0.045312
12 0.717187 0.557813 0.015625 0.028125
11 0.514062 0.542188 0.018750 0.009375
15 0.778906 0.642969 0.029687 0.026562
8 0.960156 0.439844 0.004687 0.004687
15 0.977344 0.390625 0.017188 0.053125
9 0.969531 0.392188 0.001563 0.053125
2 0.937500 0.421094 0.015625 0.045312
12 0.838281 0.364844 0.017188 0.048438
12 0.717969 0.364844 0.017188 0.048438
11 0.514062 0.351562 0.018750 0.009375
0 0.960938 0.748437 0.021875 0.018750
0 0.587500 0.756250 0.021875 0.018750
0 0.503125 0.756250 0.021875 0.018750
1 0.382812 0.756250 0.021875 0.018750
0 0.960938 0.595313 0.021875 0.018750
0 0.900000 0.579688 0.021875 0.018750
0 0.840625 0.562500 0.021875 0.018750
0 0.779687 0.546875 0.021875 0.018750
0 0.960938 0.421875 0.021875 0.018750
