7 0.276562 0.563281 0.043750 0.114062
7 0.276562 0.366406 0.043750 0.114062
10 0.971094 0.596875 0.057813 0.025000
10 0.842187 0.571094 0.109375 0.020313
10 0.745313 0.472656 0.059375 0.032813
10 0.403125 0.517188 0.096875 0.025000
10 0.560156 0.618750 0.110937 0.028125
14 0.975781 0.524219 0.048438 0.023438
14 0.853125 0.497656 0.109375 0.020313
14 0.835938 0.511719 0.075000 0.010937
14 0.745313 0.448437 0.059375 0.021875
14 0.589844 0.631250 0.048438 0.018750
14 0.425781 0.495312 0.048438 0.018750
9 0.245312 0.462500 0.003125 0.262500
9 0.835938 0.462500 0.003125 0.262500
9 0.662500 0.462500 0.003125 0.262500
9 0.478125 0.462500 0.003125 0.262500
9 0.942969 0.566406 0.001563 0.054688
3 0.930469 0.528125 0.014063 0.040625
9 0.896094 0.552344 0.001563 0.057813
9 0.863281 0.556250 0.001563 0.050000
9 0.788281 0.556250 0.001563 0.050000
9 0.774219 0.494531 0.001563 0.045312
9 0.697656 0.632812 0.001563 0.090625
9 0.716406 0.500781 0.001563 0.082812
3 0.685156 0.496875 0.014063 0.040625
9 0.613281 0.582812 0.001563 0.053125
9 0.566406 0.591406 0.001563 0.054688
9 0.586719 0.504687 0.001563 0.040625
3 0.553906 0.553125 0.014063 0.040625
9 0.505469 0.608594 0.001563 0.042188
15 0.532031 0.514062 0.017188 0.053125
9 0.524219 0.515625 0.001563 0.053125
9 0.449219 0.528906 0.001563 0.042188
9 0.402344 0.536719 0.001563 0.042188
3 0.371094 0.553125 0.014063 0.040625
9 0.355469 0.553906 0.001563 0.057813
0 0.953125 0.537500 0.021875 0.018750
0 0.906250 0.520312 0.021875 0.018750
0 0.873437 0.528125 0.021875 0.018750
0 0.798438 0.528125 0.021875 0.018750
0 0.765625 0.520312 0.021875 0.018750
0 0.707812 0.634375 0.021875 0.018750
0 0.707812 0.585938 0.021875 0.018750
0 0.707812 0.504687 0.021875 0.018750
0 0.707812 0.545312 0.021875 0.018750
0 0.623437 0.553125 0.021875 0.018750
0 0.576562 0.560937 0.021875 0.018750
0 0.576562 0.528125 0.021875 0.018750
0 0.515625 0.585938 0.021875 0.018750
0 0.515625 0.545312 0.021875 0.018750
0 0.440625 0.553125 0.021875 0.018750
0 0.393750 0.560937 0.021875 0.018750
0 0.345313 0.585938 0.021875 0.018750
