10 0.692969 0.360156 0.107813 0.007812
10 0.564844 0.360156 0.051562 0.007812
10 0.463281 0.364063 0.051562 0.015625
10 0.337500 0.370312 0.106250 0.028125
10 0.155469 0.360156 0.107813 0.007812
10 0.027344 0.360156 0.051562 0.007812
14 0.927344 0.814844 0.051562 0.010937
14 0.600781 0.815625 0.098437 0.012500
14 0.499219 0.815625 0.098437 0.012500
14 0.371875 0.811719 0.150000 0.014063
14 0.203906 0.814063 0.179688 0.015625
14 0.061719 0.815625 0.095312 0.012500
14 0.600000 0.645312 0.100000 0.012500
14 0.424219 0.653906 0.051562 0.010937
14 0.062500 0.645312 0.100000 0.012500
14 0.599219 0.464844 0.070312 0.010937
14 0.598437 0.494531 0.068750 0.010937
14 0.499219 0.464844 0.073438 0.010937
14 0.498437 0.494531 0.071875 0.010937
14 0.378125 0.464062 0.109375 0.012500
14 0.378125 0.495312 0.109375 0.012500
14 0.210156 0.463281 0.139063 0.014063
14 0.209375 0.494531 0.137500 0.014063
14 0.061719 0.464844 0.070312 0.010937
14 0.060937 0.494531 0.068750 0.010937
14 0.524219 0.277344 0.460938 0.042188
14 0.108594 0.275781 0.217188 0.045312
9 0.795312 0.607031 0.003125 0.551562
9 0.257812 0.607031 0.003125 0.551562
9 0.941406 0.861719 0.001563 0.051562
15 0.902344 0.862500 0.020313 0.053125
9 0.892969 0.861719 0.001563 0.051562
2 0.879687 0.832031 0.015625 0.045312
9 0.822656 0.845313 0.001563 0.053125
9 0.639844 0.861719 0.001563 0.051562
9 0.539844 0.861719 0.001563 0.051562
9 0.438281 0.861719 0.001563 0.051562
9 0.285156 0.861719 0.001563 0.051562
9 0.102344 0.861719 0.001563 0.051562
9 0.002344 0.861719 0.001563 0.051562
15 0.830469 0.924219 0.029687 0.026562
11 0.981250 0.675000 0.018750 0.009375
9 0.692969 0.699219 0.001563 0.051562
15 0.649219 0.693750 0.020313 0.053125
9 0.639844 0.691406 0.001563 0.051562
9 0.539844 0.692187 0.001563 0.053125
9 0.438281 0.699219 0.001563 0.051562
15 0.397656 0.701562 0.020313 0.053125
9 0.388281 0.699219 0.001563 0.051562
9 0.285156 0.692187 0.001563 0.053125
9 0.155469 0.699219 0.001563 0.051562
15 0.111719 0.693750 0.020313 0.053125
9 0.102344 0.691406 0.001563 0.051562
9 0.002344 0.692187 0.001563 0.053125
11 0.981250 0.514062 0.018750 0.009375
9 0.639844 0.507031 0.001563 0.070312
9 0.539844 0.507031 0.001563 0.070312
9 0.438281 0.507031 0.001563 0.070312
9 0.285156 0.507031 0.001563 0.070312
9 0.102344 0.507031 0.001563 0.070312
9 0.002344 0.507031 0.001563 0.070312
11 0.981250 0.351562 0.018750 0.009375
9 0.744531 0.337500 0.001563 0.053125
3 0.732031 0.300000 0.014063 0.040625
9 0.692969 0.341406 0.001563 0.045312
3 0.680469 0.307812 0.014063 0.040625
9 0.639844 0.333594 0.001563 0.060937
4 0.628906 0.300000 0.010937 0.043750
9 0.589844 0.337500 0.001563 0.053125
4 0.580469 0.307812 0.010937 0.043750
9 0.539844 0.337500 0.001563 0.053125
3 0.527344 0.300000 0.014063 0.040625
9 0.488281 0.343750 0.001563 0.050000
4 0.477344 0.315625 0.010937 0.043750
9 0.438281 0.328125 0.001563 0.065625
9 0.388281 0.332031 0.001563 0.057813
2 0.375000 0.299219 0.015625 0.045312
9 0.333594 0.344531 0.001563 0.051562
3 0.321094 0.307812 0.014063 0.040625
9 0.285156 0.353125 0.001563 0.053125
9 0.207031 0.337500 0.001563 0.053125
3 0.194531 0.300000 0.014063 0.040625
9 0.155469 0.341406 0.001563 0.045312
3 0.142969 0.307812 0.014063 0.040625
9 0.102344 0.333594 0.001563 0.060937
4 0.091406 0.300000 0.010937 0.043750
9 0.052344 0.337500 0.001563 0.053125
4 0.041406 0.307812 0.010937 0.043750
9 0.002344 0.337500 0.001563 0.053125
0 0.951562 0.832812 0.021875 0.018750
0 0.903125 0.832812 0.021875 0.018750
0 0.832812 0.817187 0.021875 0.018750
0 0.650000 0.832812 0.021875 0.018750
0 0.550000 0.832812 0.021875 0.018750
0 0.448437 0.832812 0.021875 0.018750
0 0.295312 0.832812 0.021875 0.018750
0 0.112500 0.832812 0.021875 0.018750
0 0.012500 0.832812 0.021875 0.018750
0 0.703125 0.671875 0.021875 0.018750
0 0.650000 0.664062 0.021875 0.018750
0 0.550000 0.664062 0.021875 0.018750
0 0.448437 0.671875 0.021875 0.018750
0 0.398438 0.671875 0.021875 0.018750
0 0.295312 0.664062 0.021875 0.018750
0 0.165625 0.671875 0.021875 0.018750
0 0.112500 0.664062 0.021875 0.018750
0 0.012500 0.664062 0.021875 0.018750
0 0.650000 0.470313 0.021875 0.018750
0 0.650000 0.485938 0.021875 0.018750
0 0.550000 0.470313 0.021875 0.018750
0 0.550000 0.485938 0.021875 0.018750
0 0.448437 0.470313 0.021875 0.018750
0 0.448437 0.485938 0.021875 0.018750
0 0.295312 0.470313 0.021875 0.018750
0 0.295312 0.485938 0.021875 0.018750
0 0.112500 0.470313 0.021875 0.018750
0 0.112500 0.485938 0.021875 0.018750
0 0.012500 0.470313 0.021875 0.018750
0 0.012500 0.485938 0.021875 0.018750
0 0.754687 0.307812 0.021875 0.018750
0 0.703125 0.315625 0.021875 0.018750
0 0.650000 0.300000 0.021875 0.018750
0 0.600000 0.307812 0.021875 0.018750
0 0.550000 0.307812 0.021875 0.018750
0 0.498437 0.315625 0.021875 0.018750
0 0.448437 0.292187 0.021875 0.018750
0 0.398438 0.300000 0.021875 0.018750
0 0.343750 0.315625 0.021875 0.018750
0 0.295312 0.325000 0.021875 0.018750
0 0.217188 0.307812 0.021875 0.018750
0 0.165625 0.315625 0.021875 0.018750
0 0.112500 0.300000 0.021875 0.018750
0 0.062500 0.307812 0.021875 0.018750
0 0.012500 0.307812 0.021875 0.018750
