10 0.943750 0.401562 0.103125 0.025000
10 0.821875 0.410938 0.050000 0.012500
10 0.617188 0.657813 0.096875 0.012500
10 0.500000 0.642969 0.050000 0.007812
10 0.379688 0.651563 0.096875 0.025000
10 0.137500 0.521094 0.096875 0.007812
10 0.021875 0.507812 0.043750 0.012500
14 0.950781 0.830469 0.098437 0.014063
14 0.488281 0.748437 0.332813 0.037500
14 0.171875 0.723437 0.178125 0.015625
14 0.039844 0.721094 0.079687 0.010937
14 0.514062 0.592187 0.093750 0.012500
14 0.362500 0.594531 0.206250 0.017188
14 0.088281 0.615625 0.176563 0.034375
14 0.773438 0.319531 0.068750 0.017188
9 0.693750 0.607031 0.003125 0.551562
9 0.214062 0.607031 0.003125 0.551562
9 0.892969 0.875000 0.001563 0.046875
2 0.879687 0.849219 0.015625 0.045312
12 0.805469 0.849219 0.017188 0.048438
9 0.749219 0.880469 0.001563 0.060937
2 0.717187 0.913281 0.015625 0.045312
12 0.653125 0.851562 0.015625 0.028125
12 0.604688 0.851562 0.015625 0.028125
12 0.557813 0.851562 0.015625 0.028125
9 0.475781 0.876563 0.001563 0.053125
2 0.442188 0.905469 0.015625 0.045312
12 0.367969 0.849219 0.017188 0.048438
9 0.269531 0.867188 0.001563 0.053125
12 0.171875 0.851562 0.015625 0.028125
12 0.125000 0.851562 0.015625 0.028125
12 0.078125 0.851562 0.015625 0.028125
15 0.900781 0.932031 0.032813 0.039062
12 0.900781 0.688281 0.017188 0.048438
9 0.749219 0.714063 0.001563 0.053125
2 0.717187 0.744531 0.015625 0.045312
9 0.664844 0.688281 0.001563 0.057813
2 0.632812 0.719531 0.015625 0.045312
9 0.617969 0.691406 0.001563 0.067187
9 0.569531 0.682813 0.001563 0.053125
9 0.522656 0.665625 0.001563 0.053125
4 0.492969 0.695312 0.010937 0.043750
9 0.475781 0.665625 0.001563 0.053125
2 0.442188 0.696094 0.015625 0.045312
9 0.427344 0.668750 0.001563 0.050000
9 0.380469 0.676562 0.001563 0.050000
9 0.332031 0.684375 0.001563 0.050000
2 0.300000 0.711719 0.015625 0.045312
15 0.277344 0.673438 0.017188 0.053125
9 0.269531 0.675000 0.001563 0.053125
9 0.089844 0.675781 0.001563 0.051562
11 0.929688 0.514062 0.018750 0.009375
9 0.569531 0.543750 0.001563 0.053125
9 0.475781 0.543750 0.001563 0.053125
9 0.269531 0.543750 0.001563 0.053125
2 0.237500 0.574219 0.015625 0.045312
9 0.185156 0.547656 0.001563 0.060937
4 0.155469 0.581250 0.010937 0.043750
9 0.136719 0.539844 0.001563 0.045312
9 0.089844 0.543750 0.001563 0.053125
9 0.042969 0.535937 0.001563 0.053125
9 0.992969 0.384375 0.001563 0.050000
9 0.960156 0.379688 0.001563 0.056250
9 0.925781 0.375000 0.001563 0.062500
9 0.892969 0.378125 0.001563 0.053125
8 0.853906 0.339844 0.004687 0.004687
9 0.844531 0.384375 0.001563 0.050000
2 0.831250 0.355469 0.015625 0.045312
8 0.807031 0.339844 0.004687 0.004687
9 0.797656 0.389844 0.001563 0.045312
9 0.730469 0.370312 0.001563 0.053125
11 0.451562 0.351562 0.018750 0.009375
15 0.739844 0.435156 0.032813 0.039062
0 0.903125 0.850000 0.021875 0.018750
0 0.740625 0.914062 0.021875 0.018750
0 0.465625 0.906250 0.021875 0.018750
0 0.260937 0.898438 0.021875 0.018750
1 0.740625 0.745313 0.021875 0.018750
0 0.656250 0.720313 0.021875 0.018750
0 0.607812 0.728125 0.021875 0.018750
0 0.560937 0.712500 0.021875 0.018750
0 0.512500 0.696875 0.021875 0.018750
0 0.465625 0.696875 0.021875 0.018750
0 0.418750 0.696875 0.021875 0.018750
0 0.370312 0.704688 0.021875 0.018750
0 0.323437 0.712500 0.021875 0.018750
0 0.260937 0.704688 0.021875 0.018750
0 0.081250 0.704688 0.021875 0.018750
0 0.560937 0.575000 0.021875 0.018750
0 0.465625 0.575000 0.021875 0.018750
1 0.260937 0.575000 0.021875 0.018750
0 0.175000 0.582812 0.021875 0.018750
0 0.128125 0.567187 0.021875 0.018750
0 0.081250 0.575000 0.021875 0.018750
0 0.032813 0.567187 0.021875 0.018750
0 0.996094 0.356250 0.007812 0.018750
0 0.970313 0.348438 0.021875 0.018750
0 0.935937 0.340625 0.021875 0.018750
0 0.903125 0.348438 0.021875 0.018750
0 0.854688 0.356250 0.021875 0.018750
0 0.807813 0.364063 0.021875 0.018750
0 0.740625 0.340625 0.021875 0.018750
