7 0.310937 0.063281 0.043750 0.114062
7 0.310937 0.225781 0.043750 0.114062
14 0.935156 0.155469 0.129688 0.017188
14 0.799219 0.157031 0.135937 0.014063
14 0.658594 0.157031 0.135937 0.014063
14 0.484375 0.155469 0.206250 0.017188
14 0.360938 0.158594 0.034375 0.010937
9 0.279687 0.128906 0.003125 0.257812
9 0.858594 0.204687 0.001563 0.053125
9 0.719531 0.204687 0.001563 0.053125
9 0.578906 0.204687 0.001563 0.053125
9 0.369531 0.204687 0.001563 0.053125
9 0.858594 0.059375 0.001563 0.053125
9 0.719531 0.043750 0.001563 0.053125
9 0.578906 0.059375 0.001563 0.053125
9 0.369531 0.043750 0.001563 0.053125
0 0.868750 0.175000 0.021875 0.018750
0 0.729688 0.175000 0.021875 0.018750
0 0.589063 0.175000 0.021875 0.018750
0 0.379688 0.175000 0.021875 0.018750
0 0.868750 0.029687 0.021875 0.018750
0 0.729688 0.014063 0.021875 0.018750
0 0.589063 0.029687 0.021875 0.018750
0 0.379688 0.014063 0.021875 0.018750
