10 0.800781 0.042969 0.067187 0.026562
10 0.610156 0.030469 0.051562 0.026562
10 0.392969 0.042969 0.064062 0.026562
10 0.202344 0.042969 0.067187 0.026562
14 0.846094 0.096875 0.014063 0.006250
14 0.828906 0.084375 0.045312 0.006250
14 0.807813 0.110156 0.090625 0.007812
14 0.665625 0.084375 0.050000 0.006250
14 0.656250 0.080469 0.068750 0.007812
14 0.641406 0.103125 0.126562 0.009375
14 0.446875 0.096875 0.034375 0.006250
14 0.421875 0.084375 0.050000 0.006250
14 0.416406 0.110937 0.123438 0.009375
14 0.257812 0.096875 0.034375 0.006250
14 0.232813 0.084375 0.050000 0.006250
14 0.227344 0.110937 0.126562 0.009375
9 0.833594 0.057031 0.001563 0.054688
2 0.812500 0.086719 0.009375 0.026562
9 0.800781 0.053125 0.001563 0.046875
9 0.767969 0.060937 0.001563 0.062500
9 0.635156 0.046875 0.001563 0.059375
9 0.616406 0.042188 0.001563 0.050000
3 0.596875 0.064844 0.009375 0.023438
9 0.585156 0.050781 0.001563 0.067187
4 0.565625 0.086719 0.006250 0.026562
9 0.714844 0.048438 0.001563 0.071875
6 0.677344 0.053906 0.026562 0.039062
9 0.424219 0.057031 0.001563 0.054688
2 0.401562 0.086719 0.009375 0.026562
9 0.391406 0.053125 0.001563 0.046875
4 0.370312 0.078906 0.006250 0.026562
9 0.361719 0.060937 0.001563 0.062500
2 0.340625 0.094531 0.009375 0.026562
9 0.488281 0.053906 0.001563 0.073438
4 0.457031 0.070312 0.010937 0.043750
9 0.235156 0.057031 0.001563 0.054688
2 0.214062 0.086719 0.009375 0.026562
9 0.202344 0.053125 0.001563 0.046875
2 0.181250 0.077344 0.009375 0.026562
9 0.169531 0.060937 0.001563 0.062500
2 0.148438 0.094531 0.009375 0.026562
9 0.299219 0.053906 0.001563 0.073438
4 0.269531 0.070312 0.010937 0.043750
9 0.013281 0.053906 0.001563 0.073438
0 0.826562 0.086719 0.012500 0.010937
0 0.793750 0.078906 0.012500 0.010937
0 0.762500 0.094531 0.012500 0.010937
0 0.628125 0.078906 0.012500 0.010937
0 0.610938 0.071094 0.012500 0.010937
0 0.578125 0.086719 0.012500 0.010937
1 0.725000 0.062500 0.021875 0.018750
1 0.725000 0.078125 0.021875 0.018750
1 0.704688 0.070312 0.021875 0.018750
1 0.704688 0.087500 0.021875 0.018750
0 0.417187 0.086719 0.012500 0.010937
0 0.384375 0.078906 0.012500 0.010937
0 0.354687 0.094531 0.012500 0.010937
1 0.498437 0.070312 0.021875 0.018750
1 0.498437 0.087500 0.021875 0.018750
1 0.478125 0.078125 0.021875 0.018750
1 0.478125 0.095312 0.021875 0.018750
0 0.229687 0.086719 0.012500 0.010937
0 0.196875 0.078906 0.012500 0.010937
0 0.164062 0.094531 0.012500 0.010937
1 0.309375 0.070312 0.021875 0.018750
1 0.309375 0.087500 0.021875 0.018750
1 0.290625 0.078125 0.021875 0.018750
1 0.290625 0.095312 0.021875 0.018750
1 0.023438 0.070312 0.021875 0.018750
1 0.023438 0.087500 0.021875 0.018750
1 0.007812 0.078125 0.015625 0.018750
1 0.007812 0.095312 0.015625 0.018750
