7 0.281250 0.703906 0.043750 0.114062
7 0.281250 0.542969 0.043750 0.114062
7 0.281250 0.366406 0.043750 0.114062
15 0.774219 0.353125 0.020313 0.025000
10 0.775781 0.417187 0.239063 0.056250
10 0.947656 0.683594 0.064062 0.026562
10 0.388281 0.683594 0.067187 0.026562
14 0.775000 0.436719 0.237500 0.023438
14 0.992188 0.737500 0.015625 0.006250
14 0.975781 0.725000 0.048438 0.006250
14 0.955469 0.751563 0.089063 0.009375
14 0.442188 0.737500 0.034375 0.006250
14 0.418750 0.725000 0.050000 0.006250
14 0.411719 0.751563 0.126562 0.009375
14 0.785156 0.278125 0.239063 0.065625
9 0.248438 0.533594 0.003125 0.404687
9 0.978906 0.697656 0.001563 0.054688
2 0.957812 0.725781 0.009375 0.026562
9 0.946094 0.693750 0.001563 0.046875
4 0.926562 0.717969 0.006250 0.026562
9 0.916406 0.701562 0.001563 0.062500
2 0.895312 0.735156 0.009375 0.026562
9 0.419531 0.697656 0.001563 0.054688
2 0.398438 0.725781 0.009375 0.026562
9 0.388281 0.693750 0.001563 0.046875
2 0.365625 0.717969 0.009375 0.026562
9 0.355469 0.701562 0.001563 0.062500
2 0.332813 0.735156 0.009375 0.026562
9 0.483594 0.694531 0.001563 0.073438
4 0.453906 0.710938 0.010937 0.043750
15 0.475000 0.589063 0.021875 0.015625
9 0.483594 0.528906 0.001563 0.051562
4 0.453906 0.556250 0.010937 0.043750
12 0.948438 0.367188 0.015625 0.028125
9 0.894531 0.360156 0.001563 0.114062
4 0.883594 0.300000 0.010937 0.043750
9 0.847656 0.394531 0.001563 0.054688
4 0.836719 0.364063 0.010937 0.043750
9 0.800781 0.368750 0.001563 0.115625
2 0.787500 0.307031 0.015625 0.045312
9 0.749219 0.371094 0.001563 0.120313
9 0.703906 0.377344 0.001563 0.117188
2 0.690625 0.316406 0.015625 0.045312
9 0.657031 0.407813 0.001563 0.065625
2 0.643750 0.372656 0.015625 0.045312
15 0.556250 0.420312 0.021875 0.015625
15 0.556250 0.407813 0.021875 0.003125
15 0.574219 0.357812 0.017188 0.053125
9 0.566406 0.359375 0.001563 0.053125
2 0.534375 0.388281 0.015625 0.045312
12 0.471875 0.367188 0.015625 0.028125
13 0.610938 0.356250 0.031250 0.037500
0 0.971875 0.727344 0.012500 0.010937
0 0.939063 0.719531 0.012500 0.010937
0 0.910937 0.735156 0.012500 0.010937
0 0.414062 0.727344 0.012500 0.010937
0 0.381250 0.719531 0.012500 0.010937
0 0.348438 0.735156 0.012500 0.010937
1 0.493750 0.710938 0.021875 0.018750
1 0.493750 0.726562 0.021875 0.018750
1 0.475000 0.718750 0.021875 0.018750
1 0.475000 0.735938 0.021875 0.018750
1 0.475000 0.557813 0.021875 0.018750
0 0.904687 0.300000 0.021875 0.018750
0 0.857812 0.364063 0.021875 0.018750
0 0.810937 0.307812 0.021875 0.018750
0 0.759375 0.307812 0.021875 0.018750
0 0.714063 0.315625 0.021875 0.018750
0 0.667188 0.373437 0.021875 0.018750
0 0.557813 0.389062 0.021875 0.018750
