10 0.276562 0.306250 0.100000 0.028125
10 0.152344 0.267188 0.051562 0.015625
10 0.039844 0.293750 0.079687 0.028125
14 0.788281 0.271094 0.129688 0.014063
14 0.663281 0.269531 0.089063 0.010937
14 0.512500 0.270313 0.181250 0.015625
14 0.167969 0.208594 0.335938 0.048438
14 0.696094 0.076563 0.026562 0.009375
14 0.696094 0.128906 0.026562 0.010937
14 0.521094 0.068750 0.167187 0.015625
14 0.521094 0.131250 0.167187 0.015625
14 0.187500 0.060156 0.068750 0.010937
14 0.187500 0.108594 0.068750 0.010937
14 0.061719 0.060156 0.123438 0.010937
14 0.061719 0.110937 0.123438 0.015625
9 0.860938 0.150781 0.003125 0.301563
9 0.375000 0.150781 0.003125 0.301563
9 0.782031 0.210938 0.001563 0.040625
12 0.720313 0.221875 0.015625 0.028125
9 0.713281 0.280469 0.001563 0.051562
9 0.608594 0.280469 0.001563 0.051562
9 0.628906 0.210938 0.001563 0.040625
12 0.517969 0.203906 0.017188 0.048438
12 0.419531 0.203906 0.017188 0.048438
9 0.411719 0.280469 0.001563 0.051562
2 0.398438 0.252344 0.015625 0.045312
9 0.325781 0.292969 0.001563 0.045312
2 0.312500 0.267969 0.015625 0.045312
9 0.275781 0.280469 0.001563 0.051562
9 0.227344 0.267969 0.001563 0.057813
9 0.177344 0.246875 0.001563 0.050000
9 0.127344 0.235156 0.001563 0.057813
9 0.078906 0.253125 0.001563 0.062500
9 0.028906 0.267188 0.001563 0.056250
9 0.732031 0.068750 0.001563 0.106250
15 0.685156 0.031250 0.017188 0.053125
9 0.677344 0.064062 0.001563 0.115625
15 0.636719 0.029687 0.017188 0.053125
9 0.628906 0.063281 0.001563 0.117188
9 0.432031 0.067969 0.001563 0.107813
9 0.246094 0.056250 0.001563 0.084375
9 0.147656 0.056250 0.001563 0.084375
0 0.771875 0.235937 0.021875 0.018750
0 0.723437 0.251563 0.021875 0.018750
0 0.618750 0.251563 0.021875 0.018750
0 0.618750 0.235937 0.021875 0.018750
1 0.421875 0.251563 0.021875 0.018750
0 0.335938 0.268750 0.021875 0.018750
0 0.285938 0.251563 0.021875 0.018750
0 0.237500 0.235937 0.021875 0.018750
0 0.187500 0.220312 0.021875 0.018750
0 0.137500 0.203125 0.021875 0.018750
0 0.089063 0.220312 0.021875 0.018750
0 0.039062 0.235937 0.021875 0.018750
0 0.723437 0.084375 0.021875 0.018750
0 0.723437 0.125000 0.021875 0.018750
0 0.668750 0.084375 0.021875 0.018750
0 0.668750 0.125000 0.021875 0.018750
0 0.618750 0.076563 0.021875 0.018750
0 0.618750 0.125000 0.021875 0.018750
1 0.421875 0.076563 0.021875 0.018750
1 0.421875 0.125000 0.021875 0.018750
0 0.237500 0.068750 0.021875 0.018750
0 0.237500 0.101562 0.021875 0.018750
0 0.137500 0.068750 0.021875 0.018750
0 0.137500 0.101562 0.021875 0.018750
