13 0.282031 0.569531 0.045312 0.057813
7 0.281250 0.366406 0.043750 0.114062
10 0.639062 0.437500 0.287500 0.056250
14 0.640625 0.485156 0.371875 0.023438
9 0.248438 0.469531 0.003125 0.276562
9 0.993750 0.469531 0.003125 0.276562
9 0.924219 0.517188 0.001563 0.040625
12 0.824219 0.574219 0.017188 0.048438
9 0.836719 0.485938 0.001563 0.040625
9 0.641406 0.457813 0.001563 0.065625
4 0.611719 0.493750 0.010937 0.043750
9 0.596094 0.463281 0.001563 0.070312
2 0.562500 0.500781 0.015625 0.045312
9 0.544531 0.465625 0.001563 0.065625
4 0.514844 0.501563 0.010937 0.043750
9 0.496094 0.472656 0.001563 0.070312
3 0.463281 0.501563 0.014063 0.040625
15 0.439063 0.456250 0.021875 0.003125
9 0.449219 0.485938 0.001563 0.040625
3 0.416406 0.501563 0.014063 0.040625
9 0.924219 0.300000 0.001563 0.040625
2 0.892188 0.324219 0.015625 0.045312
12 0.824219 0.299219 0.017188 0.048438
9 0.816406 0.377344 0.001563 0.051562
9 0.782031 0.402344 0.001563 0.070312
4 0.771094 0.364063 0.010937 0.043750
9 0.738281 0.403906 0.001563 0.073438
3 0.725781 0.356250 0.014063 0.040625
9 0.692969 0.409375 0.001563 0.068750
9 0.657031 0.414844 0.001563 0.064062
2 0.643750 0.380469 0.015625 0.045312
12 0.349219 0.380469 0.017188 0.048438
11 0.350000 0.328125 0.018750 0.009375
0 0.915625 0.542188 0.021875 0.018750
1 0.826562 0.509375 0.021875 0.018750
0 0.632812 0.493750 0.021875 0.018750
0 0.585938 0.501563 0.021875 0.018750
0 0.535937 0.501563 0.021875 0.018750
0 0.485938 0.509375 0.021875 0.018750
0 0.439063 0.509375 0.021875 0.018750
0 0.915625 0.325000 0.021875 0.018750
1 0.826562 0.348438 0.021875 0.018750
0 0.792188 0.364063 0.021875 0.018750
0 0.748437 0.364063 0.021875 0.018750
0 0.703125 0.373437 0.021875 0.018750
0 0.667188 0.381250 0.021875 0.018750
