10 0.959375 0.053125 0.081250 0.021875
10 0.132031 0.003125 0.098437 0.006250
14 0.153906 0.087500 0.307812 0.025000
9 0.994531 0.029687 0.001563 0.056250
9 0.919531 0.028125 0.001563 0.053125
9 0.825781 0.094531 0.001563 0.073438
3 0.813281 0.013281 0.014063 0.026562
12 0.748437 0.017188 0.015625 0.028125
9 0.692969 0.025781 0.001563 0.051562
12 0.604688 0.017188 0.015625 0.028125
9 0.549219 0.025781 0.001563 0.051562
12 0.460938 0.017188 0.015625 0.028125
9 0.405469 0.025781 0.001563 0.051562
12 0.317188 0.017188 0.015625 0.028125
9 0.261719 0.025781 0.001563 0.051562
9 0.180469 0.025781 0.001563 0.051562
9 0.132031 0.025781 0.001563 0.051562
9 0.083594 0.025781 0.001563 0.051562
9 0.003906 0.025781 0.001563 0.051562
15 0.835156 0.163281 0.032813 0.039062
15 0.394531 0.091406 0.029687 0.026562
0 0.929688 0.003906 0.021875 0.007812
0 0.835938 0.087500 0.021875 0.018750
0 0.835938 0.056250 0.021875 0.018750
0 0.835938 0.015625 0.021875 0.018750
0 0.684375 0.056250 0.021875 0.018750
0 0.540625 0.056250 0.021875 0.018750
0 0.395313 0.056250 0.021875 0.018750
0 0.271875 0.056250 0.021875 0.018750
0 0.251563 0.056250 0.021875 0.018750
0 0.190625 0.056250 0.021875 0.018750
0 0.171875 0.056250 0.021875 0.018750
0 0.142187 0.056250 0.021875 0.018750
0 0.123438 0.056250 0.021875 0.018750
0 0.093750 0.056250 0.021875 0.018750
0 0.075000 0.056250 0.021875 0.018750
0 0.014063 0.056250 0.021875 0.018750
