10 0.922656 0.857031 0.048438 0.026562
10 0.672656 0.857031 0.067187 0.026562
10 0.489844 0.857031 0.051562 0.026562
10 0.163281 0.844531 0.051562 0.026562
14 0.971094 0.910937 0.039062 0.006250
14 0.962500 0.899219 0.056250 0.007812
14 0.946094 0.925000 0.107813 0.009375
14 0.728125 0.910937 0.034375 0.006250
14 0.703125 0.898438 0.050000 0.006250
14 0.696094 0.925000 0.126562 0.009375
14 0.537500 0.910937 0.034375 0.006250
14 0.512500 0.898438 0.050000 0.006250
14 0.513281 0.925000 0.110937 0.009375
14 0.217188 0.898438 0.050000 0.006250
14 0.209375 0.894531 0.068750 0.007812
14 0.194531 0.917188 0.126562 0.009375
14 0.039062 0.910937 0.034375 0.006250
14 0.019531 0.898438 0.039062 0.006250
14 0.035156 0.925000 0.070312 0.009375
9 0.421875 0.714844 0.003125 0.389062
9 0.946094 0.871094 0.001563 0.054688
9 0.928906 0.867188 0.001563 0.046875
4 0.909375 0.892969 0.006250 0.026562
9 0.899219 0.875000 0.001563 0.062500
3 0.982031 0.876563 0.014063 0.040625
9 0.705469 0.871094 0.001563 0.054688
2 0.682813 0.899219 0.009375 0.026562
9 0.672656 0.867188 0.001563 0.046875
2 0.651563 0.891406 0.009375 0.026562
9 0.639844 0.875000 0.001563 0.062500
2 0.618750 0.908594 0.009375 0.026562
9 0.769531 0.867969 0.001563 0.073438
4 0.739844 0.884375 0.010937 0.043750
9 0.514844 0.871094 0.001563 0.054688
2 0.493750 0.899219 0.009375 0.026562
9 0.482031 0.867188 0.001563 0.046875
9 0.464844 0.875000 0.001563 0.062500
2 0.442188 0.908594 0.009375 0.026562
9 0.578906 0.867969 0.001563 0.073438
4 0.549219 0.884375 0.010937 0.043750
9 0.186719 0.860938 0.001563 0.059375
9 0.169531 0.856250 0.001563 0.050000
3 0.148438 0.878906 0.009375 0.023438
9 0.138281 0.864844 0.001563 0.067187
4 0.117188 0.900781 0.006250 0.026562
9 0.266406 0.860938 0.001563 0.071875
6 0.228906 0.867969 0.026562 0.039062
9 0.016406 0.871094 0.001563 0.054688
9 0.078906 0.867969 0.001563 0.073438
4 0.049219 0.884375 0.010937 0.043750
4 0.985156 0.721875 0.010937 0.043750
15 0.759375 0.762500 0.021875 0.015625
9 0.769531 0.702344 0.001563 0.051562
4 0.739844 0.729688 0.010937 0.043750
15 0.568750 0.762500 0.021875 0.015625
9 0.578906 0.695312 0.001563 0.050000
3 0.546094 0.714063 0.014063 0.040625
15 0.257812 0.764062 0.021875 0.015625
9 0.266406 0.709375 0.001563 0.053125
2 0.234375 0.738281 0.015625 0.045312
15 0.070312 0.762500 0.021875 0.015625
9 0.078906 0.695312 0.001563 0.050000
3 0.047656 0.714063 0.014063 0.040625
11 0.996875 0.548438 0.006250 0.009375
15 0.882812 0.609375 0.021875 0.015625
15 0.882812 0.596875 0.021875 0.003125
9 0.891406 0.546875 0.001563 0.053125
2 0.859375 0.577344 0.015625 0.045312
12 0.757031 0.553906 0.017188 0.048438
11 0.567187 0.548438 0.018750 0.009375
11 0.085938 0.540625 0.018750 0.009375
15 0.881250 0.642969 0.053125 0.026562
0 0.940625 0.900781 0.012500 0.010937
0 0.921875 0.892969 0.012500 0.010937
0 0.893750 0.908594 0.012500 0.010937
0 0.698438 0.900781 0.012500 0.010937
0 0.665625 0.892969 0.012500 0.010937
0 0.632812 0.908594 0.012500 0.010937
1 0.779687 0.884375 0.021875 0.018750
1 0.779687 0.900000 0.021875 0.018750
1 0.759375 0.892188 0.021875 0.018750
1 0.759375 0.909375 0.021875 0.018750
0 0.509375 0.900781 0.012500 0.010937
0 0.476562 0.892969 0.012500 0.010937
0 0.457813 0.908594 0.012500 0.010937
1 0.589063 0.884375 0.021875 0.018750
1 0.589063 0.900000 0.021875 0.018750
1 0.568750 0.892188 0.021875 0.018750
1 0.568750 0.909375 0.021875 0.018750
0 0.181250 0.892969 0.012500 0.010937
0 0.162500 0.883594 0.012500 0.010937
0 0.131250 0.900781 0.012500 0.010937
1 0.276562 0.876563 0.021875 0.018750
1 0.276562 0.892188 0.021875 0.018750
1 0.257812 0.884375 0.021875 0.018750
1 0.257812 0.900000 0.021875 0.018750
0 0.009375 0.900781 0.012500 0.010937
1 0.089063 0.884375 0.021875 0.018750
1 0.089063 0.900000 0.021875 0.018750
1 0.070312 0.892188 0.021875 0.018750
1 0.070312 0.909375 0.021875 0.018750
1 0.759375 0.731250 0.021875 0.018750
1 0.568750 0.723437 0.021875 0.018750
1 0.257812 0.739062 0.021875 0.018750
1 0.070312 0.723437 0.021875 0.018750
0 0.882812 0.578125 0.021875 0.018750
