10 0.919531 0.414844 0.160938 0.020313
10 0.619531 0.422656 0.295312 0.020313
10 0.250000 0.425781 0.293750 0.032813
10 0.919531 0.617969 0.160938 0.020313
10 0.619531 0.625781 0.295312 0.020313
10 0.250000 0.628125 0.293750 0.025000
13 0.924219 0.505469 0.151562 0.032813
13 0.628125 0.510938 0.293750 0.031250
13 0.202344 0.486719 0.404687 0.064062
13 0.924219 0.302344 0.151562 0.032813
13 0.628125 0.312500 0.293750 0.031250
13 0.202344 0.290625 0.404687 0.065625
14 0.803125 0.465625 0.003125 0.268750
14 0.432812 0.465625 0.003125 0.268750
14 0.057813 0.465625 0.003125 0.268750
9 0.949219 0.582812 0.001563 0.090625
9 0.911719 0.585938 0.001563 0.081250
14 0.848437 0.493750 0.021875 0.015625
9 0.839844 0.582812 0.001563 0.090625
2 0.826562 0.535156 0.015625 0.045312
9 0.764844 0.595313 0.001563 0.081250
9 0.691406 0.590625 0.001563 0.090625
9 0.655469 0.595313 0.001563 0.081250
9 0.582031 0.590625 0.001563 0.090625
9 0.546094 0.595313 0.001563 0.081250
14 0.482812 0.503125 0.021875 0.015625
9 0.472656 0.590625 0.001563 0.090625
4 0.453906 0.575000 0.010937 0.043750
4 0.461719 0.542188 0.010937 0.043750
9 0.394531 0.588281 0.001563 0.085938
9 0.332031 0.588281 0.001563 0.085938
3 0.308594 0.567187 0.014063 0.040625
3 0.319531 0.534375 0.014063 0.040625
9 0.275781 0.594531 0.001563 0.079687
9 0.217969 0.594531 0.001563 0.079687
4 0.199219 0.582812 0.010937 0.043750
4 0.208594 0.550000 0.010937 0.043750
9 0.167969 0.595313 0.001563 0.081250
9 0.103906 0.595313 0.001563 0.081250
3 0.080469 0.575000 0.014063 0.040625
3 0.091406 0.542188 0.014063 0.040625
9 0.039844 0.546094 0.001563 0.085938
2 0.992188 0.372656 0.015625 0.045312
9 0.949219 0.379688 0.001563 0.090625
9 0.911719 0.384375 0.001563 0.081250
2 0.882812 0.372656 0.015625 0.045312
2 0.900000 0.339844 0.015625 0.045312
14 0.848437 0.290625 0.021875 0.015625
9 0.839844 0.379688 0.001563 0.090625
2 0.826562 0.332031 0.015625 0.045312
9 0.764844 0.392188 0.001563 0.081250
2 0.734375 0.380469 0.015625 0.045312
2 0.751563 0.347656 0.015625 0.045312
9 0.691406 0.389062 0.001563 0.090625
9 0.655469 0.392188 0.001563 0.081250
2 0.625000 0.380469 0.015625 0.045312
2 0.642188 0.347656 0.015625 0.045312
9 0.582031 0.389062 0.001563 0.090625
9 0.546094 0.392188 0.001563 0.081250
2 0.515625 0.380469 0.015625 0.045312
2 0.532813 0.347656 0.015625 0.045312
14 0.482812 0.301563 0.021875 0.015625
9 0.472656 0.389062 0.001563 0.090625
4 0.453906 0.371875 0.010937 0.043750
4 0.461719 0.339062 0.010937 0.043750
9 0.394531 0.384375 0.001563 0.081250
3 0.372656 0.364063 0.014063 0.040625
3 0.382031 0.331250 0.014063 0.040625
9 0.332031 0.389844 0.001563 0.076563
4 0.313281 0.379688 0.010937 0.043750
4 0.321094 0.348438 0.010937 0.043750
9 0.275781 0.390625 0.001563 0.078125
3 0.252344 0.371875 0.014063 0.040625
3 0.263281 0.340625 0.014063 0.040625
9 0.217969 0.392188 0.001563 0.081250
4 0.199219 0.379688 0.010937 0.043750
4 0.208594 0.348438 0.010937 0.043750
9 0.167969 0.392969 0.001563 0.082812
3 0.144531 0.371875 0.014063 0.040625
3 0.155469 0.340625 0.014063 0.040625
9 0.103906 0.398438 0.001563 0.078125
4 0.085156 0.387500 0.010937 0.043750
4 0.094531 0.356250 0.010937 0.043750
9 0.039844 0.339062 0.001563 0.078125
3 0.002344 0.371875 0.004687 0.040625
3 0.008594 0.340625 0.014063 0.040625
0 0.959375 0.567187 0.021875 0.018750
0 0.959375 0.535937 0.021875 0.018750
0 0.921875 0.575000 0.021875 0.018750
0 0.921875 0.543750 0.021875 0.018750
0 0.850000 0.567187 0.021875 0.018750
0 0.850000 0.535937 0.021875 0.018750
0 0.775000 0.551562 0.021875 0.018750
0 0.775000 0.584375 0.021875 0.018750
0 0.701562 0.543750 0.021875 0.018750
0 0.701562 0.575000 0.021875 0.018750
0 0.665625 0.584375 0.021875 0.018750
0 0.665625 0.551562 0.021875 0.018750
0 0.592187 0.575000 0.021875 0.018750
0 0.592187 0.543750 0.021875 0.018750
0 0.556250 0.551562 0.021875 0.018750
0 0.556250 0.584375 0.021875 0.018750
0 0.482812 0.575000 0.021875 0.018750
0 0.482812 0.543750 0.021875 0.018750
0 0.404687 0.543750 0.021875 0.018750
0 0.404687 0.575000 0.021875 0.018750
0 0.342187 0.575000 0.021875 0.018750
0 0.342187 0.543750 0.021875 0.018750
0 0.285938 0.551562 0.021875 0.018750
0 0.285938 0.584375 0.021875 0.018750
0 0.228125 0.551562 0.021875 0.018750
0 0.228125 0.584375 0.021875 0.018750
0 0.178125 0.584375 0.021875 0.018750
0 0.178125 0.551562 0.021875 0.018750
0 0.114062 0.584375 0.021875 0.018750
0 0.114062 0.551562 0.021875 0.018750
0 0.031250 0.559375 0.021875 0.018750
0 0.031250 0.592187 0.021875 0.018750
0 0.959375 0.332813 0.021875 0.018750
0 0.959375 0.364063 0.021875 0.018750
0 0.921875 0.340625 0.021875 0.018750
0 0.921875 0.373437 0.021875 0.018750
0 0.850000 0.332813 0.021875 0.018750
0 0.850000 0.364063 0.021875 0.018750
0 0.775000 0.348438 0.021875 0.018750
0 0.775000 0.381250 0.021875 0.018750
0 0.701562 0.340625 0.021875 0.018750
0 0.701562 0.373437 0.021875 0.018750
0 0.665625 0.348438 0.021875 0.018750
0 0.665625 0.381250 0.021875 0.018750
0 0.592187 0.340625 0.021875 0.018750
0 0.592187 0.373437 0.021875 0.018750
0 0.556250 0.348438 0.021875 0.018750
0 0.556250 0.381250 0.021875 0.018750
0 0.482812 0.340625 0.021875 0.018750
0 0.482812 0.373437 0.021875 0.018750
0 0.404687 0.340625 0.021875 0.018750
0 0.404687 0.373437 0.021875 0.018750
0 0.342187 0.348438 0.021875 0.018750
0 0.342187 0.381250 0.021875 0.018750
0 0.285938 0.348438 0.021875 0.018750
0 0.285938 0.381250 0.021875 0.018750
0 0.228125 0.348438 0.021875 0.018750
0 0.228125 0.381250 0.021875 0.018750
0 0.178125 0.348438 0.021875 0.018750
0 0.178125 0.381250 0.021875 0.018750
0 0.114062 0.356250 0.021875 0.018750
0 0.114062 0.389062 0.021875 0.018750
0 0.031250 0.348438 0.021875 0.018750
0 0.031250 0.381250 0.021875 0.018750
