10 0.253125 0.375000 0.109375 0.028125
10 0.119531 0.407031 0.054688 0.020313
10 0.021094 0.390625 0.042188 0.028125
10 0.782031 0.728125 0.054688 0.012500
10 0.522656 0.725000 0.107813 0.015625
14 0.796875 0.863281 0.109375 0.010937
14 0.790625 0.912500 0.125000 0.012500
14 0.675781 0.862500 0.045312 0.009375
14 0.675781 0.911719 0.045312 0.010937
14 0.532813 0.854688 0.181250 0.015625
14 0.532813 0.914062 0.181250 0.015625
14 0.664844 0.639844 0.373437 0.035937
14 0.783594 0.297656 0.139063 0.014063
14 0.675000 0.299219 0.071875 0.010937
14 0.532813 0.296094 0.212500 0.017188
14 0.157812 0.273438 0.315625 0.043750
9 0.860938 0.609375 0.003125 0.556250
9 0.370312 0.609375 0.003125 0.556250
9 0.721094 0.857812 0.001563 0.084375
9 0.647656 0.857812 0.001563 0.084375
9 0.435156 0.857812 0.001563 0.084375
3 0.392969 0.895312 0.014063 0.040625
3 0.403906 0.862500 0.014063 0.040625
12 0.312500 0.857812 0.015625 0.028125
12 0.257812 0.857812 0.015625 0.028125
12 0.206250 0.857812 0.015625 0.028125
12 0.153125 0.857812 0.015625 0.028125
8 0.102344 0.830469 0.004687 0.004687
15 0.102344 0.876563 0.020313 0.053125
9 0.092969 0.875781 0.001563 0.051562
15 0.102344 0.930469 0.029687 0.026562
9 0.808594 0.698438 0.001563 0.053125
9 0.755469 0.704688 0.001563 0.050000
15 0.711719 0.690625 0.020313 0.053125
9 0.702344 0.689844 0.001563 0.051562
9 0.627344 0.682813 0.001563 0.053125
3 0.614844 0.645312 0.014063 0.040625
9 0.574219 0.692969 0.001563 0.057813
9 0.522656 0.698438 0.001563 0.053125
3 0.510156 0.660937 0.014063 0.040625
9 0.469531 0.704688 0.001563 0.050000
3 0.457031 0.668750 0.014063 0.040625
12 0.423438 0.695312 0.015625 0.028125
12 0.312500 0.695312 0.015625 0.028125
12 0.257812 0.695312 0.015625 0.028125
12 0.206250 0.695312 0.015625 0.028125
12 0.153125 0.695312 0.015625 0.028125
8 0.102344 0.667969 0.004687 0.004687
15 0.102344 0.715625 0.020313 0.053125
9 0.092969 0.713281 0.001563 0.051562
7 0.346875 0.701562 0.028125 0.075000
15 0.102344 0.769531 0.029687 0.026562
11 0.614062 0.514062 0.018750 0.009375
12 0.312500 0.528125 0.015625 0.028125
12 0.257812 0.528125 0.015625 0.028125
12 0.206250 0.528125 0.015625 0.028125
12 0.153125 0.528125 0.015625 0.028125
8 0.102344 0.567969 0.004687 0.004687
15 0.119531 0.510938 0.017188 0.053125
9 0.111719 0.512500 0.001563 0.053125
2 0.079687 0.541406 0.015625 0.045312
15 0.102344 0.602344 0.029687 0.026562
9 0.702344 0.345313 0.001563 0.053125
9 0.627344 0.345313 0.001563 0.053125
9 0.416406 0.345313 0.001563 0.053125
9 0.305469 0.334375 0.001563 0.062500
2 0.292187 0.299219 0.015625 0.045312
9 0.250781 0.346875 0.001563 0.056250
9 0.199219 0.359375 0.001563 0.050000
4 0.188281 0.331250 0.010937 0.043750
9 0.146094 0.376563 0.001563 0.050000
4 0.135156 0.348438 0.010937 0.043750
9 0.092969 0.389844 0.001563 0.045312
9 0.039844 0.376563 0.001563 0.050000
2 0.026562 0.347656 0.015625 0.045312
0 0.712500 0.871875 0.021875 0.018750
0 0.712500 0.903125 0.021875 0.018750
0 0.637500 0.871875 0.021875 0.018750
0 0.637500 0.903125 0.021875 0.018750
1 0.426563 0.871875 0.021875 0.018750
1 0.426563 0.903125 0.021875 0.018750
0 0.103125 0.846875 0.021875 0.018750
0 0.818750 0.668750 0.021875 0.018750
0 0.765625 0.678125 0.021875 0.018750
0 0.712500 0.660937 0.021875 0.018750
0 0.637500 0.653125 0.021875 0.018750
0 0.584375 0.660937 0.021875 0.018750
0 0.532813 0.668750 0.021875 0.018750
0 0.479687 0.678125 0.021875 0.018750
0 0.103125 0.685937 0.021875 0.018750
0 0.103125 0.542188 0.021875 0.018750
0 0.712500 0.315625 0.021875 0.018750
0 0.637500 0.315625 0.021875 0.018750
1 0.426563 0.315625 0.021875 0.018750
0 0.315625 0.300000 0.021875 0.018750
0 0.260937 0.315625 0.021875 0.018750
0 0.209375 0.332813 0.021875 0.018750
0 0.156250 0.348438 0.021875 0.018750
0 0.103125 0.364063 0.021875 0.018750
0 0.050000 0.348438 0.021875 0.018750
0 0.003906 0.332813 0.007812 0.018750
