10 0.413281 0.075781 0.135937 0.007812
10 0.245312 0.062500 0.068750 0.012500
10 0.078906 0.048438 0.135937 0.015625
14 0.796094 0.243750 0.407813 0.059375
14 0.709375 0.323437 0.268750 0.018750
14 0.335938 0.343750 0.268750 0.028125
14 0.268750 0.317969 0.134375 0.010937
14 0.910937 0.163281 0.134375 0.014063
14 0.776563 0.184375 0.403125 0.037500
14 0.246094 0.032813 0.470313 0.056250
9 0.528125 0.163281 0.003125 0.326562
9 0.967969 0.305469 0.001563 0.051562
2 0.954688 0.277344 0.015625 0.045312
9 0.852344 0.273438 0.001563 0.050000
9 0.585156 0.273438 0.001563 0.050000
2 0.551562 0.300781 0.015625 0.045312
15 0.488281 0.279687 0.017188 0.053125
9 0.480469 0.279687 0.001563 0.053125
9 0.346094 0.273438 0.001563 0.050000
9 0.211719 0.273438 0.001563 0.050000
2 0.179688 0.300781 0.015625 0.045312
12 0.066406 0.292969 0.017188 0.048438
15 0.574219 0.369531 0.054688 0.026562
15 0.200781 0.369531 0.029687 0.026562
9 0.986719 0.115625 0.001563 0.053125
9 0.852344 0.115625 0.001563 0.053125
2 0.820312 0.144531 0.015625 0.045312
9 0.585156 0.123438 0.001563 0.053125
2 0.551562 0.152344 0.015625 0.045312
9 0.480469 0.098437 0.001563 0.053125
9 0.413281 0.102344 0.001563 0.060937
4 0.383594 0.135937 0.010937 0.043750
9 0.346094 0.098437 0.001563 0.053125
2 0.314063 0.128906 0.015625 0.045312
9 0.278906 0.090625 0.001563 0.053125
9 0.211719 0.085938 0.001563 0.050000
9 0.144531 0.076563 0.001563 0.050000
9 0.077344 0.071094 0.001563 0.045312
2 0.045312 0.096094 0.015625 0.045312
9 0.011719 0.064062 0.001563 0.040625
15 0.574219 0.208594 0.054688 0.026562
15 0.007812 0.172656 0.015625 0.026562
0 0.978125 0.278125 0.021875 0.018750
0 0.843750 0.301563 0.021875 0.018750
1 0.575000 0.301563 0.021875 0.018750
0 0.470313 0.309375 0.021875 0.018750
0 0.337500 0.301563 0.021875 0.018750
0 0.203125 0.301563 0.021875 0.018750
0 0.978125 0.145313 0.021875 0.018750
0 0.843750 0.145313 0.021875 0.018750
1 0.575000 0.153125 0.021875 0.018750
0 0.470313 0.129688 0.021875 0.018750
0 0.403125 0.137500 0.021875 0.018750
0 0.337500 0.129688 0.021875 0.018750
0 0.270313 0.120313 0.021875 0.018750
0 0.203125 0.112500 0.021875 0.018750
0 0.135937 0.104688 0.021875 0.018750
0 0.068750 0.096875 0.021875 0.018750
0 0.006250 0.089063 0.012500 0.018750
