13 0.771094 0.003125 0.160938 0.006250
13 0.771094 0.028906 0.160938 0.014063
13 0.591406 0.003125 0.110937 0.006250
13 0.590625 0.031250 0.109375 0.012500
13 0.452344 0.003125 0.110937 0.006250
13 0.451562 0.031250 0.109375 0.012500
13 0.285938 0.003906 0.165625 0.007812
13 0.285156 0.028906 0.164062 0.014063
13 0.079687 0.003125 0.159375 0.006250
13 0.078906 0.029687 0.157812 0.015625
14 0.860938 0.128906 0.003125 0.257812
14 0.137500 0.128906 0.003125 0.257812
11 0.498437 0.210938 0.018750 0.009375
9 0.652344 0.044531 0.001563 0.070312
9 0.511719 0.044531 0.001563 0.070312
9 0.372656 0.044531 0.001563 0.070312
9 0.163281 0.044531 0.001563 0.070312
0 0.662500 0.007812 0.021875 0.015625
0 0.662500 0.021875 0.021875 0.018750
0 0.521875 0.007812 0.021875 0.015625
0 0.521875 0.021875 0.021875 0.018750
0 0.382812 0.007812 0.021875 0.015625
0 0.382812 0.021875 0.021875 0.018750
0 0.173437 0.007812 0.021875 0.015625
0 0.173437 0.021875 0.021875 0.018750
