12 0.311719 0.109375 0.045312 0.065625
12 0.311719 0.283594 0.045312 0.057813
10 0.772656 0.067187 0.054688 0.012500
10 0.616406 0.064844 0.054688 0.007812
13 0.934375 0.362500 0.131250 0.015625
13 0.768750 0.362500 0.168750 0.015625
13 0.624219 0.360156 0.089063 0.010937
13 0.478906 0.362500 0.173437 0.015625
13 0.762500 0.144531 0.053125 0.020313
13 0.549219 0.145313 0.064062 0.021875
13 0.762500 0.003125 0.053125 0.006250
13 0.549219 0.005469 0.064062 0.010937
9 0.279687 0.160938 0.003125 0.321875
14 0.831250 0.160938 0.003125 0.321875
11 0.955469 0.288281 0.017188 0.048438
11 0.866406 0.288281 0.017188 0.048438
9 0.858594 0.367188 0.001563 0.040625
11 0.785937 0.290625 0.015625 0.028125
9 0.674219 0.367969 0.001563 0.042188
9 0.694531 0.231250 0.001563 0.040625
11 0.578906 0.288281 0.017188 0.048438
9 0.571094 0.367969 0.001563 0.042188
11 0.478906 0.288281 0.017188 0.048438
11 0.389844 0.288281 0.017188 0.048438
9 0.382031 0.367188 0.001563 0.040625
2 0.368750 0.344531 0.015625 0.045312
14 0.391406 0.413281 0.054688 0.026562
9 0.930469 0.097656 0.001563 0.051562
2 0.896875 0.125781 0.015625 0.045312
11 0.865625 0.112500 0.015625 0.028125
9 0.797656 0.090625 0.001563 0.050000
9 0.746094 0.095312 0.001563 0.053125
11 0.681250 0.112500 0.015625 0.028125
9 0.642969 0.087500 0.001563 0.053125
9 0.589844 0.087500 0.001563 0.053125
4 0.560156 0.117188 0.010937 0.043750
14 0.535156 0.095312 0.017188 0.053125
9 0.527344 0.096875 0.001563 0.053125
9 0.453906 0.097656 0.001563 0.051562
2 0.420312 0.125781 0.015625 0.045312
11 0.389062 0.112500 0.015625 0.028125
14 0.442969 0.185156 0.054688 0.026562
14 0.442969 0.022656 0.054688 0.026562
1 0.868750 0.343750 0.021875 0.018750
0 0.684375 0.343750 0.021875 0.018750
0 0.684375 0.256250 0.021875 0.018750
0 0.581250 0.343750 0.021875 0.018750
1 0.392188 0.343750 0.021875 0.018750
0 0.991406 0.126562 0.017188 0.018750
0 0.920312 0.126562 0.021875 0.018750
0 0.789062 0.117188 0.021875 0.018750
0 0.737500 0.126562 0.021875 0.018750
0 0.632812 0.117188 0.021875 0.018750
0 0.581250 0.117188 0.021875 0.018750
0 0.517188 0.126562 0.021875 0.018750
0 0.443750 0.126562 0.021875 0.018750
