13 0.596875 0.330469 0.100000 0.020313
13 0.607812 0.275781 0.084375 0.010937
13 0.353906 0.317969 0.042188 0.010937
13 0.292969 0.344531 0.157812 0.048438
13 0.295312 0.260937 0.190625 0.012500
13 0.587500 0.018750 0.121875 0.012500
13 0.450000 0.018750 0.121875 0.012500
13 0.278125 0.020313 0.190625 0.015625
14 0.860938 0.158594 0.003125 0.317188
14 0.137500 0.158594 0.003125 0.317188
9 0.655469 0.325000 0.001563 0.043750
9 0.674219 0.257812 0.001563 0.046875
9 0.539844 0.317969 0.001563 0.045312
9 0.536719 0.257812 0.001563 0.046875
9 0.380469 0.325000 0.001563 0.043750
9 0.399219 0.257812 0.001563 0.046875
14 0.321094 0.331250 0.020313 0.053125
9 0.311719 0.328906 0.001563 0.051562
3 0.299219 0.292187 0.014063 0.040625
9 0.207031 0.317969 0.001563 0.045312
9 0.192969 0.257812 0.001563 0.046875
2 0.160938 0.291406 0.015625 0.045312
11 0.498437 0.110937 0.018750 0.009375
9 0.655469 0.025781 0.001563 0.042188
9 0.517969 0.025781 0.001563 0.042188
9 0.380469 0.025781 0.001563 0.042188
9 0.174219 0.025781 0.001563 0.042188
0 0.665625 0.300000 0.021875 0.018750
0 0.665625 0.284375 0.021875 0.018750
0 0.550000 0.292187 0.021875 0.018750
0 0.528125 0.284375 0.021875 0.018750
0 0.390625 0.300000 0.021875 0.018750
0 0.390625 0.284375 0.021875 0.018750
0 0.321875 0.300000 0.021875 0.018750
0 0.217188 0.292187 0.021875 0.018750
0 0.184375 0.284375 0.021875 0.018750
0 0.665625 0.005469 0.021875 0.010937
0 0.528125 0.005469 0.021875 0.010937
0 0.390625 0.005469 0.021875 0.010937
0 0.184375 0.005469 0.021875 0.010937
