15 0.498437 0.756250 0.025000 0.034375
15 0.499219 0.721094 0.026562 0.032813
15 0.432812 0.756250 0.025000 0.034375
15 0.432812 0.722656 0.025000 0.032813
15 0.364063 0.756250 0.025000 0.034375
15 0.365625 0.722656 0.028125 0.032813
13 0.311719 0.739062 0.045312 0.065625
15 0.498437 0.575000 0.025000 0.034375
15 0.499219 0.541406 0.026562 0.032813
15 0.432812 0.575000 0.025000 0.034375
15 0.432812 0.541406 0.025000 0.032813
15 0.364063 0.575000 0.025000 0.034375
15 0.365625 0.541406 0.028125 0.032813
7 0.310937 0.560156 0.043750 0.114062
15 0.498437 0.942187 0.025000 0.034375
15 0.499219 0.908594 0.026562 0.032813
15 0.432812 0.942187 0.025000 0.034375
15 0.432812 0.908594 0.025000 0.032813
15 0.364063 0.942187 0.025000 0.034375
15 0.365625 0.908594 0.028125 0.032813
13 0.311719 0.921094 0.045312 0.057813
15 0.498437 0.381250 0.025000 0.034375
15 0.499219 0.347656 0.026562 0.032813
15 0.432812 0.381250 0.025000 0.034375
15 0.432812 0.347656 0.025000 0.032813
15 0.364063 0.381250 0.025000 0.034375
15 0.365625 0.347656 0.028125 0.032813
7 0.310937 0.366406 0.043750 0.114062
10 0.547656 0.689844 0.045312 0.007812
10 0.896875 0.610938 0.206250 0.025000
10 0.637500 0.539844 0.137500 0.035937
10 0.960156 0.986719 0.079687 0.026562
10 0.794531 0.986719 0.129688 0.026562
10 0.583594 0.985938 0.117188 0.028125
14 0.896875 0.810937 0.206250 0.025000
14 0.896875 0.631250 0.206250 0.025000
14 0.896875 0.437500 0.206250 0.025000
14 0.965625 0.905469 0.068750 0.064062
14 0.804688 0.905469 0.128125 0.064062
14 0.588281 0.903906 0.126562 0.067187
14 0.973437 0.730469 0.053125 0.010937
14 0.973437 0.796875 0.053125 0.012500
14 0.804688 0.730469 0.096875 0.010937
14 0.804688 0.796875 0.096875 0.012500
14 0.534375 0.729688 0.021875 0.009375
14 0.534375 0.796094 0.021875 0.010937
14 0.901563 0.527344 0.196875 0.054688
14 0.627344 0.610156 0.135937 0.032813
14 0.965625 0.447656 0.068750 0.014063
14 0.803125 0.447656 0.128125 0.014063
14 0.541406 0.446094 0.035937 0.010937
9 0.279687 0.645312 0.003125 0.628125
15 0.498437 0.381250 0.025000 0.034375
15 0.499219 0.347656 0.026562 0.032813
15 0.432812 0.381250 0.025000 0.034375
15 0.432812 0.347656 0.025000 0.032813
15 0.364063 0.381250 0.025000 0.034375
15 0.365625 0.347656 0.028125 0.032813
15 0.498437 0.942187 0.025000 0.034375
15 0.499219 0.908594 0.026562 0.032813
15 0.432812 0.942187 0.025000 0.034375
15 0.432812 0.908594 0.025000 0.032813
15 0.364063 0.942187 0.025000 0.034375
15 0.365625 0.908594 0.028125 0.032813
15 0.498437 0.575000 0.025000 0.034375
15 0.499219 0.541406 0.026562 0.032813
15 0.432812 0.575000 0.025000 0.034375
15 0.432812 0.541406 0.025000 0.032813
15 0.364063 0.575000 0.025000 0.034375
15 0.365625 0.541406 0.028125 0.032813
15 0.498437 0.756250 0.025000 0.034375
15 0.499219 0.721094 0.026562 0.032813
15 0.432812 0.756250 0.025000 0.034375
15 0.432812 0.722656 0.025000 0.032813
15 0.364063 0.756250 0.025000 0.034375
15 0.365625 0.722656 0.028125 0.032813
9 0.985156 0.959375 0.001563 0.062500
9 0.921094 0.937500 0.001563 0.081250
9 0.858594 0.980469 0.001563 0.039062
9 0.794531 0.959375 0.001563 0.062500
9 0.730469 0.937500 0.001563 0.081250
2 0.717187 0.892969 0.015625 0.045312
9 0.639844 0.980469 0.001563 0.039062
2 0.626563 0.957031 0.015625 0.045312
9 0.549219 0.954688 0.001563 0.053125
2 0.535937 0.925781 0.015625 0.045312
9 0.941406 0.735156 0.001563 0.095312
15 0.885156 0.707812 0.017188 0.053125
9 0.877344 0.733594 0.001563 0.101562
9 0.749219 0.735156 0.001563 0.095312
2 0.717187 0.738281 0.015625 0.045312
2 0.717187 0.786719 0.015625 0.045312
12 0.646875 0.740625 0.015625 0.028125
9 0.569531 0.735156 0.001563 0.098437
9 0.985156 0.581250 0.001563 0.056250
9 0.921094 0.586719 0.001563 0.051562
9 0.858594 0.592187 0.001563 0.046875
9 0.794531 0.599219 0.001563 0.042188
15 0.740625 0.492969 0.015625 0.017188
15 0.757031 0.535937 0.017188 0.053125
9 0.749219 0.537500 0.001563 0.053125
9 0.703906 0.568750 0.001563 0.053125
9 0.658594 0.561719 0.001563 0.051562
9 0.614844 0.555469 0.001563 0.048438
9 0.569531 0.549219 0.001563 0.045312
9 0.941406 0.394531 0.001563 0.060937
15 0.885156 0.390625 0.017188 0.053125
9 0.877344 0.396094 0.001563 0.060937
9 0.749219 0.394531 0.001563 0.060937
2 0.717187 0.428906 0.015625 0.045312
12 0.646875 0.367188 0.015625 0.028125
15 0.577344 0.390625 0.017188 0.053125
9 0.569531 0.396094 0.001563 0.060937
0 0.992188 0.925000 0.015625 0.018750
0 0.931250 0.893750 0.021875 0.018750
0 0.868750 0.957812 0.021875 0.018750
0 0.804688 0.925000 0.021875 0.018750
0 0.740625 0.893750 0.021875 0.018750
0 0.650000 0.957812 0.021875 0.018750
0 0.559375 0.925000 0.021875 0.018750
0 0.931250 0.739062 0.021875 0.018750
0 0.931250 0.787500 0.021875 0.018750
0 0.868750 0.739062 0.021875 0.018750
0 0.868750 0.787500 0.021875 0.018750
0 0.740625 0.739062 0.021875 0.018750
0 0.740625 0.787500 0.021875 0.018750
0 0.559375 0.739062 0.021875 0.018750
0 0.559375 0.787500 0.021875 0.018750
0 0.992188 0.550000 0.015625 0.018750
0 0.931250 0.557813 0.021875 0.018750
0 0.868750 0.567187 0.021875 0.018750
0 0.804688 0.575000 0.021875 0.018750
0 0.740625 0.567187 0.021875 0.018750
0 0.695312 0.598437 0.021875 0.018750
0 0.650000 0.590625 0.021875 0.018750
0 0.604688 0.582812 0.021875 0.018750
0 0.559375 0.575000 0.021875 0.018750
0 0.931250 0.429688 0.021875 0.018750
0 0.868750 0.429688 0.021875 0.018750
0 0.740625 0.429688 0.021875 0.018750
0 0.559375 0.429688 0.021875 0.018750
