13 0.282031 0.082031 0.045312 0.057813
14 0.864062 0.138281 0.271875 0.057813
14 0.488281 0.101562 0.242188 0.018750
14 0.460938 0.128125 0.290625 0.037500
4 0.997656 0.078125 0.004687 0.043750
9 0.903906 0.112500 0.001563 0.046875
12 0.728906 0.014844 0.017188 0.029687
9 0.721094 0.119531 0.001563 0.045312
2 0.707812 0.094531 0.015625 0.045312
9 0.613281 0.106250 0.001563 0.050000
9 0.357031 0.106250 0.001563 0.050000
3 0.344531 0.070312 0.014063 0.040625
15 0.846875 0.102344 0.028125 0.032813
15 0.846875 0.069531 0.028125 0.032813
0 0.914062 0.085938 0.021875 0.018750
1 0.914062 0.007812 0.021875 0.015625
0 0.731250 0.095312 0.021875 0.018750
0 0.623437 0.078125 0.021875 0.018750
0 0.623437 0.007812 0.021875 0.015625
1 0.367188 0.078125 0.021875 0.018750
1 0.367188 0.007812 0.021875 0.015625
