13 0.311719 0.062500 0.045312 0.065625
13 0.311719 0.219531 0.045312 0.057813
14 0.949219 0.029687 0.101562 0.015625
14 0.800781 0.003125 0.110937 0.006250
14 0.800000 0.031250 0.109375 0.012500
14 0.660156 0.003125 0.110937 0.006250
14 0.659375 0.031250 0.109375 0.012500
14 0.493750 0.003906 0.165625 0.007812
14 0.492969 0.028906 0.164062 0.014063
14 0.357812 0.003125 0.021875 0.006250
14 0.357031 0.032031 0.020313 0.010937
9 0.279687 0.128906 0.003125 0.257812
11 0.707812 0.210938 0.018750 0.009375
9 0.860156 0.044531 0.001563 0.070312
9 0.721094 0.044531 0.001563 0.070312
9 0.580469 0.044531 0.001563 0.070312
9 0.372656 0.044531 0.001563 0.070312
0 0.870313 0.007812 0.021875 0.015625
0 0.870313 0.021875 0.021875 0.018750
0 0.731250 0.007812 0.021875 0.015625
0 0.731250 0.021875 0.021875 0.018750
0 0.590625 0.007812 0.021875 0.015625
0 0.590625 0.021875 0.021875 0.018750
0 0.382812 0.007812 0.021875 0.015625
0 0.382812 0.021875 0.021875 0.018750
