10 0.858594 0.360156 0.070312 0.007812
10 0.721094 0.364063 0.070312 0.015625
10 0.549219 0.364063 0.139063 0.015625
10 0.305469 0.360156 0.139063 0.007812
10 0.133594 0.360156 0.070312 0.007812
10 0.015625 0.364063 0.031250 0.015625
14 0.903906 0.852344 0.139063 0.014063
14 0.661719 0.871094 0.070312 0.010937
14 0.178906 0.852344 0.139063 0.014063
14 0.903125 0.664062 0.109375 0.012500
14 0.902344 0.739062 0.107813 0.012500
14 0.765625 0.664062 0.109375 0.012500
14 0.764844 0.739062 0.107813 0.012500
14 0.600000 0.663281 0.162500 0.014063
14 0.600000 0.738281 0.162500 0.014063
14 0.376563 0.662500 0.200000 0.015625
14 0.375781 0.737500 0.198437 0.015625
14 0.178125 0.664062 0.109375 0.012500
14 0.177344 0.739062 0.107813 0.012500
14 0.047656 0.664062 0.095312 0.012500
14 0.046875 0.739062 0.093750 0.012500
14 0.903125 0.470313 0.109375 0.012500
14 0.902344 0.505469 0.107813 0.010937
14 0.765625 0.470313 0.109375 0.012500
14 0.764844 0.505469 0.107813 0.010937
14 0.600000 0.469531 0.162500 0.014063
14 0.592969 0.512500 0.176563 0.015625
14 0.376563 0.468750 0.200000 0.015625
14 0.367188 0.511719 0.212500 0.017188
14 0.178125 0.470313 0.109375 0.012500
14 0.177344 0.505469 0.107813 0.010937
14 0.047656 0.470313 0.095312 0.012500
14 0.046875 0.505469 0.093750 0.010937
14 0.744531 0.271094 0.510938 0.054688
14 0.192188 0.261719 0.384375 0.057813
9 0.445312 0.629687 0.003125 0.596875
15 0.971094 0.901563 0.020313 0.053125
9 0.961719 0.899219 0.001563 0.051562
9 0.824219 0.900000 0.001563 0.053125
9 0.686719 0.914062 0.001563 0.050000
15 0.627344 0.917188 0.020313 0.053125
9 0.617969 0.914844 0.001563 0.051562
3 0.605469 0.878125 0.014063 0.040625
9 0.480469 0.900000 0.001563 0.053125
3 0.467969 0.862500 0.014063 0.040625
9 0.305469 0.914062 0.001563 0.050000
15 0.246094 0.901563 0.020313 0.053125
9 0.236719 0.899219 0.001563 0.051562
9 0.099219 0.900000 0.001563 0.053125
9 0.961719 0.725781 0.001563 0.098437
9 0.824219 0.725781 0.001563 0.098437
9 0.686719 0.725781 0.001563 0.098437
9 0.480469 0.725781 0.001563 0.098437
9 0.236719 0.725781 0.001563 0.098437
9 0.099219 0.725781 0.001563 0.098437
9 0.961719 0.517969 0.001563 0.070312
9 0.824219 0.517969 0.001563 0.070312
9 0.686719 0.517969 0.001563 0.070312
9 0.480469 0.517969 0.001563 0.070312
9 0.236719 0.517969 0.001563 0.070312
9 0.099219 0.517969 0.001563 0.070312
9 0.961719 0.330469 0.001563 0.070312
9 0.892969 0.333594 0.001563 0.060937
2 0.879687 0.299219 0.015625 0.045312
9 0.824219 0.333594 0.001563 0.060937
9 0.755469 0.339844 0.001563 0.057813
4 0.744531 0.307812 0.010937 0.043750
9 0.686719 0.322656 0.001563 0.073438
3 0.674219 0.275000 0.014063 0.040625
9 0.617969 0.328125 0.001563 0.065625
9 0.549219 0.337500 0.001563 0.053125
3 0.536719 0.300000 0.014063 0.040625
9 0.480469 0.343750 0.001563 0.050000
9 0.374219 0.333594 0.001563 0.060937
4 0.364844 0.300000 0.010937 0.043750
9 0.305469 0.337500 0.001563 0.053125
3 0.292969 0.300000 0.014063 0.040625
9 0.236719 0.330469 0.001563 0.070312
9 0.167969 0.333594 0.001563 0.060937
2 0.154688 0.299219 0.015625 0.045312
9 0.099219 0.333594 0.001563 0.060937
9 0.030469 0.339844 0.001563 0.057813
4 0.019531 0.307812 0.010937 0.043750
0 0.971875 0.870313 0.021875 0.018750
0 0.834375 0.870313 0.021875 0.018750
0 0.696875 0.887500 0.021875 0.018750
0 0.628125 0.887500 0.021875 0.018750
0 0.490625 0.870313 0.021875 0.018750
0 0.315625 0.887500 0.021875 0.018750
0 0.246875 0.870313 0.021875 0.018750
0 0.109375 0.870313 0.021875 0.018750
0 0.971875 0.673438 0.021875 0.018750
0 0.971875 0.731250 0.021875 0.018750
0 0.834375 0.673438 0.021875 0.018750
0 0.834375 0.731250 0.021875 0.018750
0 0.696875 0.673438 0.021875 0.018750
0 0.696875 0.731250 0.021875 0.018750
0 0.490625 0.673438 0.021875 0.018750
0 0.490625 0.731250 0.021875 0.018750
0 0.246875 0.673438 0.021875 0.018750
0 0.246875 0.731250 0.021875 0.018750
0 0.109375 0.673438 0.021875 0.018750
0 0.109375 0.731250 0.021875 0.018750
0 0.971875 0.479687 0.021875 0.018750
0 0.971875 0.496875 0.021875 0.018750
0 0.834375 0.479687 0.021875 0.018750
0 0.834375 0.496875 0.021875 0.018750
0 0.696875 0.479687 0.021875 0.018750
0 0.696875 0.496875 0.021875 0.018750
0 0.490625 0.479687 0.021875 0.018750
0 0.490625 0.496875 0.021875 0.018750
0 0.246875 0.479687 0.021875 0.018750
0 0.246875 0.496875 0.021875 0.018750
0 0.109375 0.479687 0.021875 0.018750
0 0.109375 0.496875 0.021875 0.018750
0 0.971875 0.292187 0.021875 0.018750
0 0.903125 0.300000 0.021875 0.018750
0 0.834375 0.300000 0.021875 0.018750
0 0.765625 0.307812 0.021875 0.018750
0 0.696875 0.284375 0.021875 0.018750
0 0.628125 0.292187 0.021875 0.018750
0 0.559375 0.307812 0.021875 0.018750
0 0.490625 0.315625 0.021875 0.018750
0 0.384375 0.300000 0.021875 0.018750
0 0.315625 0.307812 0.021875 0.018750
0 0.246875 0.292187 0.021875 0.018750
0 0.178125 0.300000 0.021875 0.018750
0 0.109375 0.300000 0.021875 0.018750
0 0.040625 0.307812 0.021875 0.018750
