10 0.762500 0.837500 0.100000 0.028125
10 0.614062 0.843750 0.100000 0.025000
10 0.300000 0.760938 0.100000 0.028125
10 0.157031 0.831250 0.051562 0.015625
10 0.042188 0.843750 0.084375 0.025000
10 0.781250 0.532813 0.100000 0.025000
10 0.639844 0.601562 0.051562 0.025000
10 0.515625 0.618750 0.100000 0.025000
10 0.417187 0.982812 0.137500 0.025000
10 0.151562 0.973437 0.100000 0.025000
14 0.638281 0.871875 0.148438 0.021875
14 0.255469 0.871875 0.148438 0.021875
14 0.066406 0.871875 0.132812 0.021875
14 0.539844 0.650000 0.148438 0.021875
14 0.774219 0.978125 0.157812 0.031250
14 0.294531 0.958594 0.382812 0.039062
14 0.714063 0.755469 0.278125 0.048438
14 0.175000 0.753906 0.350000 0.051562
14 0.663281 0.521094 0.376563 0.042188
14 0.192188 0.610938 0.096875 0.012500
14 0.214062 0.528906 0.428125 0.057813
14 0.071875 0.612500 0.143750 0.015625
14 0.771875 0.388281 0.068750 0.010937
14 0.673438 0.388281 0.068750 0.010937
14 0.674219 0.319531 0.070312 0.010937
14 0.624219 0.285938 0.395313 0.040625
14 0.524219 0.388281 0.167187 0.010937
14 0.525000 0.317188 0.168750 0.015625
14 0.192188 0.372656 0.068750 0.010937
14 0.192188 0.441406 0.068750 0.010937
14 0.064062 0.372656 0.128125 0.010937
14 0.064062 0.443750 0.128125 0.015625
9 0.860938 0.665625 0.003125 0.668750
9 0.379688 0.665625 0.003125 0.668750
3 0.799219 0.978125 0.014063 0.040625
15 0.691406 0.989062 0.017188 0.021875
9 0.683594 0.989062 0.001563 0.021875
9 0.349219 0.986719 0.001563 0.026562
2 0.218750 0.985938 0.015625 0.028125
9 0.200781 0.982812 0.001563 0.034375
9 0.152344 0.986719 0.001563 0.026562
9 0.102344 0.990625 0.001563 0.018750
9 0.811719 0.825781 0.001563 0.045312
2 0.798438 0.799219 0.015625 0.045312
9 0.761719 0.811719 0.001563 0.051562
4 0.752344 0.782813 0.010937 0.043750
9 0.713281 0.799219 0.001563 0.057813
2 0.700000 0.766406 0.015625 0.045312
9 0.663281 0.810937 0.001563 0.050000
2 0.650000 0.783594 0.015625 0.045312
9 0.614844 0.818750 0.001563 0.050000
9 0.564844 0.832031 0.001563 0.042188
12 0.521875 0.801562 0.015625 0.028125
12 0.424219 0.799219 0.017188 0.048438
9 0.349219 0.800781 0.001563 0.057813
5 0.317188 0.831250 0.015625 0.015625
9 0.300781 0.786719 0.001563 0.051562
2 0.267188 0.814844 0.015625 0.045312
9 0.250781 0.774219 0.001563 0.045312
2 0.218750 0.799219 0.015625 0.045312
9 0.182031 0.810937 0.001563 0.050000
4 0.171094 0.782813 0.010937 0.043750
9 0.132031 0.799219 0.001563 0.057813
2 0.120313 0.766406 0.015625 0.045312
9 0.083594 0.810937 0.001563 0.050000
2 0.070312 0.783594 0.015625 0.045312
9 0.033594 0.818750 0.001563 0.050000
9 0.830469 0.569531 0.001563 0.057813
2 0.798438 0.600781 0.015625 0.045312
9 0.782031 0.557813 0.001563 0.050000
2 0.748437 0.585156 0.015625 0.045312
9 0.732031 0.546094 0.001563 0.042188
2 0.700000 0.569531 0.015625 0.045312
9 0.663281 0.583594 0.001563 0.054688
4 0.653906 0.553125 0.010937 0.043750
9 0.614844 0.567969 0.001563 0.054688
2 0.601562 0.536719 0.015625 0.045312
9 0.564844 0.582812 0.001563 0.053125
2 0.551562 0.552344 0.015625 0.045312
9 0.514844 0.590625 0.001563 0.053125
9 0.466406 0.602344 0.001563 0.045312
15 0.444531 0.562500 0.017188 0.053125
9 0.436719 0.564063 0.001563 0.053125
2 0.403125 0.592969 0.015625 0.045312
15 0.357031 0.546875 0.017188 0.053125
9 0.349219 0.548438 0.001563 0.053125
9 0.250781 0.564844 0.001563 0.051562
9 0.152344 0.564844 0.001563 0.051562
15 0.821094 0.410938 0.020313 0.053125
9 0.811719 0.376563 0.001563 0.115625
2 0.798438 0.316406 0.015625 0.045312
9 0.713281 0.376563 0.001563 0.100000
9 0.614844 0.376563 0.001563 0.100000
9 0.416406 0.376563 0.001563 0.100000
2 0.403125 0.380469 0.015625 0.045312
2 0.403125 0.324219 0.015625 0.045312
9 0.250781 0.380469 0.001563 0.107813
9 0.152344 0.380469 0.001563 0.107813
15 0.425781 0.458594 0.048438 0.039062
0 0.821875 0.985938 0.021875 0.018750
0 0.771875 0.996875 0.021875 0.006250
0 0.242188 0.992188 0.021875 0.015625
0 0.821875 0.800000 0.021875 0.018750
0 0.771875 0.784375 0.021875 0.018750
0 0.723437 0.767188 0.021875 0.018750
0 0.673438 0.784375 0.021875 0.018750
0 0.625000 0.792188 0.021875 0.018750
0 0.575000 0.807813 0.021875 0.018750
0 0.340625 0.832812 0.021875 0.018750
0 0.290625 0.815625 0.021875 0.018750
0 0.242188 0.800000 0.021875 0.018750
0 0.192188 0.784375 0.021875 0.018750
0 0.142187 0.767188 0.021875 0.018750
0 0.093750 0.784375 0.021875 0.018750
0 0.043750 0.792188 0.021875 0.018750
0 0.821875 0.601562 0.021875 0.018750
0 0.771875 0.585938 0.021875 0.018750
0 0.723437 0.570312 0.021875 0.018750
0 0.673438 0.553125 0.021875 0.018750
0 0.625000 0.537500 0.021875 0.018750
0 0.575000 0.553125 0.021875 0.018750
0 0.525000 0.560937 0.021875 0.018750
0 0.476562 0.578125 0.021875 0.018750
0 0.426563 0.593750 0.021875 0.018750
0 0.340625 0.578125 0.021875 0.018750
0 0.242188 0.593750 0.021875 0.018750
0 0.142187 0.593750 0.021875 0.018750
0 0.821875 0.315625 0.021875 0.018750
0 0.821875 0.381250 0.021875 0.018750
0 0.723437 0.381250 0.021875 0.018750
0 0.723437 0.325000 0.021875 0.018750
0 0.625000 0.381250 0.021875 0.018750
0 0.625000 0.325000 0.021875 0.018750
1 0.426563 0.381250 0.021875 0.018750
1 0.426563 0.325000 0.021875 0.018750
0 0.242188 0.381250 0.021875 0.018750
0 0.242188 0.437500 0.021875 0.018750
0 0.142187 0.381250 0.021875 0.018750
0 0.142187 0.437500 0.021875 0.018750
