7 0.276562 0.567969 0.043750 0.114062
7 0.276562 0.366406 0.043750 0.114062
10 0.602344 0.603125 0.110937 0.025000
10 0.465625 0.467187 0.068750 0.028125
10 0.342969 0.575000 0.064062 0.025000
14 0.639062 0.530469 0.056250 0.020313
14 0.466406 0.442188 0.067187 0.018750
14 0.348438 0.495312 0.075000 0.025000
14 0.328906 0.500781 0.035937 0.010937
9 0.245312 0.465625 0.003125 0.268750
9 0.971875 0.465625 0.003125 0.268750
9 0.842187 0.465625 0.003125 0.268750
9 0.710938 0.465625 0.003125 0.268750
9 0.520312 0.465625 0.003125 0.268750
3 0.993750 0.621875 0.012500 0.040625
9 0.896094 0.576562 0.001563 0.053125
3 0.864844 0.598437 0.014063 0.040625
9 0.766406 0.576562 0.001563 0.053125
3 0.733594 0.598437 0.014063 0.040625
9 0.655469 0.585938 0.001563 0.050000
9 0.602344 0.578125 0.001563 0.050000
9 0.547656 0.564844 0.001563 0.057813
9 0.499219 0.490625 0.001563 0.050000
9 0.413281 0.584375 0.001563 0.078125
9 0.432031 0.477344 0.001563 0.042188
9 0.374219 0.554688 0.001563 0.053125
9 0.335156 0.549219 0.001563 0.057813
15 0.756250 0.642969 0.053125 0.026562
0 0.887500 0.606250 0.021875 0.018750
0 0.756250 0.606250 0.021875 0.018750
0 0.665625 0.557813 0.021875 0.018750
0 0.612500 0.550000 0.021875 0.018750
0 0.557813 0.534375 0.021875 0.018750
0 0.489063 0.517188 0.021875 0.018750
0 0.423438 0.575000 0.021875 0.018750
0 0.423438 0.542188 0.021875 0.018750
0 0.423438 0.501563 0.021875 0.018750
0 0.384375 0.526563 0.021875 0.018750
0 0.345313 0.517188 0.021875 0.018750
