10 0.955469 0.380469 0.089063 0.032813
10 0.772656 0.282031 0.073438 0.020313
10 0.495312 0.228906 0.046875 0.035937
10 0.095312 0.285156 0.043750 0.035937
10 0.336719 0.454688 0.157812 0.043750
10 0.955469 0.772656 0.089063 0.035937
10 0.117188 0.678906 0.062500 0.026562
14 0.335938 0.437500 0.156250 0.021875
14 0.960156 0.642969 0.079687 0.020313
14 0.178125 0.732812 0.050000 0.006250
14 0.163281 0.728906 0.079687 0.007812
14 0.150781 0.752344 0.142187 0.010937
14 0.960156 0.289062 0.079687 0.021875
14 0.436719 0.413281 0.026562 0.010937
14 0.397656 0.421094 0.026562 0.010937
14 0.336719 0.421094 0.026562 0.010937
14 0.280469 0.430469 0.026562 0.010937
9 0.826562 0.537500 0.003125 0.412500
9 0.911719 0.730469 0.001563 0.114062
4 0.892969 0.742188 0.010937 0.043750
4 0.900781 0.709375 0.010937 0.043750
9 0.147656 0.695312 0.001563 0.059375
4 0.128125 0.725781 0.006250 0.026562
9 0.117969 0.690625 0.001563 0.050000
3 0.096875 0.713281 0.009375 0.023438
9 0.086719 0.699219 0.001563 0.067187
4 0.065625 0.735156 0.006250 0.026562
6 0.189844 0.700781 0.026562 0.039062
9 0.002344 0.702344 0.001563 0.073438
13 0.979688 0.701562 0.031250 0.037500
15 0.843750 0.728125 0.025000 0.034375
15 0.845313 0.694531 0.025000 0.032813
15 0.919531 0.816406 0.029687 0.026562
11 0.992969 0.537500 0.014063 0.009375
15 0.221875 0.598437 0.021875 0.015625
2 0.195312 0.572656 0.015625 0.045312
9 0.002344 0.536719 0.001563 0.051562
15 0.843750 0.565625 0.025000 0.034375
15 0.845313 0.533594 0.025000 0.032813
15 0.009375 0.630469 0.018750 0.026562
9 0.996094 0.364844 0.001563 0.060937
2 0.982812 0.332031 0.015625 0.045312
9 0.947656 0.361719 0.001563 0.070312
9 0.911719 0.357812 0.001563 0.078125
8 0.808594 0.260156 0.004687 0.004687
9 0.808594 0.296875 0.001563 0.050000
8 0.772656 0.260156 0.004687 0.004687
9 0.772656 0.296875 0.001563 0.050000
8 0.736719 0.260156 0.004687 0.004687
9 0.736719 0.296875 0.001563 0.050000
11 0.618750 0.376563 0.018750 0.009375
12 0.617969 0.316406 0.017188 0.048438
12 0.565625 0.303125 0.015625 0.028125
9 0.519531 0.258594 0.001563 0.073438
4 0.489844 0.290625 0.010937 0.043750
12 0.461719 0.413281 0.017188 0.048438
9 0.472656 0.275000 0.001563 0.121875
4 0.442969 0.275000 0.010937 0.043750
9 0.414844 0.430469 0.001563 0.060937
9 0.375781 0.435937 0.001563 0.056250
2 0.362500 0.403906 0.015625 0.045312
9 0.314844 0.438281 0.001563 0.060937
4 0.303906 0.404687 0.010937 0.043750
9 0.258594 0.444531 0.001563 0.057813
12 0.215625 0.415625 0.015625 0.028125
12 0.216406 0.299219 0.017188 0.048438
12 0.164062 0.351562 0.015625 0.028125
9 0.116406 0.317188 0.001563 0.075000
4 0.086719 0.348438 0.010937 0.043750
9 0.074219 0.332031 0.001563 0.123438
4 0.044531 0.331250 0.010937 0.043750
15 0.843750 0.381250 0.025000 0.034375
15 0.845313 0.347656 0.025000 0.032813
15 0.725781 0.197656 0.054688 0.026562
15 0.063281 0.241406 0.029687 0.026562
0 0.921875 0.670312 0.021875 0.018750
0 0.921875 0.710938 0.021875 0.018750
0 0.921875 0.743750 0.021875 0.018750
0 0.140625 0.727344 0.012500 0.010937
0 0.112500 0.717969 0.012500 0.010937
0 0.079687 0.735156 0.012500 0.010937
1 0.249219 0.710156 0.029687 0.017188
1 0.249219 0.725781 0.029687 0.017188
1 0.222656 0.717969 0.029687 0.017188
1 0.222656 0.733594 0.029687 0.017188
1 0.012500 0.718750 0.021875 0.018750
1 0.012500 0.734375 0.021875 0.018750
1 0.222656 0.572656 0.029687 0.017188
0 0.957812 0.325000 0.021875 0.018750
0 0.921875 0.315625 0.021875 0.018750
0 0.800000 0.325000 0.021875 0.018750
0 0.764062 0.325000 0.021875 0.018750
0 0.728125 0.325000 0.021875 0.018750
0 0.529687 0.292187 0.021875 0.018750
0 0.509375 0.300000 0.021875 0.018750
0 0.464062 0.340625 0.021875 0.018750
0 0.464062 0.276562 0.021875 0.018750
0 0.425000 0.396875 0.021875 0.018750
0 0.385937 0.404687 0.021875 0.018750
0 0.325000 0.404687 0.021875 0.018750
0 0.268750 0.412500 0.021875 0.018750
0 0.126562 0.348438 0.021875 0.018750
0 0.107813 0.356250 0.021875 0.018750
0 0.065625 0.332813 0.021875 0.018750
0 0.065625 0.396875 0.021875 0.018750
