13 0.311719 0.687500 0.045312 0.065625
7 0.310937 0.527344 0.043750 0.114062
13 0.311719 0.844531 0.045312 0.057813
7 0.310937 0.366406 0.043750 0.114062
14 0.842187 0.625781 0.050000 0.010937
14 0.841406 0.657031 0.048438 0.010937
14 0.748437 0.625781 0.081250 0.010937
14 0.747656 0.657031 0.079687 0.010937
14 0.638281 0.625781 0.079687 0.010937
14 0.637500 0.657031 0.078125 0.010937
14 0.531250 0.625781 0.050000 0.010937
14 0.530469 0.657031 0.048438 0.010937
14 0.437500 0.625781 0.081250 0.010937
14 0.436719 0.657031 0.079687 0.010937
14 0.357812 0.625781 0.021875 0.010937
14 0.357031 0.657031 0.020313 0.010937
9 0.279687 0.607031 0.003125 0.551562
9 0.972656 0.607031 0.014063 0.551562
9 0.656250 0.607031 0.003125 0.551562
11 0.810937 0.835938 0.018750 0.009375
11 0.501563 0.835938 0.018750 0.009375
15 0.992188 0.865625 0.015625 0.034375
15 0.992188 0.832031 0.015625 0.032813
9 0.871094 0.669531 0.001563 0.070312
9 0.792969 0.669531 0.001563 0.070312
9 0.683594 0.668750 0.001563 0.068750
9 0.560156 0.669531 0.001563 0.070312
9 0.482031 0.669531 0.001563 0.070312
9 0.372656 0.668750 0.001563 0.068750
15 0.992188 0.704688 0.015625 0.034375
15 0.992188 0.671094 0.015625 0.032813
11 0.810937 0.514062 0.018750 0.009375
11 0.501563 0.514062 0.018750 0.009375
15 0.992188 0.543750 0.015625 0.034375
15 0.992188 0.510156 0.015625 0.032813
11 0.810937 0.351562 0.018750 0.009375
11 0.501563 0.351562 0.018750 0.009375
15 0.992188 0.381250 0.015625 0.034375
15 0.992188 0.347656 0.015625 0.032813
0 0.881250 0.631250 0.021875 0.018750
0 0.881250 0.646875 0.021875 0.018750
0 0.803125 0.631250 0.021875 0.018750
0 0.803125 0.646875 0.021875 0.018750
1 0.693750 0.631250 0.021875 0.018750
1 0.693750 0.646875 0.021875 0.018750
0 0.570312 0.631250 0.021875 0.018750
0 0.570312 0.646875 0.021875 0.018750
0 0.492188 0.631250 0.021875 0.018750
0 0.492188 0.646875 0.021875 0.018750
1 0.382812 0.631250 0.021875 0.018750
1 0.382812 0.646875 0.021875 0.018750
