7 0.276562 0.542969 0.043750 0.114062
7 0.276562 0.366406 0.043750 0.114062
10 0.985156 0.552344 0.029687 0.020313
10 0.850781 0.534375 0.132812 0.021875
10 0.735156 0.425000 0.064062 0.025000
10 0.414844 0.464844 0.101562 0.007812
14 0.834375 0.467969 0.078125 0.010937
14 0.391406 0.446094 0.051562 0.014063
9 0.245312 0.453125 0.003125 0.243750
9 0.835938 0.453125 0.003125 0.243750
9 0.648438 0.453125 0.003125 0.243750
9 0.496875 0.453125 0.003125 0.243750
9 0.971094 0.537500 0.001563 0.050000
2 0.957812 0.510156 0.015625 0.045312
9 0.917969 0.519531 0.001563 0.045312
2 0.904687 0.492969 0.015625 0.045312
9 0.863281 0.514844 0.001563 0.051562
9 0.785156 0.514062 0.001563 0.050000
9 0.766406 0.442969 0.001563 0.045312
2 0.734375 0.469531 0.015625 0.045312
9 0.685156 0.561719 0.001563 0.114062
9 0.703906 0.438281 0.001563 0.042188
2 0.671875 0.500781 0.015625 0.045312
9 0.577344 0.510156 0.001563 0.060937
2 0.564063 0.477344 0.015625 0.045312
15 0.532031 0.515625 0.020313 0.053125
9 0.522656 0.514844 0.001563 0.051562
9 0.464844 0.483594 0.001563 0.045312
9 0.414844 0.491406 0.001563 0.060937
2 0.382812 0.525781 0.015625 0.045312
15 0.355469 0.612500 0.020313 0.053125
9 0.346094 0.595313 0.001563 0.084375
9 0.364844 0.483594 0.001563 0.045312
2 0.332813 0.510156 0.015625 0.045312
2 0.332813 0.582031 0.015625 0.045312
0 0.981250 0.509375 0.021875 0.018750
0 0.928125 0.493750 0.021875 0.018750
0 0.873437 0.485938 0.021875 0.018750
0 0.795312 0.485938 0.021875 0.018750
0 0.757812 0.470313 0.021875 0.018750
0 0.695312 0.542188 0.021875 0.018750
0 0.695312 0.575000 0.021875 0.018750
0 0.695312 0.501563 0.021875 0.018750
0 0.695312 0.460938 0.021875 0.018750
0 0.587500 0.478125 0.021875 0.018750
0 0.532813 0.485938 0.021875 0.018750
0 0.456250 0.509375 0.021875 0.018750
0 0.406250 0.526563 0.021875 0.018750
0 0.356250 0.582812 0.021875 0.018750
0 0.356250 0.550000 0.021875 0.018750
0 0.356250 0.509375 0.021875 0.018750
