10 0.764062 0.385937 0.100000 0.028125
10 0.641406 0.412500 0.051562 0.015625
10 0.518750 0.390625 0.100000 0.028125
10 0.282813 0.396875 0.100000 0.015625
10 0.159375 0.410938 0.050000 0.012500
10 0.053906 0.328125 0.107813 0.025000
10 0.764062 0.764062 0.100000 0.028125
10 0.661719 0.693750 0.051562 0.015625
10 0.539062 0.673438 0.100000 0.025000
10 0.301563 0.705469 0.100000 0.007812
10 0.179688 0.692187 0.050000 0.012500
10 0.057813 0.678125 0.100000 0.015625
10 0.282813 0.574219 0.100000 0.020313
10 0.179688 0.489063 0.050000 0.012500
10 0.081250 0.501563 0.050000 0.012500
10 0.301563 0.883594 0.100000 0.007812
10 0.159375 0.973437 0.050000 0.012500
10 0.044531 0.956250 0.089063 0.025000
14 0.184375 0.996094 0.293750 0.007812
14 0.184375 0.800000 0.293750 0.025000
14 0.165625 0.604688 0.331250 0.025000
14 0.164844 0.436719 0.329688 0.026562
14 0.524219 0.915625 0.173437 0.015625
14 0.524219 0.964063 0.173437 0.015625
14 0.175000 0.857812 0.350000 0.034375
14 0.655469 0.650781 0.332813 0.045312
14 0.217188 0.692187 0.415625 0.087500
14 0.524219 0.591406 0.204687 0.017188
14 0.170313 0.503125 0.340625 0.081250
14 0.666406 0.286719 0.373437 0.039062
14 0.170313 0.301563 0.340625 0.040625
9 0.860938 0.648438 0.003125 0.634375
9 0.381250 0.648438 0.003125 0.634375
12 0.818750 0.934375 0.015625 0.028125
12 0.770312 0.934375 0.015625 0.028125
15 0.724219 0.921875 0.020313 0.053125
9 0.714844 0.919531 0.001563 0.051562
9 0.636719 0.913281 0.001563 0.064062
9 0.432031 0.913281 0.001563 0.064062
9 0.350781 0.908594 0.001563 0.057813
4 0.321094 0.939063 0.010937 0.043750
9 0.302344 0.904687 0.001563 0.050000
4 0.272656 0.931250 0.010937 0.043750
9 0.252344 0.904687 0.001563 0.050000
2 0.220312 0.932031 0.015625 0.045312
9 0.185156 0.951562 0.001563 0.050000
2 0.171875 0.922656 0.015625 0.045312
9 0.135156 0.945312 0.001563 0.053125
2 0.121875 0.914844 0.015625 0.045312
9 0.086719 0.937500 0.001563 0.053125
2 0.073438 0.907031 0.015625 0.045312
9 0.038281 0.928125 0.001563 0.053125
9 0.811719 0.725781 0.001563 0.057813
4 0.802344 0.693750 0.010937 0.043750
9 0.763281 0.738281 0.001563 0.051562
9 0.714844 0.752344 0.001563 0.045312
9 0.685156 0.715625 0.001563 0.050000
9 0.636719 0.727344 0.001563 0.057813
9 0.586719 0.710156 0.001563 0.057813
9 0.538281 0.698438 0.001563 0.050000
9 0.489844 0.686719 0.001563 0.042188
4 0.460156 0.709375 0.010937 0.043750
15 0.439844 0.743750 0.017188 0.053125
9 0.432031 0.745313 0.001563 0.053125
9 0.350781 0.732031 0.001563 0.060937
3 0.317969 0.757812 0.014063 0.040625
9 0.302344 0.728125 0.001563 0.053125
4 0.272656 0.757812 0.010937 0.043750
9 0.252344 0.728125 0.001563 0.053125
2 0.220312 0.758594 0.015625 0.045312
9 0.203906 0.720313 0.001563 0.053125
2 0.171875 0.750781 0.015625 0.045312
9 0.155469 0.715625 0.001563 0.050000
9 0.107031 0.706250 0.001563 0.050000
9 0.057031 0.700781 0.001563 0.045312
9 0.008594 0.693750 0.001563 0.040625
15 0.435937 0.814844 0.053125 0.029687
15 0.478906 0.814844 0.032813 0.039062
12 0.818750 0.534375 0.015625 0.028125
12 0.770312 0.534375 0.015625 0.028125
15 0.741406 0.540625 0.017188 0.053125
9 0.733594 0.542188 0.001563 0.053125
9 0.636719 0.542188 0.001563 0.053125
9 0.432031 0.542188 0.001563 0.053125
4 0.402344 0.571875 0.010937 0.043750
9 0.330469 0.543750 0.001563 0.050000
4 0.321094 0.515625 0.010937 0.043750
9 0.282031 0.550000 0.001563 0.046875
2 0.268750 0.522656 0.015625 0.045312
9 0.233594 0.557031 0.001563 0.045312
9 0.203906 0.512500 0.001563 0.050000
9 0.155469 0.517188 0.001563 0.053125
2 0.121875 0.547656 0.015625 0.045312
9 0.107031 0.525000 0.001563 0.053125
2 0.073438 0.555469 0.015625 0.045312
9 0.057031 0.532031 0.001563 0.057813
2 0.025000 0.563281 0.015625 0.045312
15 0.378125 0.625781 0.053125 0.029687
15 0.421094 0.625781 0.032813 0.039062
9 0.811719 0.343750 0.001563 0.065625
9 0.763281 0.356250 0.001563 0.059375
9 0.714844 0.370312 0.001563 0.053125
9 0.664844 0.384375 0.001563 0.050000
9 0.616406 0.396094 0.001563 0.042188
9 0.567969 0.380469 0.001563 0.042188
9 0.519531 0.367188 0.001563 0.046875
9 0.469531 0.353125 0.001563 0.053125
4 0.460156 0.323437 0.010937 0.043750
12 0.418750 0.367188 0.015625 0.028125
9 0.330469 0.363281 0.001563 0.057813
4 0.321094 0.331250 0.010937 0.043750
9 0.282031 0.370312 0.001563 0.053125
9 0.233594 0.376563 0.001563 0.050000
9 0.185156 0.384375 0.001563 0.050000
9 0.135156 0.389844 0.001563 0.045312
9 0.107031 0.345313 0.001563 0.050000
9 0.057031 0.350781 0.001563 0.051562
2 0.025000 0.380469 0.015625 0.045312
9 0.008594 0.358594 0.001563 0.054688
15 0.435937 0.435156 0.053125 0.029687
15 0.478906 0.435156 0.032813 0.039062
0 0.725000 0.890625 0.021875 0.018750
0 0.626563 0.931250 0.021875 0.018750
0 0.626563 0.948438 0.021875 0.018750
1 0.421875 0.931250 0.021875 0.018750
1 0.421875 0.948438 0.021875 0.018750
0 0.340625 0.939063 0.021875 0.018750
0 0.292187 0.931250 0.021875 0.018750
0 0.243750 0.931250 0.021875 0.018750
0 0.195312 0.923438 0.021875 0.018750
0 0.145313 0.915625 0.021875 0.018750
0 0.096875 0.907813 0.021875 0.018750
0 0.048438 0.900000 0.021875 0.018750
0 0.005469 0.890625 0.010937 0.018750
0 0.821875 0.693750 0.021875 0.018750
0 0.773438 0.710938 0.021875 0.018750
0 0.725000 0.726562 0.021875 0.018750
0 0.675000 0.742188 0.021875 0.018750
0 0.626563 0.759375 0.021875 0.018750
0 0.578125 0.742188 0.021875 0.018750
0 0.529687 0.726562 0.021875 0.018750
0 0.479687 0.710938 0.021875 0.018750
0 0.421875 0.775000 0.021875 0.018750
0 0.340625 0.767188 0.021875 0.018750
0 0.292187 0.759375 0.021875 0.018750
0 0.243750 0.759375 0.021875 0.018750
0 0.195312 0.751563 0.021875 0.018750
0 0.145313 0.742188 0.021875 0.018750
0 0.096875 0.734375 0.021875 0.018750
0 0.048438 0.726562 0.021875 0.018750
0 0.005469 0.718750 0.010937 0.018750
0 0.725000 0.571875 0.021875 0.018750
0 0.626563 0.571875 0.021875 0.018750
1 0.421875 0.571875 0.021875 0.018750
0 0.340625 0.515625 0.021875 0.018750
0 0.292187 0.523438 0.021875 0.018750
0 0.243750 0.531250 0.021875 0.018750
0 0.195312 0.540625 0.021875 0.018750
0 0.145313 0.548438 0.021875 0.018750
0 0.096875 0.556250 0.021875 0.018750
0 0.048438 0.564063 0.021875 0.018750
0 0.821875 0.307812 0.021875 0.018750
0 0.773438 0.325000 0.021875 0.018750
0 0.725000 0.340625 0.021875 0.018750
0 0.675000 0.356250 0.021875 0.018750
0 0.626563 0.373437 0.021875 0.018750
0 0.578125 0.356250 0.021875 0.018750
0 0.529687 0.340625 0.021875 0.018750
0 0.479687 0.325000 0.021875 0.018750
0 0.340625 0.332813 0.021875 0.018750
0 0.292187 0.340625 0.021875 0.018750
0 0.243750 0.348438 0.021875 0.018750
0 0.195312 0.356250 0.021875 0.018750
0 0.145313 0.364063 0.021875 0.018750
0 0.096875 0.373437 0.021875 0.018750
0 0.048438 0.381250 0.021875 0.018750
0 0.005469 0.389062 0.010937 0.018750
