10 0.914844 0.364063 0.098437 0.015625
10 0.693750 0.367969 0.140625 0.007812
10 0.552344 0.373437 0.051562 0.025000
10 0.430469 0.375781 0.098437 0.007812
10 0.214844 0.379688 0.142187 0.015625
10 0.071875 0.382812 0.050000 0.012500
10 0.933594 0.701562 0.098437 0.015625
10 0.807813 0.700000 0.050000 0.012500
10 0.663281 0.693750 0.135937 0.025000
10 0.450781 0.684375 0.098437 0.015625
10 0.328125 0.682813 0.050000 0.012500
10 0.183594 0.681250 0.135937 0.025000
10 0.939063 0.571875 0.050000 0.025000
10 0.814844 0.578906 0.104688 0.020313
10 0.576562 0.582812 0.100000 0.012500
10 0.454688 0.587500 0.050000 0.015625
10 0.353125 0.489063 0.100000 0.012500
10 0.116406 0.492969 0.098437 0.020313
10 0.010156 0.493750 0.020313 0.012500
10 0.835156 0.896875 0.104688 0.015625
10 0.687500 0.895312 0.087500 0.012500
10 0.548438 0.890625 0.100000 0.025000
10 0.353125 0.884375 0.100000 0.012500
10 0.207813 0.881250 0.087500 0.015625
10 0.067969 0.873437 0.098437 0.025000
14 0.825000 0.978906 0.103125 0.032813
14 0.678125 0.977344 0.087500 0.020313
14 0.538281 0.967969 0.098437 0.026562
14 0.342969 0.970313 0.098437 0.021875
14 0.198437 0.966406 0.087500 0.029687
14 0.058594 0.955469 0.098437 0.032813
14 0.924219 0.783594 0.098437 0.032813
14 0.798438 0.779687 0.050000 0.018750
14 0.653906 0.775000 0.135937 0.034375
14 0.441406 0.768750 0.098437 0.031250
14 0.318750 0.763281 0.050000 0.020313
14 0.174219 0.765625 0.135937 0.025000
14 0.948438 0.499219 0.050000 0.023438
14 0.825000 0.498437 0.103125 0.025000
14 0.586719 0.499219 0.098437 0.023438
14 0.465625 0.514844 0.050000 0.023438
14 0.342969 0.571094 0.098437 0.023438
14 0.107031 0.569531 0.098437 0.026562
14 0.924219 0.285156 0.098437 0.026562
14 0.703906 0.282813 0.139063 0.025000
14 0.562500 0.296094 0.050000 0.023438
14 0.441406 0.292187 0.098437 0.021875
14 0.225000 0.300781 0.140625 0.029687
14 0.082812 0.302344 0.050000 0.020313
9 0.673438 0.631250 0.003125 0.600000
9 0.193750 0.631250 0.003125 0.600000
2 0.995313 0.905469 0.009375 0.045312
9 0.982031 0.872656 0.001563 0.045312
12 0.921875 0.900000 0.015625 0.028125
9 0.885156 0.930469 0.001563 0.057813
2 0.853125 0.961719 0.015625 0.045312
9 0.832031 0.923438 0.001563 0.053125
9 0.783594 0.918750 0.001563 0.050000
3 0.750781 0.937500 0.014063 0.040625
9 0.730469 0.925000 0.001563 0.053125
4 0.700781 0.954688 0.010937 0.043750
9 0.644531 0.918750 0.001563 0.050000
9 0.596094 0.907813 0.001563 0.053125
4 0.566406 0.937500 0.010937 0.043750
9 0.547656 0.915625 0.001563 0.053125
9 0.499219 0.925000 0.001563 0.053125
2 0.465625 0.953906 0.015625 0.045312
12 0.437500 0.900000 0.015625 0.028125
9 0.402344 0.914844 0.001563 0.057813
4 0.372656 0.945312 0.010937 0.043750
9 0.352344 0.914062 0.001563 0.059375
9 0.303906 0.907813 0.001563 0.053125
2 0.271875 0.938281 0.015625 0.045312
9 0.250781 0.914844 0.001563 0.057813
2 0.217188 0.946094 0.015625 0.045312
9 0.164844 0.903125 0.001563 0.050000
9 0.116406 0.907813 0.001563 0.053125
2 0.082812 0.938281 0.015625 0.045312
9 0.067969 0.900000 0.001563 0.053125
9 0.019531 0.892188 0.001563 0.053125
9 0.982031 0.733594 0.001563 0.057813
2 0.950000 0.766406 0.015625 0.045312
9 0.933594 0.728125 0.001563 0.053125
9 0.885156 0.721875 0.001563 0.050000
4 0.855469 0.750000 0.010937 0.043750
9 0.832031 0.728125 0.001563 0.053125
4 0.802344 0.757812 0.010937 0.043750
9 0.783594 0.721875 0.001563 0.050000
2 0.750000 0.749219 0.015625 0.045312
9 0.730469 0.728125 0.001563 0.053125
2 0.698438 0.757031 0.015625 0.045312
9 0.644531 0.718750 0.001563 0.056250
9 0.596094 0.710938 0.001563 0.053125
12 0.534375 0.720313 0.015625 0.028125
9 0.499219 0.717969 0.001563 0.057813
2 0.465625 0.749219 0.015625 0.045312
9 0.450781 0.710938 0.001563 0.053125
9 0.402344 0.706250 0.001563 0.050000
3 0.369531 0.725000 0.014063 0.040625
9 0.352344 0.710938 0.001563 0.053125
4 0.322656 0.740625 0.010937 0.043750
9 0.303906 0.706250 0.001563 0.050000
9 0.250781 0.714063 0.001563 0.050000
2 0.217188 0.741406 0.015625 0.045312
9 0.164844 0.703906 0.001563 0.051562
9 0.116406 0.698438 0.001563 0.050000
3 0.083594 0.717187 0.014063 0.040625
12 0.054688 0.720313 0.015625 0.028125
9 0.019531 0.703125 0.001563 0.053125
9 0.963281 0.539062 0.001563 0.050000
3 0.950781 0.503125 0.014063 0.040625
9 0.914844 0.556250 0.001563 0.050000
9 0.866406 0.548438 0.001563 0.050000
9 0.811719 0.555469 0.001563 0.048438
2 0.798438 0.527344 0.015625 0.045312
9 0.763281 0.561719 0.001563 0.045312
2 0.750000 0.535156 0.015625 0.045312
12 0.717187 0.539062 0.015625 0.028125
9 0.624219 0.556250 0.001563 0.050000
2 0.610938 0.527344 0.015625 0.045312
9 0.575781 0.557031 0.001563 0.051562
9 0.527344 0.561719 0.001563 0.045312
9 0.478906 0.557031 0.001563 0.051562
9 0.430469 0.568750 0.001563 0.043750
9 0.402344 0.510156 0.001563 0.045312
4 0.372656 0.535937 0.010937 0.043750
9 0.352344 0.514844 0.001563 0.051562
2 0.320312 0.544531 0.015625 0.045312
9 0.303906 0.517188 0.001563 0.050000
12 0.237500 0.539062 0.015625 0.028125
9 0.164844 0.510156 0.001563 0.045312
3 0.132031 0.528125 0.014063 0.040625
9 0.116406 0.517188 0.001563 0.046875
9 0.067969 0.525000 0.001563 0.050000
2 0.034375 0.552344 0.015625 0.045312
9 0.019531 0.517188 0.001563 0.050000
9 0.963281 0.332031 0.001563 0.057813
9 0.914844 0.337500 0.001563 0.053125
9 0.866406 0.343750 0.001563 0.050000
12 0.818750 0.367188 0.015625 0.028125
9 0.763281 0.341406 0.001563 0.060937
4 0.753906 0.307812 0.010937 0.043750
9 0.710156 0.345313 0.001563 0.053125
2 0.698438 0.316406 0.015625 0.045312
9 0.624219 0.345313 0.001563 0.053125
9 0.575781 0.338281 0.001563 0.054688
3 0.563281 0.300000 0.014063 0.040625
9 0.527344 0.353906 0.001563 0.054688
9 0.478906 0.349219 0.001563 0.060937
4 0.469531 0.315625 0.010937 0.043750
9 0.430469 0.353125 0.001563 0.053125
2 0.417187 0.324219 0.015625 0.045312
9 0.382031 0.353125 0.001563 0.053125
12 0.340625 0.367188 0.015625 0.028125
9 0.285156 0.347656 0.001563 0.057813
3 0.272656 0.307812 0.014063 0.040625
9 0.230469 0.353125 0.001563 0.053125
9 0.144531 0.359375 0.001563 0.050000
2 0.131250 0.332031 0.015625 0.045312
9 0.096094 0.353125 0.001563 0.053125
4 0.085156 0.323437 0.010937 0.043750
9 0.047656 0.359375 0.001563 0.050000
0 0.973437 0.898438 0.021875 0.018750
0 0.876563 0.962500 0.021875 0.018750
0 0.821875 0.954688 0.021875 0.018750
0 0.773438 0.946875 0.021875 0.018750
0 0.720313 0.954688 0.021875 0.018750
0 0.634375 0.946875 0.021875 0.018750
0 0.585938 0.939063 0.021875 0.018750
0 0.537500 0.946875 0.021875 0.018750
0 0.489063 0.954688 0.021875 0.018750
0 0.392188 0.946875 0.021875 0.018750
0 0.343750 0.946875 0.021875 0.018750
0 0.295312 0.939063 0.021875 0.018750
0 0.240625 0.946875 0.021875 0.018750
0 0.154688 0.929688 0.021875 0.018750
0 0.106250 0.939063 0.021875 0.018750
0 0.057813 0.929688 0.021875 0.018750
0 0.010156 0.921875 0.020313 0.018750
0 0.973437 0.765625 0.021875 0.018750
0 0.925000 0.757812 0.021875 0.018750
0 0.876563 0.750000 0.021875 0.018750
0 0.821875 0.757812 0.021875 0.018750
0 0.773438 0.750000 0.021875 0.018750
0 0.720313 0.757812 0.021875 0.018750
0 0.634375 0.750000 0.021875 0.018750
0 0.585938 0.742188 0.021875 0.018750
0 0.489063 0.750000 0.021875 0.018750
0 0.440625 0.742188 0.021875 0.018750
0 0.392188 0.734375 0.021875 0.018750
0 0.343750 0.742188 0.021875 0.018750
0 0.295312 0.734375 0.021875 0.018750
0 0.240625 0.742188 0.021875 0.018750
0 0.154688 0.734375 0.021875 0.018750
0 0.106250 0.725000 0.021875 0.018750
0 0.010156 0.734375 0.020313 0.018750
0 0.973437 0.512500 0.021875 0.018750
0 0.925000 0.528125 0.021875 0.018750
0 0.876563 0.520312 0.021875 0.018750
0 0.821875 0.528125 0.021875 0.018750
0 0.773438 0.535937 0.021875 0.018750
0 0.634375 0.528125 0.021875 0.018750
0 0.585938 0.528125 0.021875 0.018750
0 0.537500 0.535937 0.021875 0.018750
0 0.489063 0.528125 0.021875 0.018750
0 0.440625 0.543750 0.021875 0.018750
0 0.392188 0.535937 0.021875 0.018750
0 0.343750 0.543750 0.021875 0.018750
0 0.295312 0.543750 0.021875 0.018750
0 0.154688 0.535937 0.021875 0.018750
0 0.106250 0.543750 0.021875 0.018750
0 0.057813 0.551562 0.021875 0.018750
0 0.010156 0.543750 0.020313 0.018750
0 0.973437 0.300000 0.021875 0.018750
0 0.925000 0.307812 0.021875 0.018750
0 0.876563 0.315625 0.021875 0.018750
0 0.773438 0.307812 0.021875 0.018750
0 0.720313 0.315625 0.021875 0.018750
0 0.634375 0.315625 0.021875 0.018750
0 0.585938 0.307812 0.021875 0.018750
0 0.537500 0.325000 0.021875 0.018750
0 0.489063 0.315625 0.021875 0.018750
0 0.440625 0.325000 0.021875 0.018750
0 0.392188 0.325000 0.021875 0.018750
0 0.295312 0.315625 0.021875 0.018750
0 0.240625 0.325000 0.021875 0.018750
0 0.154688 0.332813 0.021875 0.018750
0 0.106250 0.325000 0.021875 0.018750
0 0.057813 0.332813 0.021875 0.018750
0 0.010156 0.325000 0.020313 0.018750
