10 0.690625 0.190625 0.050000 0.015625
10 0.593750 0.180469 0.050000 0.020313
10 0.217188 0.266406 0.050000 0.020313
10 0.139063 0.180469 0.050000 0.020313
14 0.729688 0.272656 0.050000 0.010937
14 0.632812 0.257031 0.050000 0.010937
14 0.535937 0.205469 0.050000 0.010937
14 0.275000 0.189844 0.050000 0.010937
14 0.185938 0.205469 0.034375 0.010937
14 0.440625 0.171094 0.725000 0.057813
14 0.081250 0.257031 0.050000 0.010937
9 0.860938 0.128906 0.003125 0.257812
9 0.406250 0.128906 0.003125 0.257812
9 0.811719 0.211719 0.001563 0.051562
15 0.771094 0.225000 0.017188 0.053125
9 0.763281 0.226562 0.001563 0.053125
9 0.714844 0.224219 0.001563 0.057813
9 0.666406 0.212500 0.001563 0.050000
9 0.617969 0.212500 0.001563 0.050000
3 0.586719 0.231250 0.014063 0.040625
9 0.569531 0.197656 0.001563 0.045312
15 0.511719 0.254688 0.020313 0.053125
9 0.502344 0.252344 0.001563 0.051562
9 0.433594 0.236719 0.001563 0.051562
9 0.338281 0.220312 0.001563 0.053125
15 0.299219 0.237500 0.020313 0.053125
9 0.289844 0.236719 0.001563 0.051562
9 0.241406 0.235937 0.001563 0.050000
9 0.192969 0.249219 0.001563 0.045312
9 0.163281 0.197656 0.001563 0.045312
9 0.114844 0.212500 0.001563 0.050000
15 0.074219 0.209375 0.017188 0.053125
9 0.066406 0.210938 0.001563 0.053125
3 0.035156 0.231250 0.014063 0.040625
12 0.007031 0.226562 0.014063 0.028125
15 0.056250 0.299219 0.053125 0.026562
11 0.632812 0.050000 0.018750 0.009375
11 0.164062 0.050000 0.018750 0.009375
0 0.803125 0.240625 0.021875 0.018750
0 0.754687 0.256250 0.021875 0.018750
0 0.706250 0.256250 0.021875 0.018750
0 0.657813 0.240625 0.021875 0.018750
0 0.609375 0.240625 0.021875 0.018750
0 0.560937 0.223438 0.021875 0.018750
0 0.512500 0.223438 0.021875 0.018750
0 0.443750 0.207813 0.021875 0.018750
0 0.348438 0.192188 0.021875 0.018750
0 0.300000 0.207813 0.021875 0.018750
0 0.251563 0.207813 0.021875 0.018750
0 0.203125 0.223438 0.021875 0.018750
0 0.154688 0.223438 0.021875 0.018750
0 0.106250 0.240625 0.021875 0.018750
0 0.057813 0.240625 0.021875 0.018750
