10 0.920312 0.367969 0.056250 0.007812
10 0.810937 0.370312 0.056250 0.028125
10 0.673438 0.375000 0.112500 0.028125
14 0.957812 0.625781 0.081250 0.010937
14 0.957031 0.657031 0.079687 0.010937
14 0.848437 0.625781 0.081250 0.010937
14 0.847656 0.657031 0.079687 0.010937
14 0.718750 0.625000 0.121875 0.012500
14 0.717969 0.656250 0.120313 0.012500
14 0.217188 0.625781 0.050000 0.010937
14 0.216406 0.657031 0.048438 0.010937
14 0.123438 0.625781 0.081250 0.010937
14 0.122656 0.657031 0.079687 0.010937
14 0.026562 0.625781 0.053125 0.010937
14 0.025781 0.657031 0.051562 0.010937
14 0.814063 0.291406 0.371875 0.048438
9 0.347656 0.607031 0.014063 0.551562
9 0.031250 0.607031 0.003125 0.551562
11 0.881250 0.835938 0.018750 0.009375
11 0.185938 0.835938 0.018750 0.009375
15 0.571875 0.865625 0.025000 0.034375
15 0.571875 0.832031 0.025000 0.032813
15 0.504687 0.865625 0.025000 0.034375
15 0.505469 0.832031 0.026562 0.032813
15 0.437500 0.865625 0.025000 0.034375
15 0.438281 0.832031 0.026562 0.032813
15 0.371875 0.865625 0.025000 0.034375
15 0.371875 0.832031 0.025000 0.032813
9 0.892969 0.669531 0.001563 0.070312
9 0.783594 0.669531 0.001563 0.070312
9 0.617969 0.669531 0.001563 0.070312
9 0.246094 0.669531 0.001563 0.070312
9 0.167969 0.669531 0.001563 0.070312
9 0.058594 0.668750 0.001563 0.068750
15 0.571875 0.704688 0.025000 0.034375
15 0.571875 0.671094 0.025000 0.032813
15 0.504687 0.704688 0.025000 0.034375
15 0.505469 0.671094 0.026562 0.032813
15 0.437500 0.704688 0.025000 0.034375
15 0.438281 0.671094 0.026562 0.032813
15 0.371875 0.704688 0.025000 0.034375
15 0.371875 0.671094 0.025000 0.032813
15 0.628125 0.763281 0.053125 0.026562
11 0.881250 0.514062 0.018750 0.009375
11 0.185938 0.514062 0.018750 0.009375
15 0.571875 0.543750 0.025000 0.034375
15 0.571875 0.510156 0.025000 0.032813
15 0.504687 0.543750 0.025000 0.034375
15 0.505469 0.508594 0.026562 0.032813
15 0.437500 0.543750 0.025000 0.034375
15 0.438281 0.508594 0.026562 0.032813
15 0.371875 0.543750 0.025000 0.034375
15 0.371875 0.510156 0.025000 0.032813
3 0.991406 0.300000 0.014063 0.040625
9 0.949219 0.345313 0.001563 0.053125
4 0.938281 0.315625 0.010937 0.043750
9 0.892969 0.345313 0.001563 0.053125
3 0.880469 0.307812 0.014063 0.040625
9 0.838281 0.353906 0.001563 0.054688
4 0.828906 0.323437 0.010937 0.043750
9 0.783594 0.332031 0.001563 0.057813
9 0.728906 0.337500 0.001563 0.053125
9 0.672656 0.350000 0.001563 0.046875
3 0.660156 0.315625 0.014063 0.040625
9 0.617969 0.359375 0.001563 0.050000
11 0.185938 0.351562 0.018750 0.009375
15 0.571875 0.381250 0.025000 0.034375
15 0.571875 0.347656 0.025000 0.032813
15 0.504687 0.381250 0.025000 0.034375
15 0.505469 0.347656 0.026562 0.032813
15 0.437500 0.381250 0.025000 0.034375
15 0.438281 0.347656 0.026562 0.032813
15 0.371875 0.381250 0.025000 0.034375
15 0.371875 0.347656 0.025000 0.032813
15 0.628125 0.439844 0.053125 0.026562
0 0.903125 0.631250 0.021875 0.018750
0 0.903125 0.646875 0.021875 0.018750
0 0.793750 0.631250 0.021875 0.018750
0 0.793750 0.646875 0.021875 0.018750
0 0.628125 0.631250 0.021875 0.018750
0 0.628125 0.646875 0.021875 0.018750
0 0.256250 0.631250 0.021875 0.018750
0 0.256250 0.646875 0.021875 0.018750
0 0.178125 0.631250 0.021875 0.018750
0 0.178125 0.646875 0.021875 0.018750
1 0.068750 0.631250 0.021875 0.018750
1 0.068750 0.646875 0.021875 0.018750
0 0.959375 0.315625 0.021875 0.018750
0 0.903125 0.315625 0.021875 0.018750
0 0.848437 0.325000 0.021875 0.018750
0 0.793750 0.300000 0.021875 0.018750
0 0.739062 0.307812 0.021875 0.018750
0 0.682813 0.325000 0.021875 0.018750
0 0.628125 0.332813 0.021875 0.018750
