7 0.276562 0.527344 0.043750 0.114062
7 0.276562 0.366406 0.043750 0.114062
10 0.777344 0.487500 0.226562 0.043750
10 0.472656 0.479687 0.226562 0.043750
14 0.385156 0.598437 0.089063 0.021875
14 0.767188 0.560156 0.225000 0.051562
14 0.443750 0.572656 0.265625 0.085938
9 0.245312 0.445312 0.003125 0.228125
9 0.912500 0.445312 0.003125 0.228125
9 0.609375 0.445312 0.003125 0.228125
3 0.982031 0.534375 0.014063 0.040625
9 0.967969 0.516406 0.001563 0.060937
3 0.936719 0.542188 0.014063 0.040625
9 0.888281 0.491406 0.001563 0.045312
9 0.846094 0.497656 0.001563 0.048438
3 0.813281 0.517188 0.014063 0.040625
9 0.799219 0.503906 0.001563 0.051562
3 0.767969 0.525000 0.014063 0.040625
9 0.753906 0.511719 0.001563 0.054688
3 0.721094 0.534375 0.014063 0.040625
9 0.707031 0.517969 0.001563 0.057813
9 0.664844 0.524219 0.001563 0.060937
3 0.632031 0.550000 0.014063 0.040625
9 0.585156 0.483594 0.001563 0.045312
9 0.541406 0.493750 0.001563 0.056250
3 0.510156 0.517188 0.014063 0.040625
9 0.496094 0.504687 0.001563 0.068750
3 0.463281 0.534375 0.014063 0.040625
9 0.449219 0.514844 0.001563 0.079687
3 0.417969 0.550000 0.014063 0.040625
9 0.403906 0.526563 0.001563 0.090625
9 0.360156 0.532813 0.001563 0.093750
4 0.330469 0.581250 0.010937 0.043750
0 0.959375 0.550000 0.021875 0.018750
0 0.879687 0.518750 0.021875 0.018750
0 0.835938 0.526563 0.021875 0.018750
0 0.790625 0.534375 0.021875 0.018750
0 0.743750 0.542188 0.021875 0.018750
0 0.698438 0.550000 0.021875 0.018750
0 0.654687 0.557813 0.021875 0.018750
0 0.575000 0.509375 0.021875 0.018750
0 0.532813 0.526563 0.021875 0.018750
0 0.485938 0.542188 0.021875 0.018750
0 0.440625 0.557813 0.021875 0.018750
0 0.393750 0.575000 0.021875 0.018750
0 0.351562 0.582812 0.021875 0.018750
