13 0.311719 0.070312 0.045312 0.065625
13 0.311719 0.238281 0.045312 0.057813
14 0.493750 0.007812 0.165625 0.015625
14 0.492969 0.038281 0.164062 0.014063
14 0.357812 0.010156 0.021875 0.010937
14 0.357031 0.041406 0.020313 0.010937
9 0.279687 0.138281 0.003125 0.276562
11 0.707812 0.231250 0.018750 0.009375
12 0.935937 0.073438 0.015625 0.028125
12 0.867188 0.073438 0.015625 0.028125
12 0.728906 0.071094 0.017188 0.048438
9 0.580469 0.052344 0.001563 0.070312
9 0.372656 0.052344 0.001563 0.070312
0 0.590625 0.015625 0.021875 0.018750
0 0.590625 0.031250 0.021875 0.018750
0 0.382812 0.015625 0.021875 0.018750
0 0.382812 0.031250 0.021875 0.018750
