13 0.311719 0.687500 0.045312 0.065625
7 0.310937 0.527344 0.043750 0.114062
13 0.311719 0.844531 0.045312 0.057813
7 0.310937 0.366406 0.043750 0.114062
10 0.828125 0.362500 0.131250 0.012500
10 0.516406 0.382031 0.139063 0.035937
10 0.364844 0.382812 0.035937 0.012500
10 0.881250 0.925781 0.237500 0.007812
10 0.618750 0.913281 0.162500 0.032813
10 0.397656 0.910156 0.101562 0.039062
14 0.839063 0.828906 0.131250 0.064062
14 0.628906 0.828125 0.160938 0.065625
14 0.402344 0.831250 0.110937 0.059375
14 0.682031 0.678125 0.026562 0.009375
14 0.675781 0.744531 0.039062 0.010937
14 0.675000 0.467969 0.040625 0.010937
14 0.674219 0.542969 0.039062 0.010937
14 0.839063 0.260937 0.131250 0.028125
14 0.675000 0.307031 0.040625 0.010937
14 0.674219 0.349219 0.039062 0.010937
14 0.525781 0.311719 0.139063 0.032813
14 0.370312 0.308594 0.046875 0.020313
9 0.279687 0.607031 0.003125 0.551562
9 0.958594 0.873437 0.001563 0.109375
9 0.894531 0.907031 0.001563 0.045312
9 0.828906 0.890625 0.001563 0.078125
9 0.763281 0.873437 0.001563 0.109375
9 0.699219 0.905469 0.001563 0.042188
9 0.630469 0.883594 0.001563 0.064062
9 0.538281 0.859375 0.001563 0.081250
9 0.447656 0.905469 0.001563 0.042188
2 0.434375 0.880469 0.015625 0.045312
9 0.382031 0.878906 0.001563 0.054688
2 0.368750 0.849219 0.015625 0.045312
9 0.913281 0.685156 0.001563 0.095312
9 0.783594 0.685156 0.001563 0.095312
4 0.753906 0.687500 0.010937 0.043750
15 0.725781 0.656250 0.017188 0.053125
9 0.717969 0.682031 0.001563 0.101562
15 0.658594 0.656250 0.017188 0.053125
9 0.650781 0.682031 0.001563 0.101562
2 0.617188 0.686719 0.015625 0.045312
9 0.466406 0.685156 0.001563 0.095312
2 0.434375 0.735156 0.015625 0.045312
12 0.389062 0.690625 0.015625 0.028125
9 0.894531 0.547656 0.001563 0.070312
9 0.763281 0.547656 0.001563 0.070312
4 0.753906 0.532813 0.010937 0.043750
15 0.708594 0.564063 0.020313 0.053125
9 0.699219 0.533594 0.001563 0.107813
15 0.639844 0.564063 0.020313 0.053125
9 0.630469 0.533594 0.001563 0.107813
4 0.621094 0.476562 0.010937 0.043750
2 0.617188 0.533594 0.015625 0.045312
9 0.447656 0.547656 0.001563 0.070312
12 0.389062 0.528125 0.015625 0.028125
9 0.958594 0.315625 0.001563 0.090625
9 0.894531 0.318750 0.001563 0.081250
9 0.828906 0.323437 0.001563 0.075000
9 0.763281 0.330469 0.001563 0.070312
15 0.708594 0.370312 0.020313 0.053125
9 0.699219 0.356250 0.001563 0.075000
15 0.640625 0.283594 0.015625 0.017188
15 0.640625 0.296875 0.021875 0.003125
15 0.639844 0.370312 0.020313 0.053125
9 0.630469 0.356250 0.001563 0.075000
9 0.585156 0.374219 0.001563 0.045312
9 0.538281 0.367969 0.001563 0.048438
9 0.492969 0.360156 0.001563 0.051562
9 0.447656 0.353125 0.001563 0.053125
9 0.382031 0.357031 0.001563 0.045312
4 0.371094 0.331250 0.010937 0.043750
0 0.968750 0.817187 0.021875 0.018750
0 0.904687 0.881250 0.021875 0.018750
0 0.839063 0.848437 0.021875 0.018750
0 0.773438 0.817187 0.021875 0.018750
0 0.709375 0.881250 0.021875 0.018750
0 0.640625 0.848437 0.021875 0.018750
0 0.548438 0.817187 0.021875 0.018750
0 0.457813 0.881250 0.021875 0.018750
0 0.392188 0.848437 0.021875 0.018750
0 0.904687 0.687500 0.021875 0.018750
0 0.904687 0.735938 0.021875 0.018750
0 0.773438 0.687500 0.021875 0.018750
0 0.773438 0.735938 0.021875 0.018750
0 0.709375 0.687500 0.021875 0.018750
0 0.709375 0.735938 0.021875 0.018750
0 0.640625 0.687500 0.021875 0.018750
0 0.640625 0.735938 0.021875 0.018750
0 0.457813 0.687500 0.021875 0.018750
0 0.457813 0.735938 0.021875 0.018750
0 0.904687 0.509375 0.021875 0.018750
0 0.904687 0.534375 0.021875 0.018750
0 0.773438 0.509375 0.021875 0.018750
0 0.773438 0.534375 0.021875 0.018750
0 0.709375 0.478125 0.021875 0.018750
0 0.709375 0.534375 0.021875 0.018750
0 0.640625 0.478125 0.021875 0.018750
0 0.640625 0.534375 0.021875 0.018750
0 0.457813 0.509375 0.021875 0.018750
0 0.457813 0.534375 0.021875 0.018750
0 0.968750 0.267188 0.021875 0.018750
0 0.904687 0.276562 0.021875 0.018750
0 0.839063 0.284375 0.021875 0.018750
0 0.773438 0.292187 0.021875 0.018750
0 0.709375 0.315625 0.021875 0.018750
0 0.709375 0.340625 0.021875 0.018750
0 0.640625 0.315625 0.021875 0.018750
0 0.640625 0.340625 0.021875 0.018750
0 0.595313 0.348438 0.021875 0.018750
0 0.548438 0.340625 0.021875 0.018750
0 0.503125 0.332813 0.021875 0.018750
0 0.457813 0.325000 0.021875 0.018750
0 0.392188 0.332813 0.021875 0.018750
