7 0.276562 0.533594 0.043750 0.114062
7 0.276562 0.366406 0.043750 0.114062
14 0.896875 0.604688 0.206250 0.025000
9 0.245312 0.448437 0.003125 0.234375
9 0.875000 0.448437 0.003125 0.234375
9 0.726562 0.448437 0.003125 0.234375
9 0.617188 0.448437 0.003125 0.234375
9 0.476562 0.448437 0.003125 0.234375
12 0.975000 0.534375 0.015625 0.028125
9 0.921094 0.519531 0.001563 0.051562
12 0.834375 0.534375 0.015625 0.028125
9 0.780469 0.557813 0.001563 0.053125
3 0.749219 0.579688 0.014063 0.040625
11 0.670312 0.520312 0.018750 0.009375
12 0.576562 0.534375 0.015625 0.028125
9 0.522656 0.536719 0.001563 0.098437
12 0.435937 0.534375 0.015625 0.028125
12 0.389062 0.534375 0.015625 0.028125
15 0.363281 0.509375 0.017188 0.053125
9 0.355469 0.531250 0.001563 0.093750
15 0.769531 0.625781 0.029687 0.026562
0 0.912500 0.548438 0.021875 0.018750
0 0.771875 0.589063 0.021875 0.018750
0 0.514062 0.540625 0.021875 0.018750
0 0.514062 0.556250 0.021875 0.018750
0 0.514062 0.589063 0.021875 0.018750
0 0.345313 0.540625 0.021875 0.018750
0 0.345313 0.556250 0.021875 0.018750
0 0.345313 0.581250 0.021875 0.018750
