15 0.334375 0.724219 0.028125 0.032813
15 0.334375 0.692969 0.028125 0.032813
13 0.282031 0.703906 0.045312 0.057813
15 0.334375 0.542969 0.028125 0.032813
15 0.334375 0.510156 0.028125 0.032813
7 0.281250 0.527344 0.043750 0.114062
15 0.334375 0.380469 0.028125 0.032813
15 0.334375 0.347656 0.028125 0.032813
7 0.281250 0.366406 0.043750 0.114062
10 0.785937 0.240625 0.050000 0.012500
10 0.767188 0.807813 0.050000 0.012500
14 0.783594 0.804688 0.432812 0.046875
14 0.368750 0.784375 0.018750 0.015625
14 0.793750 0.246875 0.412500 0.050000
14 0.387500 0.259375 0.056250 0.015625
9 0.248438 0.536719 0.003125 0.410938
9 0.984375 0.536719 0.003125 0.410938
9 0.628125 0.536719 0.003125 0.410938
15 0.334375 0.380469 0.028125 0.032813
15 0.334375 0.347656 0.028125 0.032813
15 0.334375 0.542969 0.028125 0.032813
15 0.334375 0.510156 0.028125 0.032813
15 0.334375 0.724219 0.028125 0.032813
15 0.334375 0.692969 0.028125 0.032813
9 0.916406 0.780469 0.001563 0.042188
9 0.838281 0.780469 0.001563 0.042188
9 0.857031 0.659375 0.001563 0.040625
9 0.789844 0.788281 0.001563 0.042188
9 0.742969 0.782031 0.001563 0.045312
4 0.732031 0.756250 0.010937 0.043750
9 0.664844 0.788281 0.001563 0.042188
9 0.683594 0.659375 0.001563 0.040625
9 0.560156 0.797656 0.001563 0.042188
2 0.546875 0.772656 0.015625 0.045312
9 0.502344 0.632031 0.001563 0.098437
4 0.472656 0.628125 0.010937 0.043750
4 0.472656 0.684375 0.010937 0.043750
12 0.392969 0.660156 0.017188 0.048438
9 0.385156 0.779687 0.001563 0.040625
3 0.372656 0.748437 0.014063 0.040625
11 0.804688 0.514062 0.018750 0.009375
9 0.502344 0.517969 0.001563 0.073438
2 0.431250 0.549219 0.015625 0.045312
2 0.450000 0.558594 0.015625 0.045312
2 0.468750 0.541406 0.015625 0.045312
12 0.392969 0.525781 0.017188 0.048438
9 0.935156 0.288281 0.001563 0.098437
9 0.867969 0.288281 0.001563 0.098437
9 0.838281 0.353125 0.001563 0.053125
9 0.810156 0.294531 0.001563 0.101562
9 0.761719 0.288281 0.001563 0.098437
4 0.732031 0.282813 0.010937 0.043750
4 0.732031 0.339062 0.010937 0.043750
9 0.694531 0.296094 0.001563 0.098437
9 0.664844 0.353125 0.001563 0.053125
4 0.653906 0.323437 0.010937 0.043750
9 0.578906 0.303906 0.001563 0.098437
2 0.546875 0.299219 0.015625 0.045312
2 0.546875 0.355469 0.015625 0.045312
9 0.424219 0.288281 0.001563 0.098437
3 0.391406 0.275000 0.014063 0.040625
3 0.372656 0.331250 0.014063 0.040625
0 0.926562 0.757812 0.021875 0.018750
0 0.848437 0.757812 0.021875 0.018750
1 0.848437 0.684375 0.021875 0.018750
0 0.800000 0.765625 0.021875 0.018750
0 0.753125 0.757812 0.021875 0.018750
0 0.675000 0.765625 0.021875 0.018750
1 0.675000 0.684375 0.021875 0.018750
0 0.570312 0.773438 0.021875 0.018750
1 0.492188 0.628125 0.021875 0.018750
1 0.492188 0.684375 0.021875 0.018750
1 0.395313 0.757812 0.021875 0.018750
1 0.512500 0.534375 0.021875 0.018750
1 0.512500 0.550000 0.021875 0.018750
1 0.492188 0.542188 0.021875 0.018750
1 0.492188 0.557813 0.021875 0.018750
0 0.926562 0.284375 0.021875 0.018750
0 0.926562 0.340625 0.021875 0.018750
0 0.859375 0.284375 0.021875 0.018750
0 0.859375 0.340625 0.021875 0.018750
1 0.848437 0.325000 0.021875 0.018750
0 0.800000 0.292187 0.021875 0.018750
0 0.800000 0.348438 0.021875 0.018750
0 0.753125 0.284375 0.021875 0.018750
0 0.753125 0.340625 0.021875 0.018750
0 0.685937 0.292187 0.021875 0.018750
0 0.685937 0.348438 0.021875 0.018750
1 0.675000 0.325000 0.021875 0.018750
0 0.570312 0.300000 0.021875 0.018750
0 0.570312 0.356250 0.021875 0.018750
1 0.414062 0.284375 0.021875 0.018750
1 0.414062 0.340625 0.021875 0.018750
1 0.399219 0.324219 0.029687 0.017188
