7 0.281250 0.063281 0.043750 0.114062
10 0.761719 0.030469 0.051562 0.026562
10 0.583594 0.042969 0.064062 0.026562
10 0.388281 0.042969 0.067187 0.026562
14 0.817187 0.084375 0.050000 0.006250
14 0.807813 0.080469 0.068750 0.007812
14 0.792969 0.103125 0.126562 0.009375
14 0.637500 0.096875 0.034375 0.006250
14 0.612500 0.084375 0.050000 0.006250
14 0.608594 0.110937 0.123438 0.009375
14 0.442188 0.096875 0.034375 0.006250
14 0.418750 0.084375 0.050000 0.006250
14 0.411719 0.110937 0.126562 0.009375
9 0.786719 0.046875 0.001563 0.059375
9 0.767969 0.042188 0.001563 0.050000
3 0.746875 0.064844 0.009375 0.023438
9 0.736719 0.050781 0.001563 0.067187
4 0.717187 0.086719 0.006250 0.026562
9 0.866406 0.048438 0.001563 0.071875
6 0.828906 0.053906 0.026562 0.039062
9 0.614844 0.057031 0.001563 0.054688
2 0.593750 0.086719 0.009375 0.026562
9 0.582031 0.053125 0.001563 0.046875
4 0.562500 0.078906 0.006250 0.026562
9 0.552344 0.060937 0.001563 0.062500
2 0.531250 0.094531 0.009375 0.026562
9 0.678906 0.053906 0.001563 0.073438
4 0.649219 0.070312 0.010937 0.043750
9 0.419531 0.057031 0.001563 0.054688
2 0.398438 0.086719 0.009375 0.026562
9 0.388281 0.053125 0.001563 0.046875
2 0.365625 0.077344 0.009375 0.026562
9 0.355469 0.060937 0.001563 0.062500
2 0.332813 0.094531 0.009375 0.026562
9 0.483594 0.053906 0.001563 0.073438
4 0.453906 0.070312 0.010937 0.043750
0 0.779687 0.078906 0.012500 0.010937
0 0.762500 0.071094 0.012500 0.010937
0 0.729688 0.086719 0.012500 0.010937
1 0.876563 0.062500 0.021875 0.018750
1 0.876563 0.078125 0.021875 0.018750
1 0.856250 0.070312 0.021875 0.018750
1 0.856250 0.087500 0.021875 0.018750
0 0.607812 0.086719 0.012500 0.010937
0 0.575000 0.078906 0.012500 0.010937
0 0.546875 0.094531 0.012500 0.010937
1 0.689063 0.070312 0.021875 0.018750
1 0.689063 0.087500 0.021875 0.018750
1 0.668750 0.078125 0.021875 0.018750
1 0.668750 0.095312 0.021875 0.018750
0 0.414062 0.086719 0.012500 0.010937
0 0.381250 0.078906 0.012500 0.010937
0 0.348438 0.094531 0.012500 0.010937
1 0.493750 0.070312 0.021875 0.018750
1 0.493750 0.087500 0.021875 0.018750
1 0.475000 0.078125 0.021875 0.018750
1 0.475000 0.095312 0.021875 0.018750
