15 0.334375 0.542969 0.028125 0.032813
15 0.334375 0.510156 0.028125 0.032813
13 0.282031 0.521094 0.045312 0.057813
15 0.334375 0.380469 0.028125 0.032813
15 0.334375 0.347656 0.028125 0.032813
13 0.282031 0.360156 0.045312 0.057813
10 0.948438 0.397656 0.103125 0.054688
10 0.742188 0.576562 0.312500 0.043750
14 0.871094 0.550000 0.042188 0.009375
14 0.377344 0.459375 0.035937 0.021875
14 0.377344 0.317969 0.035937 0.020313
9 0.248438 0.445312 0.003125 0.228125
15 0.334375 0.380469 0.028125 0.032813
15 0.334375 0.347656 0.028125 0.032813
15 0.334375 0.542969 0.028125 0.032813
15 0.334375 0.510156 0.028125 0.032813
9 0.897656 0.566406 0.001563 0.057813
9 0.841406 0.564844 0.001563 0.054688
3 0.828906 0.525000 0.014063 0.040625
9 0.794531 0.553906 0.001563 0.051562
4 0.785156 0.525000 0.010937 0.043750
9 0.750781 0.557813 0.001563 0.059375
4 0.741406 0.525000 0.010937 0.043750
9 0.702344 0.553125 0.001563 0.065625
4 0.692969 0.517188 0.010937 0.043750
9 0.664844 0.488281 0.001563 0.051562
4 0.635156 0.517188 0.010937 0.043750
9 0.586719 0.550781 0.001563 0.060937
15 0.614844 0.487500 0.017188 0.053125
9 0.607031 0.489063 0.001563 0.053125
2 0.573438 0.517969 0.015625 0.045312
11 0.393750 0.570312 0.018750 0.009375
9 0.403906 0.492969 0.001563 0.089063
2 0.371875 0.492969 0.015625 0.045312
4 0.374219 0.542188 0.010937 0.043750
7 0.542188 0.534375 0.028125 0.075000
9 0.978906 0.310156 0.001563 0.051562
3 0.947656 0.331250 0.014063 0.040625
9 0.897656 0.386719 0.001563 0.070312
15 0.925781 0.317188 0.017188 0.053125
9 0.917969 0.318750 0.001563 0.053125
4 0.888281 0.348438 0.010937 0.043750
12 0.593750 0.367188 0.015625 0.028125
11 0.393750 0.425000 0.018750 0.009375
9 0.403906 0.347656 0.001563 0.092188
2 0.371875 0.347656 0.015625 0.045312
4 0.374219 0.396875 0.010937 0.043750
7 0.564063 0.371875 0.028125 0.075000
0 0.907813 0.534375 0.021875 0.018750
0 0.851562 0.534375 0.021875 0.018750
0 0.804688 0.526563 0.021875 0.018750
0 0.760938 0.526563 0.021875 0.018750
0 0.712500 0.518750 0.021875 0.018750
0 0.654687 0.518750 0.021875 0.018750
0 0.596875 0.518750 0.021875 0.018750
0 0.596875 0.518750 0.021875 0.018750
1 0.395313 0.493750 0.021875 0.018750
1 0.395313 0.542188 0.021875 0.018750
0 0.970313 0.340625 0.021875 0.018750
0 0.907813 0.348438 0.021875 0.018750
0 0.907813 0.348438 0.021875 0.018750
1 0.395313 0.348438 0.021875 0.018750
1 0.395313 0.396875 0.021875 0.018750
