15 0.332031 0.078906 0.026562 0.032813
15 0.331250 0.046094 0.025000 0.032813
7 0.281250 0.063281 0.043750 0.114062
10 0.841406 0.042969 0.064062 0.026562
10 0.417969 0.042969 0.067187 0.026562
14 0.895312 0.096875 0.034375 0.006250
14 0.870313 0.084375 0.050000 0.006250
14 0.864844 0.110937 0.123438 0.009375
14 0.464844 0.096875 0.017188 0.006250
14 0.448437 0.084375 0.050000 0.006250
14 0.434375 0.110937 0.109375 0.009375
15 0.332031 0.078906 0.026562 0.032813
15 0.331250 0.046094 0.025000 0.032813
9 0.872656 0.057031 0.001563 0.054688
2 0.850000 0.086719 0.009375 0.026562
9 0.839844 0.053125 0.001563 0.046875
4 0.820312 0.078906 0.006250 0.026562
9 0.810156 0.060937 0.001563 0.062500
2 0.789062 0.094531 0.009375 0.026562
9 0.936719 0.053906 0.001563 0.073438
4 0.907031 0.070312 0.010937 0.043750
9 0.450781 0.057031 0.001563 0.054688
2 0.429688 0.086719 0.009375 0.026562
9 0.417969 0.053125 0.001563 0.046875
2 0.396875 0.077344 0.009375 0.026562
9 0.385156 0.060937 0.001563 0.062500
2 0.364063 0.094531 0.009375 0.026562
9 0.497656 0.053906 0.001563 0.073438
0 0.865625 0.086719 0.012500 0.010937
0 0.832812 0.078906 0.012500 0.010937
0 0.803125 0.094531 0.012500 0.010937
1 0.946875 0.070312 0.021875 0.018750
1 0.946875 0.087500 0.021875 0.018750
1 0.926562 0.078125 0.021875 0.018750
1 0.926562 0.095312 0.021875 0.018750
0 0.443750 0.086719 0.012500 0.010937
0 0.412500 0.078906 0.012500 0.010937
0 0.379688 0.094531 0.012500 0.010937
1 0.507812 0.070312 0.021875 0.018750
1 0.507812 0.087500 0.021875 0.018750
1 0.489063 0.078125 0.021875 0.018750
1 0.489063 0.095312 0.021875 0.018750
