7 0.276562 0.527344 0.043750 0.114062
7 0.276562 0.366406 0.043750 0.114062
10 0.914062 0.567969 0.171875 0.020313
10 0.691406 0.487500 0.173437 0.028125
10 0.430469 0.567969 0.173437 0.020313
14 0.613281 0.556250 0.035937 0.021875
14 0.372656 0.492969 0.035937 0.026562
9 0.245312 0.445312 0.003125 0.228125
9 0.793750 0.445312 0.003125 0.228125
9 0.551562 0.445312 0.003125 0.228125
9 0.974219 0.549219 0.001563 0.057813
9 0.939844 0.553125 0.001563 0.050000
4 0.930469 0.525000 0.010937 0.043750
9 0.897656 0.549219 0.001563 0.057813
9 0.863281 0.545312 0.001563 0.065625
9 0.828906 0.541406 0.001563 0.073438
3 0.816406 0.493750 0.014063 0.040625
9 0.777344 0.512500 0.001563 0.053125
9 0.742969 0.511719 0.001563 0.054688
9 0.708594 0.510938 0.001563 0.056250
9 0.674219 0.510156 0.001563 0.057813
9 0.639844 0.509375 0.001563 0.059375
15 0.596875 0.578125 0.021875 0.015625
9 0.605469 0.499219 0.001563 0.045312
3 0.574219 0.517188 0.014063 0.040625
9 0.516406 0.553125 0.001563 0.050000
9 0.482031 0.553125 0.001563 0.050000
9 0.447656 0.553125 0.001563 0.050000
9 0.413281 0.553125 0.001563 0.050000
9 0.378906 0.553125 0.001563 0.050000
15 0.354687 0.467187 0.021875 0.015625
9 0.344531 0.541406 0.001563 0.073438
3 0.332031 0.493750 0.014063 0.040625
0 0.984375 0.518750 0.021875 0.018750
0 0.950000 0.526563 0.021875 0.018750
0 0.907813 0.518750 0.021875 0.018750
0 0.873437 0.509375 0.021875 0.018750
0 0.839063 0.501563 0.021875 0.018750
0 0.768750 0.542188 0.021875 0.018750
0 0.734375 0.542188 0.021875 0.018750
0 0.700000 0.542188 0.021875 0.018750
0 0.665625 0.542188 0.021875 0.018750
0 0.631250 0.542188 0.021875 0.018750
0 0.596875 0.526563 0.021875 0.018750
0 0.526563 0.526563 0.021875 0.018750
0 0.492188 0.526563 0.021875 0.018750
0 0.457813 0.526563 0.021875 0.018750
0 0.423438 0.526563 0.021875 0.018750
0 0.389062 0.526563 0.021875 0.018750
0 0.354687 0.501563 0.021875 0.018750
