10 0.628906 0.528125 0.051562 0.012500
10 0.460938 0.534375 0.062500 0.025000
10 0.338281 0.499219 0.114062 0.020313
10 0.217188 0.481250 0.062500 0.025000
10 0.068750 0.552344 0.062500 0.020313
10 0.786719 0.632812 0.051562 0.012500
14 0.786719 0.650000 0.051562 0.015625
14 0.619531 0.609375 0.051562 0.018750
14 0.312500 0.560156 0.078125 0.010937
9 0.860938 0.453125 0.003125 0.243750
9 0.684375 0.453125 0.003125 0.243750
9 0.507812 0.453125 0.003125 0.243750
9 0.314063 0.453125 0.003125 0.243750
9 0.135937 0.453125 0.003125 0.243750
9 0.811719 0.608594 0.001563 0.045312
9 0.761719 0.614844 0.001563 0.042188
9 0.780469 0.528906 0.001563 0.051562
15 0.721094 0.645312 0.020313 0.053125
9 0.711719 0.642969 0.001563 0.051562
15 0.738281 0.543750 0.017188 0.053125
9 0.730469 0.545312 0.001563 0.053125
9 0.653906 0.553125 0.001563 0.053125
9 0.603906 0.558594 0.001563 0.057813
15 0.561719 0.567187 0.017188 0.053125
9 0.553906 0.576562 0.001563 0.068750
9 0.491406 0.554688 0.001563 0.050000
9 0.430469 0.547656 0.001563 0.045312
9 0.394531 0.521875 0.001563 0.065625
9 0.360156 0.514062 0.001563 0.050000
9 0.282031 0.514062 0.001563 0.050000
9 0.247656 0.499219 0.001563 0.045312
9 0.166406 0.589844 0.001563 0.073438
9 0.186719 0.494531 0.001563 0.042188
4 0.157031 0.550000 0.010937 0.043750
9 0.099219 0.537500 0.001563 0.050000
4 0.089844 0.509375 0.010937 0.043750
9 0.038281 0.537500 0.001563 0.050000
2 0.025000 0.510156 0.015625 0.045312
0 0.821875 0.582812 0.021875 0.018750
0 0.771875 0.590625 0.021875 0.018750
0 0.771875 0.557813 0.021875 0.018750
0 0.721875 0.615625 0.021875 0.018750
0 0.721875 0.575000 0.021875 0.018750
0 0.643750 0.582812 0.021875 0.018750
0 0.593750 0.590625 0.021875 0.018750
0 0.545312 0.615625 0.021875 0.018750
0 0.482812 0.582812 0.021875 0.018750
0 0.420312 0.575000 0.021875 0.018750
0 0.385937 0.557813 0.021875 0.018750
0 0.350000 0.542188 0.021875 0.018750
0 0.273438 0.542188 0.021875 0.018750
0 0.237500 0.526563 0.021875 0.018750
0 0.176563 0.582812 0.021875 0.018750
0 0.176563 0.550000 0.021875 0.018750
0 0.176563 0.518750 0.021875 0.018750
0 0.109375 0.509375 0.021875 0.018750
0 0.048438 0.509375 0.021875 0.018750
