7 0.281250 0.555469 0.043750 0.114062
7 0.281250 0.366406 0.043750 0.114062
10 0.561719 0.459375 0.254688 0.053125
14 0.902344 0.319531 0.195312 0.048438
14 0.859375 0.346875 0.109375 0.012500
14 0.332031 0.257031 0.035937 0.010937
9 0.248438 0.459375 0.003125 0.256250
9 0.871875 0.459375 0.003125 0.256250
9 0.922656 0.546875 0.001563 0.053125
4 0.892969 0.576562 0.010937 0.043750
9 0.586719 0.482031 0.001563 0.073438
4 0.557031 0.520312 0.010937 0.043750
9 0.542969 0.487500 0.001563 0.078125
9 0.513281 0.491406 0.001563 0.082812
2 0.481250 0.536719 0.015625 0.045312
9 0.464844 0.494531 0.001563 0.079687
9 0.435156 0.499219 0.001563 0.085938
4 0.405469 0.545312 0.010937 0.043750
9 0.999219 0.359375 0.001563 0.053125
2 0.967187 0.388281 0.015625 0.045312
12 0.911719 0.413281 0.017188 0.048438
9 0.922656 0.337500 0.001563 0.046875
9 0.794531 0.390625 0.001563 0.046875
9 0.719531 0.337500 0.001563 0.053125
9 0.686719 0.393750 0.001563 0.134375
2 0.673438 0.324219 0.015625 0.045312
9 0.639844 0.395313 0.001563 0.137500
4 0.628906 0.323437 0.010937 0.043750
9 0.597656 0.400781 0.001563 0.132812
2 0.584375 0.332031 0.015625 0.045312
9 0.339844 0.321094 0.001563 0.085938
15 0.425000 0.458594 0.053125 0.026562
1 0.914062 0.578125 0.021875 0.018750
0 0.576562 0.521875 0.021875 0.018750
0 0.534375 0.529687 0.021875 0.018750
0 0.503125 0.537500 0.021875 0.018750
0 0.456250 0.537500 0.021875 0.018750
0 0.425000 0.545312 0.021875 0.018750
1 0.989062 0.389062 0.021875 0.018750
0 0.914062 0.364063 0.021875 0.018750
0 0.804688 0.364063 0.021875 0.018750
0 0.729688 0.307812 0.021875 0.018750
0 0.696875 0.325000 0.021875 0.018750
0 0.650000 0.325000 0.021875 0.018750
0 0.607812 0.332813 0.021875 0.018750
0 0.350000 0.276562 0.021875 0.018750
