13 0.311719 0.746875 0.045312 0.065625
7 0.310937 0.546094 0.043750 0.114062
13 0.311719 0.903906 0.045312 0.057813
7 0.310937 0.366406 0.043750 0.114062
10 0.722656 0.337500 0.104688 0.028125
10 0.573438 0.407031 0.053125 0.020313
10 0.951562 0.881250 0.096875 0.028125
14 0.598437 0.981250 0.309375 0.025000
14 0.537500 0.818750 0.331250 0.025000
14 0.610156 0.812500 0.101562 0.012500
14 0.471094 0.814063 0.173437 0.015625
14 0.364063 0.811719 0.034375 0.010937
14 0.640625 0.315625 0.268750 0.028125
9 0.279687 0.636719 0.003125 0.610938
9 0.806250 0.636719 0.003125 0.610938
5 0.975000 0.948438 0.015625 0.015625
9 0.955469 0.904687 0.001563 0.046875
2 0.923438 0.932031 0.015625 0.045312
9 0.903906 0.892969 0.001563 0.042188
2 0.871875 0.916406 0.015625 0.045312
12 0.840625 0.910937 0.015625 0.028125
12 0.760938 0.910937 0.015625 0.028125
9 0.650781 0.934375 0.001563 0.046875
12 0.555469 0.908594 0.017188 0.048438
9 0.444531 0.934375 0.001563 0.046875
2 0.431250 0.908594 0.015625 0.045312
12 0.380469 0.908594 0.017188 0.048438
15 0.892969 0.995313 0.054688 0.009375
12 0.944531 0.746094 0.017188 0.048438
12 0.841406 0.746094 0.017188 0.048438
9 0.671094 0.765625 0.001563 0.053125
9 0.567969 0.765625 0.001563 0.053125
9 0.391406 0.765625 0.001563 0.053125
12 0.944531 0.544531 0.017188 0.048438
12 0.841406 0.544531 0.017188 0.048438
11 0.576562 0.531250 0.018750 0.009375
12 0.944531 0.364844 0.017188 0.048438
12 0.841406 0.364844 0.017188 0.048438
9 0.774219 0.375000 0.001563 0.053125
2 0.740625 0.403906 0.015625 0.045312
9 0.722656 0.360938 0.001563 0.046875
2 0.689063 0.388281 0.015625 0.045312
9 0.671094 0.349219 0.001563 0.042188
9 0.599219 0.389844 0.001563 0.045312
2 0.585938 0.364844 0.015625 0.045312
9 0.547656 0.376563 0.001563 0.050000
15 0.505469 0.378125 0.020313 0.053125
9 0.496094 0.377344 0.001563 0.051562
2 0.482812 0.347656 0.015625 0.045312
12 0.451562 0.367188 0.015625 0.028125
12 0.380469 0.364844 0.017188 0.048438
15 0.460938 0.435156 0.053125 0.029687
15 0.505469 0.439844 0.029687 0.026562
0 0.993750 0.948438 0.012500 0.018750
0 0.946875 0.932813 0.021875 0.018750
0 0.895312 0.917188 0.021875 0.018750
0 0.660937 0.907813 0.021875 0.018750
0 0.454688 0.907813 0.021875 0.018750
0 0.660937 0.795312 0.021875 0.018750
0 0.557813 0.795312 0.021875 0.018750
1 0.382812 0.795312 0.021875 0.018750
0 0.764062 0.404687 0.021875 0.018750
0 0.712500 0.389062 0.021875 0.018750
0 0.660937 0.373437 0.021875 0.018750
0 0.609375 0.364063 0.021875 0.018750
0 0.557813 0.348438 0.021875 0.018750
0 0.506250 0.348438 0.021875 0.018750
