10 0.955469 0.147656 0.089063 0.035937
10 0.117188 0.053906 0.062500 0.026562
14 0.960156 0.017969 0.079687 0.020313
14 0.178125 0.107813 0.050000 0.006250
14 0.163281 0.103906 0.079687 0.007812
14 0.150781 0.127344 0.142187 0.010937
9 0.911719 0.105469 0.001563 0.114062
4 0.892969 0.117188 0.010937 0.043750
4 0.900781 0.084375 0.010937 0.043750
9 0.147656 0.070312 0.001563 0.059375
4 0.128125 0.100781 0.006250 0.026562
9 0.117969 0.065625 0.001563 0.050000
3 0.096875 0.088281 0.009375 0.023438
9 0.086719 0.074219 0.001563 0.067187
4 0.065625 0.110156 0.006250 0.026562
6 0.189844 0.075781 0.026562 0.039062
9 0.002344 0.077344 0.001563 0.073438
13 0.979688 0.076563 0.031250 0.037500
15 0.843750 0.103125 0.025000 0.034375
15 0.845313 0.069531 0.025000 0.032813
15 0.919531 0.191406 0.029687 0.026562
0 0.921875 0.045312 0.021875 0.018750
0 0.921875 0.085938 0.021875 0.018750
0 0.921875 0.118750 0.021875 0.018750
0 0.140625 0.102344 0.012500 0.010937
0 0.112500 0.092969 0.012500 0.010937
0 0.079687 0.110156 0.012500 0.010937
1 0.249219 0.085156 0.029687 0.017188
1 0.249219 0.100781 0.029687 0.017188
1 0.222656 0.092969 0.029687 0.017188
1 0.222656 0.108594 0.029687 0.017188
1 0.012500 0.093750 0.021875 0.018750
1 0.012500 0.109375 0.021875 0.018750
