7 0.276562 0.588281 0.043750 0.114062
7 0.276562 0.366406 0.043750 0.114062
10 0.897656 0.628125 0.104688 0.031250
10 0.731250 0.542188 0.106250 0.025000
10 0.390625 0.607031 0.093750 0.007812
14 0.907031 0.558594 0.104688 0.039062
14 0.657031 0.524219 0.254688 0.026562
14 0.379688 0.523438 0.137500 0.021875
9 0.245312 0.475781 0.003125 0.289062
9 0.995313 0.475781 0.003125 0.289062
9 0.810937 0.475781 0.003125 0.289062
9 0.631250 0.475781 0.003125 0.289062
9 0.484375 0.475781 0.003125 0.289062
9 0.949219 0.592969 0.001563 0.054688
3 0.936719 0.554688 0.014063 0.040625
9 0.902344 0.604688 0.001563 0.046875
9 0.846094 0.619531 0.001563 0.042188
3 0.833594 0.585938 0.014063 0.040625
9 0.782031 0.575000 0.001563 0.050000
3 0.750781 0.595313 0.014063 0.040625
9 0.736719 0.564063 0.001563 0.040625
6 0.699219 0.577344 0.026562 0.039062
9 0.678906 0.555469 0.001563 0.042188
9 0.566406 0.592187 0.001563 0.053125
3 0.553906 0.554688 0.014063 0.040625
15 0.528906 0.584375 0.020313 0.053125
9 0.519531 0.583594 0.001563 0.051562
3 0.507031 0.546875 0.014063 0.040625
9 0.436719 0.580469 0.001563 0.060937
9 0.391406 0.588281 0.001563 0.045312
3 0.378906 0.554688 0.014063 0.040625
9 0.344531 0.584375 0.001563 0.053125
3 0.332031 0.546875 0.014063 0.040625
15 0.853906 0.669531 0.029687 0.026562
0 0.959375 0.562500 0.021875 0.018750
0 0.912500 0.578125 0.021875 0.018750
0 0.856250 0.595313 0.021875 0.018750
0 0.773438 0.603125 0.021875 0.018750
0 0.726562 0.587500 0.021875 0.018750
0 0.668750 0.578125 0.021875 0.018750
0 0.576562 0.562500 0.021875 0.018750
0 0.529687 0.554688 0.021875 0.018750
0 0.446875 0.546875 0.021875 0.018750
0 0.401562 0.562500 0.021875 0.018750
0 0.354687 0.554688 0.021875 0.018750
