10 0.882031 0.183594 0.070312 0.007812
10 0.746094 0.176563 0.070312 0.025000
10 0.575000 0.184375 0.137500 0.025000
10 0.332031 0.178125 0.160938 0.012500
10 0.150781 0.183594 0.070312 0.007812
10 0.025000 0.176563 0.050000 0.025000
14 0.918750 0.527344 0.162500 0.023438
14 0.905469 0.505469 0.135937 0.010937
14 0.186719 0.472656 0.082812 0.010937
14 0.195312 0.505469 0.131250 0.010937
14 0.053906 0.460938 0.107813 0.012500
14 0.157812 0.550781 0.315625 0.060937
14 0.897656 0.318750 0.120313 0.012500
14 0.761719 0.318750 0.120313 0.012500
14 0.753906 0.152344 0.492188 0.054688
14 0.591406 0.320312 0.189062 0.015625
14 0.167969 0.318750 0.120313 0.012500
14 0.045312 0.318750 0.090625 0.012500
14 0.206250 0.151562 0.412500 0.056250
14 0.897656 0.054688 0.120313 0.012500
14 0.761719 0.054688 0.120313 0.012500
14 0.591406 0.056250 0.189062 0.015625
14 0.167969 0.054688 0.120313 0.012500
14 0.045312 0.054688 0.090625 0.012500
9 0.460938 0.257031 0.003125 0.514062
15 0.991406 0.457813 0.017188 0.053125
9 0.983594 0.459375 0.001563 0.053125
9 0.847656 0.460938 0.001563 0.050000
2 0.815625 0.488281 0.015625 0.045312
12 0.700781 0.480469 0.017188 0.048438
12 0.631250 0.482812 0.015625 0.028125
12 0.562500 0.482812 0.015625 0.028125
12 0.495312 0.482812 0.015625 0.028125
9 0.324219 0.521875 0.001563 0.043750
15 0.275781 0.518750 0.020313 0.053125
9 0.266406 0.516406 0.001563 0.051562
9 0.252344 0.453125 0.001563 0.046875
9 0.119531 0.513281 0.001563 0.045312
9 0.116406 0.453125 0.001563 0.046875
9 0.964844 0.324219 0.001563 0.042188
9 0.983594 0.195312 0.001563 0.040625
4 0.953906 0.220312 0.010937 0.043750
9 0.916406 0.202344 0.001563 0.045312
4 0.886719 0.228125 0.010937 0.043750
9 0.828906 0.324219 0.001563 0.042188
9 0.847656 0.202344 0.001563 0.045312
3 0.816406 0.220312 0.014063 0.040625
9 0.780469 0.207813 0.001563 0.050000
4 0.749219 0.235937 0.010937 0.043750
9 0.692969 0.324219 0.001563 0.042188
9 0.711719 0.188281 0.001563 0.042188
9 0.642969 0.196094 0.001563 0.042188
2 0.610938 0.219531 0.015625 0.045312
9 0.575781 0.209375 0.001563 0.050000
3 0.542969 0.228125 0.014063 0.040625
9 0.488281 0.324219 0.001563 0.042188
9 0.507031 0.217188 0.001563 0.050000
9 0.411719 0.202344 0.001563 0.045312
3 0.380469 0.220312 0.014063 0.040625
9 0.344531 0.205469 0.001563 0.054688
3 0.311719 0.228125 0.014063 0.040625
9 0.233594 0.324219 0.001563 0.042188
9 0.252344 0.195312 0.001563 0.040625
4 0.222656 0.220312 0.010937 0.043750
9 0.185156 0.202344 0.001563 0.045312
4 0.155469 0.228125 0.010937 0.043750
9 0.097656 0.324219 0.001563 0.042188
9 0.116406 0.202344 0.001563 0.045312
3 0.085156 0.220312 0.014063 0.040625
9 0.049219 0.207813 0.001563 0.050000
4 0.019531 0.235937 0.010937 0.043750
9 0.964844 0.061719 0.001563 0.042188
9 0.828906 0.061719 0.001563 0.042188
9 0.692969 0.061719 0.001563 0.042188
9 0.488281 0.061719 0.001563 0.042188
9 0.233594 0.061719 0.001563 0.042188
9 0.097656 0.061719 0.001563 0.042188
0 0.975000 0.489063 0.021875 0.018750
0 0.839063 0.489063 0.021875 0.018750
0 0.334375 0.496875 0.021875 0.018750
0 0.276562 0.489063 0.021875 0.018750
0 0.243750 0.481250 0.021875 0.018750
0 0.129688 0.489063 0.021875 0.018750
0 0.107813 0.481250 0.021875 0.018750
0 0.975000 0.301563 0.021875 0.018750
0 0.975000 0.220312 0.021875 0.018750
0 0.906250 0.228125 0.021875 0.018750
0 0.839063 0.301563 0.021875 0.018750
0 0.839063 0.228125 0.021875 0.018750
0 0.770312 0.235937 0.021875 0.018750
0 0.703125 0.301563 0.021875 0.018750
0 0.703125 0.212500 0.021875 0.018750
0 0.634375 0.220312 0.021875 0.018750
0 0.565625 0.235937 0.021875 0.018750
0 0.498437 0.301563 0.021875 0.018750
0 0.498437 0.245312 0.021875 0.018750
0 0.403125 0.228125 0.021875 0.018750
0 0.334375 0.235937 0.021875 0.018750
0 0.243750 0.301563 0.021875 0.018750
0 0.243750 0.220312 0.021875 0.018750
0 0.175000 0.228125 0.021875 0.018750
0 0.107813 0.301563 0.021875 0.018750
0 0.107813 0.228125 0.021875 0.018750
0 0.039062 0.235937 0.021875 0.018750
0 0.975000 0.037500 0.021875 0.018750
0 0.839063 0.037500 0.021875 0.018750
0 0.703125 0.037500 0.021875 0.018750
0 0.498437 0.037500 0.021875 0.018750
0 0.243750 0.037500 0.021875 0.018750
0 0.107813 0.037500 0.021875 0.018750
