10 0.457813 0.318750 0.081250 0.037500
10 0.667188 0.391406 0.234375 0.020313
10 0.125781 0.395313 0.070312 0.037500
10 0.277344 0.655469 0.051562 0.026562
14 0.705469 0.282813 0.154688 0.021875
14 0.477344 0.284375 0.145313 0.021875
14 0.332813 0.709375 0.050000 0.006250
14 0.325000 0.705469 0.068750 0.007812
14 0.310156 0.728125 0.126562 0.009375
14 0.489844 0.299219 0.145313 0.020313
14 0.516406 0.367188 0.051562 0.006250
9 0.860938 0.525781 0.003125 0.389062
9 0.302344 0.671875 0.001563 0.059375
9 0.285156 0.667188 0.001563 0.050000
3 0.264062 0.689844 0.009375 0.023438
9 0.252344 0.675781 0.001563 0.067187
4 0.232813 0.711719 0.006250 0.026562
9 0.382031 0.673438 0.001563 0.071875
6 0.344531 0.678906 0.026562 0.039062
15 0.373437 0.575000 0.021875 0.015625
9 0.382031 0.520312 0.001563 0.053125
2 0.350000 0.549219 0.015625 0.045312
8 0.792969 0.319531 0.004687 0.004687
9 0.783594 0.372656 0.001563 0.057813
8 0.716406 0.319531 0.004687 0.004687
9 0.705469 0.372656 0.001563 0.057813
8 0.638281 0.319531 0.004687 0.004687
9 0.628906 0.372656 0.001563 0.057813
9 0.497656 0.323437 0.001563 0.043750
9 0.478906 0.329688 0.001563 0.050000
2 0.457813 0.355469 0.009375 0.026562
9 0.446094 0.330469 0.001563 0.045312
4 0.426563 0.355469 0.006250 0.026562
9 0.417969 0.337500 0.001563 0.050000
4 0.396875 0.364844 0.006250 0.026562
15 0.560937 0.291406 0.015625 0.017188
8 0.560156 0.319531 0.004687 0.004687
9 0.550781 0.372656 0.001563 0.057813
3 0.521094 0.331250 0.014063 0.040625
12 0.371094 0.364844 0.017188 0.048438
12 0.260937 0.367188 0.015625 0.028125
9 0.158594 0.344531 0.001563 0.098437
2 0.128125 0.299219 0.015625 0.045312
9 0.091406 0.343750 0.001563 0.131250
4 0.080469 0.275000 0.010937 0.043750
4 0.080469 0.339062 0.010937 0.043750
0 0.296875 0.703906 0.012500 0.010937
0 0.278125 0.696094 0.012500 0.010937
0 0.246875 0.711719 0.012500 0.010937
1 0.392188 0.687500 0.021875 0.018750
1 0.392188 0.703125 0.021875 0.018750
1 0.373437 0.695312 0.021875 0.018750
1 0.373437 0.712500 0.021875 0.018750
1 0.373437 0.550000 0.021875 0.018750
0 0.793750 0.340625 0.021875 0.018750
0 0.773438 0.348438 0.021875 0.018750
0 0.715625 0.340625 0.021875 0.018750
0 0.696875 0.348438 0.021875 0.018750
0 0.639062 0.340625 0.021875 0.018750
0 0.618750 0.348438 0.021875 0.018750
0 0.490625 0.347656 0.012500 0.010937
0 0.473438 0.357031 0.012500 0.010937
0 0.440625 0.357031 0.012500 0.010937
0 0.410938 0.364844 0.012500 0.010937
0 0.560937 0.340625 0.021875 0.018750
0 0.542188 0.348438 0.021875 0.018750
0 0.168750 0.292187 0.021875 0.018750
0 0.150000 0.300000 0.021875 0.018750
0 0.101562 0.276562 0.021875 0.018750
0 0.101562 0.340625 0.021875 0.018750
