10 0.739062 0.046875 0.143750 0.028125
10 0.499219 0.116406 0.101562 0.020313
10 0.309375 0.112500 0.143750 0.028125
10 0.045312 0.029687 0.090625 0.025000
14 0.583594 0.146094 0.270313 0.023438
14 0.307812 0.146875 0.140625 0.021875
14 0.549219 0.027344 0.604688 0.054688
14 0.136719 0.081250 0.082812 0.009375
9 0.860938 0.161719 0.003125 0.323437
9 0.140625 0.161719 0.003125 0.323437
15 0.799219 0.271875 0.020313 0.053125
9 0.789844 0.253125 0.001563 0.084375
9 0.649219 0.253906 0.001563 0.085938
15 0.459375 0.182812 0.021875 0.015625
9 0.449219 0.253906 0.001563 0.085938
15 0.388281 0.271875 0.020313 0.053125
9 0.378906 0.253125 0.001563 0.084375
9 0.238281 0.253906 0.001563 0.085938
15 0.176563 0.241406 0.015625 0.017188
15 0.194531 0.290625 0.017188 0.053125
9 0.186719 0.307812 0.001563 0.084375
15 0.078906 0.271875 0.020313 0.053125
9 0.069531 0.253125 0.001563 0.084375
9 0.810156 0.088281 0.001563 0.060937
9 0.739844 0.075000 0.001563 0.056250
9 0.667969 0.062500 0.001563 0.050000
9 0.549219 0.099219 0.001563 0.045312
9 0.449219 0.085938 0.001563 0.050000
9 0.378906 0.074219 0.001563 0.057813
9 0.308594 0.086719 0.001563 0.051562
9 0.238281 0.099219 0.001563 0.045312
15 0.176563 0.025781 0.015625 0.017188
15 0.194531 0.067187 0.017188 0.053125
9 0.186719 0.084375 0.001563 0.084375
9 0.088281 0.066406 0.001563 0.057813
9 0.017969 0.054688 0.001563 0.050000
0 0.800000 0.209375 0.021875 0.018750
0 0.800000 0.240625 0.021875 0.018750
0 0.659375 0.209375 0.021875 0.018750
0 0.659375 0.240625 0.021875 0.018750
0 0.459375 0.209375 0.021875 0.018750
0 0.459375 0.240625 0.021875 0.018750
0 0.389062 0.209375 0.021875 0.018750
0 0.389062 0.240625 0.021875 0.018750
0 0.248438 0.209375 0.021875 0.018750
0 0.248438 0.240625 0.021875 0.018750
0 0.176563 0.321875 0.021875 0.018750
0 0.176563 0.354687 0.021875 0.018750
0 0.079687 0.209375 0.021875 0.018750
0 0.079687 0.240625 0.021875 0.018750
0 0.800000 0.121875 0.021875 0.018750
0 0.729688 0.106250 0.021875 0.018750
0 0.659375 0.090625 0.021875 0.018750
0 0.559375 0.073438 0.021875 0.018750
0 0.459375 0.057813 0.021875 0.018750
0 0.389062 0.042188 0.021875 0.018750
0 0.318750 0.057813 0.021875 0.018750
0 0.248438 0.073438 0.021875 0.018750
0 0.176563 0.131250 0.021875 0.018750
0 0.176563 0.098437 0.021875 0.018750
0 0.079687 0.098437 0.021875 0.018750
0 0.009375 0.082812 0.018750 0.018750
