10 0.692969 0.390625 0.117188 0.053125
10 0.495312 0.394531 0.181250 0.035937
10 0.191406 0.397656 0.129688 0.032813
14 0.200781 0.788281 0.401562 0.029687
14 0.200000 0.839844 0.400000 0.026562
14 0.733594 0.306250 0.051562 0.018750
14 0.567969 0.319531 0.051562 0.017188
9 0.801562 0.602344 0.003125 0.542188
9 0.318750 0.602344 0.003125 0.542188
8 0.644531 0.778906 0.004687 0.004687
9 0.635156 0.843750 0.001563 0.084375
4 0.625781 0.815625 0.010937 0.043750
8 0.414844 0.771094 0.004687 0.004687
9 0.405469 0.835938 0.001563 0.084375
12 0.198437 0.842187 0.015625 0.028125
15 0.831250 0.855469 0.046875 0.032813
15 0.348438 0.855469 0.046875 0.032813
11 0.590625 0.609375 0.018750 0.009375
12 0.198437 0.625000 0.015625 0.028125
4 0.052344 0.596875 0.010937 0.043750
2 0.068750 0.589844 0.015625 0.045312
8 0.018750 0.475000 0.006250 0.018750
9 0.017969 0.547656 0.001563 0.107813
15 0.831250 0.638281 0.046875 0.032813
15 0.348438 0.638281 0.046875 0.032813
15 0.016406 0.732031 0.032813 0.039062
9 0.750781 0.359375 0.001563 0.065625
9 0.699219 0.367969 0.001563 0.067187
8 0.644531 0.339844 0.004687 0.004687
9 0.635156 0.386719 0.001563 0.054688
9 0.583594 0.380469 0.001563 0.057813
9 0.533594 0.375000 0.001563 0.062500
8 0.478906 0.311719 0.004687 0.004687
9 0.469531 0.367188 0.001563 0.065625
8 0.414844 0.311719 0.004687 0.004687
9 0.405469 0.364844 0.001563 0.060937
8 0.264844 0.319531 0.004687 0.004687
9 0.253906 0.370312 0.001563 0.053125
8 0.200781 0.321094 0.004687 0.004687
9 0.191406 0.377344 0.001563 0.051562
8 0.136719 0.339844 0.004687 0.004687
9 0.127344 0.384375 0.001563 0.050000
15 0.831250 0.380469 0.046875 0.032813
15 0.348438 0.380469 0.046875 0.032813
0 0.645312 0.800000 0.021875 0.018750
0 0.645312 0.815625 0.021875 0.018750
0 0.645312 0.831250 0.021875 0.018750
0 0.415625 0.790625 0.021875 0.018750
0 0.415625 0.807813 0.021875 0.018750
0 0.415625 0.823438 0.021875 0.018750
0 0.010156 0.823438 0.020313 0.018750
0 0.010156 0.790625 0.020313 0.018750
0 0.010156 0.807813 0.020313 0.018750
0 0.028125 0.565625 0.021875 0.018750
0 0.028125 0.581250 0.021875 0.018750
0 0.028125 0.596875 0.021875 0.018750
0 0.010156 0.573438 0.020313 0.018750
0 0.010156 0.589063 0.020313 0.018750
0 0.010156 0.606250 0.020313 0.018750
0 0.110937 0.589063 0.021875 0.018750
0 0.092188 0.596875 0.021875 0.018750
0 0.760938 0.325000 0.021875 0.018750
0 0.709375 0.332813 0.021875 0.018750
0 0.645312 0.356250 0.021875 0.018750
0 0.593750 0.348438 0.021875 0.018750
0 0.543750 0.340625 0.021875 0.018750
0 0.479687 0.332813 0.021875 0.018750
0 0.415625 0.332813 0.021875 0.018750
0 0.264062 0.340625 0.021875 0.018750
0 0.201563 0.348438 0.021875 0.018750
0 0.137500 0.356250 0.021875 0.018750
