12 0.311719 0.070312 0.045312 0.065625
12 0.311719 0.227344 0.045312 0.057813
10 0.966406 0.034375 0.067187 0.025000
9 0.279687 0.132812 0.003125 0.265625
14 0.828125 0.132812 0.003125 0.265625
11 0.971094 0.232031 0.017188 0.048438
9 0.883594 0.261719 0.001563 0.060937
2 0.851562 0.296094 0.015625 0.045312
11 0.784375 0.234375 0.015625 0.028125
9 0.692969 0.210938 0.001563 0.084375
5 0.660937 0.215625 0.015625 0.015625
2 0.660937 0.255469 0.015625 0.045312
9 0.594531 0.210938 0.001563 0.084375
2 0.560937 0.214844 0.015625 0.045312
11 0.483594 0.232031 0.017188 0.048438
11 0.380469 0.232031 0.017188 0.048438
14 0.583594 0.307031 0.029687 0.026562
9 0.983594 0.059375 0.001563 0.050000
2 0.950000 0.086719 0.015625 0.045312
9 0.933594 0.067187 0.001563 0.050000
2 0.901563 0.094531 0.015625 0.045312
11 0.871875 0.073438 0.015625 0.028125
11 0.587500 0.057813 0.018750 0.009375
14 0.922656 0.150781 0.029687 0.026562
14 0.430469 0.010937 0.029687 0.021875
0 0.875000 0.296875 0.021875 0.018750
0 0.684375 0.215625 0.021875 0.018750
0 0.684375 0.256250 0.021875 0.018750
0 0.584375 0.215625 0.021875 0.018750
0 0.584375 0.256250 0.021875 0.018750
0 0.973437 0.085938 0.021875 0.018750
0 0.925000 0.095312 0.021875 0.018750
