14 0.180469 0.211719 0.135937 0.014063
14 0.054688 0.211719 0.109375 0.014063
14 0.179688 0.039062 0.109375 0.012500
14 0.178906 0.110156 0.107813 0.010937
9 0.445312 0.139844 0.003125 0.279687
11 0.806250 0.234375 0.018750 0.009375
9 0.238281 0.260156 0.001563 0.051562
9 0.100781 0.260156 0.001563 0.051562
9 0.982031 0.057813 0.001563 0.046875
3 0.949219 0.076563 0.014063 0.040625
9 0.844531 0.065625 0.001563 0.050000
3 0.811719 0.085938 0.014063 0.040625
9 0.686719 0.104688 0.001563 0.050000
9 0.480469 0.090625 0.001563 0.053125
3 0.467969 0.053125 0.014063 0.040625
9 0.325781 0.073438 0.001563 0.100000
15 0.247656 0.131250 0.020313 0.053125
9 0.238281 0.102344 0.001563 0.107813
9 0.100781 0.098437 0.001563 0.100000
15 0.489844 0.157031 0.054688 0.039062
15 0.489844 0.007812 0.054688 0.015625
0 0.248438 0.231250 0.021875 0.018750
0 0.110937 0.231250 0.021875 0.018750
0 0.971875 0.085938 0.021875 0.018750
0 0.834375 0.093750 0.021875 0.018750
0 0.696875 0.078125 0.021875 0.018750
0 0.490625 0.060937 0.021875 0.018750
0 0.317188 0.068750 0.021875 0.018750
0 0.317188 0.126562 0.021875 0.018750
0 0.248438 0.045312 0.021875 0.018750
0 0.248438 0.101562 0.021875 0.018750
0 0.110937 0.045312 0.021875 0.018750
0 0.110937 0.101562 0.021875 0.018750
