10 0.907813 0.302344 0.078125 0.039062
10 0.617188 0.318750 0.081250 0.037500
10 0.772656 0.391406 0.101562 0.020313
10 0.165625 0.360156 0.103125 0.029687
10 0.371875 0.391406 0.181250 0.020313
10 0.632031 0.667969 0.051562 0.026562
10 0.182031 0.667969 0.070312 0.026562
14 0.916406 0.437500 0.120313 0.021875
14 0.794531 0.437500 0.054688 0.021875
14 0.632031 0.437500 0.135937 0.021875
14 0.393750 0.437500 0.134375 0.021875
14 0.180469 0.435937 0.157812 0.021875
14 0.690625 0.722656 0.056250 0.007812
14 0.673438 0.710156 0.056250 0.007812
14 0.666406 0.736719 0.132812 0.010937
14 0.250000 0.722656 0.056250 0.007812
14 0.225000 0.710156 0.071875 0.007812
14 0.216406 0.736719 0.151562 0.010937
14 0.934375 0.283594 0.131250 0.020313
14 0.964844 0.351562 0.051562 0.006250
14 0.654687 0.299219 0.156250 0.020313
14 0.682813 0.367969 0.062500 0.007812
14 0.203125 0.321875 0.178125 0.037500
14 0.242188 0.388281 0.062500 0.057813
9 0.657031 0.682031 0.001563 0.054688
9 0.639844 0.678125 0.001563 0.046875
2 0.617188 0.702344 0.009375 0.026562
9 0.607031 0.685937 0.001563 0.062500
9 0.742969 0.678906 0.001563 0.073438
4 0.713281 0.695312 0.010937 0.043750
9 0.216406 0.682031 0.001563 0.054688
2 0.195312 0.711719 0.009375 0.026562
9 0.183594 0.678125 0.001563 0.046875
4 0.164062 0.703906 0.006250 0.026562
9 0.147656 0.685937 0.001563 0.062500
2 0.126562 0.719531 0.009375 0.026562
9 0.302344 0.678906 0.001563 0.073438
4 0.272656 0.695312 0.010937 0.043750
15 0.732812 0.573438 0.021875 0.015625
9 0.742969 0.513281 0.001563 0.051562
4 0.713281 0.542188 0.010937 0.043750
15 0.292187 0.573438 0.021875 0.015625
9 0.302344 0.506250 0.001563 0.050000
3 0.269531 0.525000 0.014063 0.040625
9 0.946094 0.307812 0.001563 0.043750
4 0.926562 0.332031 0.006250 0.026562
9 0.916406 0.314844 0.001563 0.048438
4 0.896875 0.339844 0.006250 0.026562
9 0.886719 0.317188 0.001563 0.043750
9 0.869531 0.322656 0.001563 0.048438
9 0.999219 0.355469 0.001563 0.057813
3 0.969531 0.315625 0.014063 0.040625
8 0.832031 0.319531 0.004687 0.004687
9 0.822656 0.372656 0.001563 0.057813
8 0.777344 0.319531 0.004687 0.004687
9 0.767969 0.372656 0.001563 0.057813
9 0.657031 0.323437 0.001563 0.043750
9 0.639844 0.329688 0.001563 0.050000
2 0.617188 0.355469 0.009375 0.026562
9 0.607031 0.330469 0.001563 0.045312
4 0.587500 0.355469 0.006250 0.026562
9 0.577344 0.337500 0.001563 0.050000
8 0.732031 0.319531 0.004687 0.004687
9 0.722656 0.372656 0.001563 0.057813
3 0.692969 0.331250 0.014063 0.040625
12 0.543750 0.367188 0.015625 0.028125
8 0.471094 0.319531 0.004687 0.004687
9 0.461719 0.372656 0.001563 0.057813
8 0.427344 0.319531 0.004687 0.004687
9 0.416406 0.372656 0.001563 0.057813
8 0.382031 0.319531 0.004687 0.004687
9 0.372656 0.372656 0.001563 0.057813
8 0.336719 0.319531 0.004687 0.004687
9 0.327344 0.372656 0.001563 0.057813
9 0.216406 0.375781 0.001563 0.054688
9 0.183594 0.379688 0.001563 0.062500
2 0.162500 0.411719 0.009375 0.026562
9 0.147656 0.380469 0.001563 0.060937
4 0.128125 0.413281 0.006250 0.026562
9 0.114844 0.384375 0.001563 0.068750
8 0.291406 0.319531 0.004687 0.004687
9 0.282031 0.372656 0.001563 0.057813
3 0.252344 0.331250 0.014063 0.040625
8 0.067969 0.247656 0.004687 0.004687
15 0.067969 0.362500 0.020313 0.053125
9 0.058594 0.328125 0.001563 0.115625
4 0.047656 0.267188 0.010937 0.043750
2 0.045312 0.332031 0.015625 0.045312
12 0.012500 0.367188 0.015625 0.028125
15 0.992188 0.444531 0.015625 0.039062
15 0.732031 0.444531 0.048438 0.039062
15 0.291406 0.444531 0.048438 0.039062
0 0.651563 0.711719 0.012500 0.010937
0 0.632812 0.703906 0.012500 0.010937
0 0.600000 0.719531 0.012500 0.010937
1 0.753125 0.695312 0.021875 0.018750
1 0.753125 0.712500 0.021875 0.018750
1 0.732812 0.703125 0.021875 0.018750
1 0.732812 0.720313 0.021875 0.018750
0 0.210938 0.711719 0.012500 0.010937
0 0.178125 0.703906 0.012500 0.010937
0 0.140625 0.719531 0.012500 0.010937
1 0.312500 0.695312 0.021875 0.018750
1 0.312500 0.712500 0.021875 0.018750
1 0.292187 0.703125 0.021875 0.018750
1 0.292187 0.720313 0.021875 0.018750
1 0.732812 0.542188 0.021875 0.018750
1 0.292187 0.534375 0.021875 0.018750
0 0.939063 0.332031 0.012500 0.010937
0 0.910937 0.339844 0.012500 0.010937
0 0.881250 0.339844 0.012500 0.010937
0 0.862500 0.347656 0.012500 0.010937
0 0.989844 0.332813 0.020313 0.018750
0 0.832812 0.340625 0.021875 0.018750
0 0.814063 0.348438 0.021875 0.018750
0 0.778125 0.340625 0.021875 0.018750
0 0.759375 0.348438 0.021875 0.018750
0 0.651563 0.347656 0.012500 0.010937
0 0.632812 0.357031 0.012500 0.010937
0 0.600000 0.357031 0.012500 0.010937
0 0.570312 0.364844 0.012500 0.010937
0 0.732812 0.340625 0.021875 0.018750
0 0.714063 0.348438 0.021875 0.018750
0 0.471875 0.340625 0.021875 0.018750
0 0.453125 0.348438 0.021875 0.018750
0 0.426563 0.340625 0.021875 0.018750
0 0.407813 0.348438 0.021875 0.018750
0 0.382812 0.340625 0.021875 0.018750
0 0.362500 0.348438 0.021875 0.018750
0 0.337500 0.340625 0.021875 0.018750
0 0.318750 0.348438 0.021875 0.018750
0 0.210938 0.405469 0.012500 0.010937
0 0.178125 0.413281 0.012500 0.010937
0 0.140625 0.413281 0.012500 0.010937
0 0.107813 0.421094 0.012500 0.010937
0 0.292187 0.340625 0.021875 0.018750
0 0.273438 0.348438 0.021875 0.018750
0 0.068750 0.267188 0.021875 0.018750
0 0.068750 0.332813 0.021875 0.018750
