13 0.282031 0.589844 0.045312 0.057813
13 0.282031 0.360156 0.045312 0.057813
14 0.646094 0.531250 0.660937 0.053125
14 0.325000 0.624219 0.021875 0.010937
14 0.325000 0.686719 0.021875 0.010937
14 0.646094 0.267188 0.660937 0.087500
14 0.325000 0.322656 0.021875 0.010937
14 0.324219 0.389062 0.020313 0.009375
9 0.248438 0.478906 0.003125 0.295312
9 0.923438 0.478906 0.003125 0.295312
9 0.614062 0.478906 0.003125 0.295312
12 0.967969 0.674219 0.017188 0.048438
4 0.950781 0.625000 0.010937 0.043750
2 0.948438 0.577344 0.015625 0.045312
15 0.865625 0.542188 0.021875 0.003125
8 0.864844 0.550781 0.004687 0.004687
9 0.855469 0.611719 0.001563 0.064062
2 0.823438 0.592969 0.015625 0.045312
5 0.842187 0.576562 0.015625 0.015625
15 0.796875 0.710938 0.021875 0.003125
8 0.796094 0.702344 0.004687 0.004687
9 0.807031 0.628906 0.001563 0.101562
15 0.728125 0.532813 0.021875 0.003125
8 0.728906 0.541406 0.004687 0.004687
9 0.719531 0.597656 0.001563 0.067187
2 0.687500 0.577344 0.015625 0.045312
2 0.706250 0.561719 0.015625 0.045312
15 0.660937 0.710938 0.021875 0.003125
8 0.660156 0.702344 0.004687 0.004687
9 0.669531 0.628906 0.001563 0.101562
2 0.637500 0.633594 0.015625 0.045312
15 0.554688 0.532813 0.021875 0.003125
8 0.553906 0.541406 0.004687 0.004687
9 0.544531 0.597656 0.001563 0.067187
15 0.487500 0.710938 0.021875 0.003125
8 0.486719 0.702344 0.004687 0.004687
9 0.496094 0.628906 0.001563 0.101562
2 0.464062 0.633594 0.015625 0.045312
15 0.418750 0.532813 0.021875 0.003125
8 0.417969 0.541406 0.004687 0.004687
9 0.408594 0.597656 0.001563 0.067187
2 0.376563 0.577344 0.015625 0.045312
2 0.395313 0.561719 0.015625 0.045312
15 0.350000 0.710938 0.021875 0.003125
8 0.350781 0.702344 0.004687 0.004687
9 0.360156 0.628906 0.001563 0.101562
12 0.967969 0.428906 0.017188 0.048438
2 0.948438 0.332031 0.015625 0.045312
15 0.865625 0.312500 0.021875 0.003125
8 0.864844 0.319531 0.004687 0.004687
9 0.855469 0.376563 0.001563 0.065625
2 0.842187 0.339844 0.015625 0.045312
15 0.796875 0.303125 0.021875 0.003125
8 0.796094 0.311719 0.004687 0.004687
9 0.786719 0.380469 0.001563 0.092188
15 0.728125 0.295312 0.021875 0.003125
8 0.728906 0.303906 0.004687 0.004687
9 0.719531 0.361719 0.001563 0.070312
15 0.660937 0.303125 0.021875 0.003125
8 0.660156 0.311719 0.004687 0.004687
9 0.650781 0.380469 0.001563 0.092188
2 0.637500 0.332031 0.015625 0.045312
15 0.554688 0.295312 0.021875 0.003125
8 0.553906 0.303906 0.004687 0.004687
9 0.544531 0.361719 0.001563 0.070312
15 0.487500 0.303125 0.021875 0.003125
8 0.486719 0.311719 0.004687 0.004687
9 0.477344 0.380469 0.001563 0.092188
2 0.464062 0.332031 0.015625 0.045312
15 0.418750 0.295312 0.021875 0.003125
8 0.417969 0.303906 0.004687 0.004687
9 0.408594 0.361719 0.001563 0.070312
15 0.350000 0.303125 0.021875 0.003125
8 0.350781 0.311719 0.004687 0.004687
9 0.341406 0.380469 0.001563 0.092188
1 0.974219 0.625781 0.029687 0.017188
1 0.974219 0.577344 0.029687 0.017188
0 0.865625 0.578125 0.021875 0.018750
0 0.865625 0.593750 0.021875 0.018750
0 0.796875 0.682813 0.021875 0.018750
0 0.796875 0.634375 0.021875 0.018750
0 0.729688 0.578125 0.021875 0.018750
0 0.729688 0.560937 0.021875 0.018750
0 0.660937 0.634375 0.021875 0.018750
0 0.660937 0.682813 0.021875 0.018750
0 0.554688 0.560937 0.021875 0.018750
0 0.554688 0.578125 0.021875 0.018750
0 0.487500 0.634375 0.021875 0.018750
0 0.487500 0.682813 0.021875 0.018750
0 0.418750 0.578125 0.021875 0.018750
0 0.418750 0.560937 0.021875 0.018750
0 0.351562 0.634375 0.021875 0.018750
0 0.351562 0.682813 0.021875 0.018750
1 0.974219 0.332031 0.029687 0.017188
1 0.974219 0.380469 0.029687 0.017188
0 0.865625 0.340625 0.021875 0.018750
0 0.865625 0.356250 0.021875 0.018750
0 0.796875 0.332813 0.021875 0.018750
0 0.796875 0.381250 0.021875 0.018750
0 0.729688 0.325000 0.021875 0.018750
0 0.729688 0.340625 0.021875 0.018750
0 0.660937 0.332813 0.021875 0.018750
0 0.660937 0.381250 0.021875 0.018750
0 0.554688 0.325000 0.021875 0.018750
0 0.554688 0.340625 0.021875 0.018750
0 0.487500 0.332813 0.021875 0.018750
0 0.487500 0.381250 0.021875 0.018750
0 0.418750 0.325000 0.021875 0.018750
0 0.418750 0.340625 0.021875 0.018750
0 0.351562 0.332813 0.021875 0.018750
0 0.351562 0.381250 0.021875 0.018750
