13 0.282031 0.569531 0.045312 0.057813
7 0.281250 0.366406 0.043750 0.114062
10 0.558594 0.322656 0.135937 0.020313
10 0.582812 0.635938 0.050000 0.025000
9 0.248438 0.469531 0.003125 0.276562
15 0.918750 0.475000 0.021875 0.003125
9 0.910156 0.547656 0.001563 0.101562
3 0.894531 0.534375 0.014063 0.040625
4 0.899219 0.493750 0.010937 0.043750
2 0.743750 0.589844 0.015625 0.045312
9 0.803906 0.622656 0.001563 0.057813
2 0.790625 0.589844 0.015625 0.045312
9 0.732031 0.560937 0.001563 0.053125
4 0.683594 0.590625 0.010937 0.043750
3 0.700781 0.598437 0.014063 0.040625
9 0.605469 0.622656 0.001563 0.042188
2 0.592187 0.599219 0.015625 0.045312
2 0.503125 0.589844 0.015625 0.045312
9 0.558594 0.616406 0.001563 0.045312
4 0.547656 0.590625 0.010937 0.043750
9 0.491406 0.560937 0.001563 0.053125
4 0.461719 0.590625 0.010937 0.043750
12 0.357031 0.461719 0.017188 0.048438
15 0.359375 0.628125 0.021875 0.003125
9 0.349219 0.571094 0.001563 0.098437
3 0.336719 0.557813 0.014063 0.040625
13 0.862500 0.565625 0.031250 0.037500
7 0.432812 0.582812 0.028125 0.075000
15 0.918750 0.281250 0.021875 0.003125
9 0.910156 0.353125 0.001563 0.100000
3 0.897656 0.340625 0.014063 0.040625
9 0.713281 0.393750 0.001563 0.053125
9 0.732031 0.323437 0.001563 0.043750
9 0.625781 0.337500 0.001563 0.050000
4 0.596094 0.364063 0.010937 0.043750
9 0.472656 0.393750 0.001563 0.053125
9 0.491406 0.337500 0.001563 0.050000
4 0.425781 0.371875 0.010937 0.043750
3 0.442969 0.356250 0.014063 0.040625
12 0.357031 0.396094 0.017188 0.048438
15 0.359375 0.237500 0.021875 0.003125
9 0.369531 0.291406 0.001563 0.089063
3 0.336719 0.331250 0.014063 0.040625
0 0.920312 0.542188 0.021875 0.018750
0 0.920312 0.493750 0.021875 0.018750
0 0.814063 0.590625 0.021875 0.018750
0 0.814063 0.606250 0.021875 0.018750
0 0.723437 0.590625 0.021875 0.018750
0 0.767188 0.590625 0.021875 0.018750
0 0.615625 0.598437 0.021875 0.018750
0 0.568750 0.590625 0.021875 0.018750
0 0.482812 0.590625 0.021875 0.018750
0 0.526563 0.590625 0.021875 0.018750
1 0.359375 0.567187 0.021875 0.018750
1 0.359375 0.518750 0.021875 0.018750
0 0.920312 0.300000 0.021875 0.018750
0 0.920312 0.348438 0.021875 0.018750
0 0.723437 0.364063 0.021875 0.018750
0 0.703125 0.373437 0.021875 0.018750
0 0.723437 0.348438 0.021875 0.018750
0 0.615625 0.364063 0.021875 0.018750
0 0.482812 0.364063 0.021875 0.018750
0 0.462500 0.373437 0.021875 0.018750
0 0.482812 0.364063 0.021875 0.018750
1 0.359375 0.292187 0.021875 0.018750
1 0.359375 0.340625 0.021875 0.018750
