10 0.740625 0.297656 0.131250 0.020313
10 0.189062 0.287500 0.125000 0.025000
10 0.762500 0.585938 0.043750 0.025000
10 0.549219 0.580469 0.064062 0.020313
10 0.417187 0.570312 0.050000 0.025000
14 0.424219 0.436719 0.848437 0.029687
14 0.061719 0.545312 0.123438 0.015625
14 0.051562 0.507812 0.103125 0.018750
14 0.061719 0.492188 0.123438 0.021875
14 0.430469 0.303125 0.195312 0.015625
14 0.286719 0.305469 0.060937 0.010937
9 0.860938 0.453125 0.003125 0.243750
9 0.076563 0.453125 0.003125 0.243750
9 0.783594 0.570312 0.001563 0.050000
4 0.774219 0.542188 0.010937 0.043750
2 0.685937 0.533594 0.015625 0.045312
9 0.741406 0.562500 0.001563 0.053125
4 0.732031 0.532813 0.010937 0.043750
9 0.675781 0.503125 0.001563 0.053125
4 0.646094 0.532813 0.010937 0.043750
9 0.578906 0.562500 0.001563 0.053125
4 0.569531 0.532813 0.010937 0.043750
9 0.517969 0.562500 0.001563 0.053125
9 0.536719 0.505469 0.001563 0.051562
4 0.507031 0.525000 0.010937 0.043750
9 0.441406 0.557031 0.001563 0.042188
2 0.428125 0.533594 0.015625 0.045312
2 0.337500 0.525781 0.015625 0.045312
9 0.392969 0.550781 0.001563 0.045312
4 0.382031 0.525000 0.010937 0.043750
9 0.325781 0.495312 0.001563 0.053125
4 0.296094 0.525000 0.010937 0.043750
9 0.130469 0.553906 0.001563 0.051562
9 0.127344 0.490625 0.001563 0.050000
9 0.803906 0.312500 0.001563 0.050000
4 0.774219 0.339062 0.010937 0.043750
9 0.655469 0.373437 0.001563 0.059375
9 0.675781 0.312500 0.001563 0.050000
3 0.625781 0.331250 0.014063 0.040625
9 0.536719 0.300000 0.001563 0.040625
9 0.325781 0.300000 0.001563 0.040625
9 0.249219 0.300000 0.001563 0.040625
3 0.217969 0.315625 0.014063 0.040625
9 0.169531 0.366406 0.001563 0.060937
4 0.141406 0.331250 0.010937 0.043750
9 0.127344 0.305469 0.001563 0.045312
4 0.097656 0.331250 0.010937 0.043750
9 0.017969 0.292187 0.001563 0.040625
0 0.793750 0.542188 0.021875 0.018750
0 0.751563 0.534375 0.021875 0.018750
0 0.665625 0.534375 0.021875 0.018750
0 0.709375 0.534375 0.021875 0.018750
0 0.589063 0.534375 0.021875 0.018750
0 0.528125 0.534375 0.021875 0.018750
0 0.546875 0.526563 0.021875 0.018750
0 0.528125 0.534375 0.021875 0.018750
0 0.451562 0.534375 0.021875 0.018750
0 0.403125 0.526563 0.021875 0.018750
0 0.317188 0.526563 0.021875 0.018750
0 0.360938 0.526563 0.021875 0.018750
0 0.140625 0.526563 0.021875 0.018750
0 0.137500 0.509375 0.021875 0.018750
0 0.117188 0.517188 0.021875 0.018750
0 0.793750 0.340625 0.021875 0.018750
0 0.665625 0.340625 0.021875 0.018750
0 0.646875 0.348438 0.021875 0.018750
0 0.665625 0.340625 0.021875 0.018750
0 0.528125 0.325000 0.021875 0.018750
0 0.317188 0.325000 0.021875 0.018750
0 0.240625 0.325000 0.021875 0.018750
1 0.179688 0.332813 0.021875 0.018750
1 0.160938 0.340625 0.021875 0.018750
0 0.117188 0.332813 0.021875 0.018750
0 0.010156 0.315625 0.020313 0.018750
