10 0.710156 0.405469 0.282813 0.048438
10 0.126562 0.397656 0.253125 0.054688
10 0.411719 0.592187 0.320312 0.043750
14 0.542969 0.566406 0.042188 0.010937
9 0.860938 0.445312 0.003125 0.228125
9 0.569531 0.582031 0.001563 0.057813
9 0.513281 0.580469 0.001563 0.054688
3 0.500781 0.542188 0.014063 0.040625
9 0.466406 0.571094 0.001563 0.051562
4 0.457031 0.542188 0.010937 0.043750
9 0.422656 0.575000 0.001563 0.059375
4 0.413281 0.542188 0.010937 0.043750
9 0.375781 0.570312 0.001563 0.065625
3 0.363281 0.525000 0.014063 0.040625
9 0.333594 0.503906 0.001563 0.051562
3 0.300781 0.525000 0.014063 0.040625
9 0.252344 0.567969 0.001563 0.060937
15 0.278906 0.503125 0.017188 0.053125
9 0.271094 0.504687 0.001563 0.053125
4 0.241406 0.532813 0.010937 0.043750
9 0.803906 0.376563 0.001563 0.065625
3 0.791406 0.331250 0.014063 0.040625
9 0.741406 0.385937 0.001563 0.053125
9 0.760156 0.327344 0.001563 0.051562
4 0.730469 0.356250 0.010937 0.043750
9 0.692969 0.388281 0.001563 0.057813
3 0.680469 0.348438 0.014063 0.040625
9 0.650781 0.327344 0.001563 0.051562
3 0.619531 0.348438 0.014063 0.040625
9 0.569531 0.396094 0.001563 0.057813
15 0.597656 0.334375 0.017188 0.053125
9 0.589844 0.334375 0.001563 0.053125
3 0.557031 0.356250 0.014063 0.040625
9 0.252344 0.351562 0.001563 0.081250
3 0.239844 0.300000 0.014063 0.040625
9 0.194531 0.362500 0.001563 0.071875
4 0.185156 0.323437 0.010937 0.043750
9 0.136719 0.374219 0.001563 0.060937
9 0.155469 0.310156 0.001563 0.051562
4 0.125781 0.339062 0.010937 0.043750
9 0.088281 0.376563 0.001563 0.065625
3 0.075781 0.331250 0.014063 0.040625
9 0.046094 0.310156 0.001563 0.051562
3 0.014844 0.331250 0.014063 0.040625
0 0.579688 0.550000 0.021875 0.018750
0 0.523438 0.550000 0.021875 0.018750
0 0.476562 0.542188 0.021875 0.018750
0 0.432812 0.542188 0.021875 0.018750
0 0.385937 0.534375 0.021875 0.018750
0 0.323437 0.534375 0.021875 0.018750
0 0.262500 0.534375 0.021875 0.018750
0 0.262500 0.534375 0.021875 0.018750
0 0.814063 0.340625 0.021875 0.018750
0 0.751563 0.356250 0.021875 0.018750
0 0.751563 0.356250 0.021875 0.018750
0 0.703125 0.356250 0.021875 0.018750
0 0.642188 0.356250 0.021875 0.018750
0 0.579688 0.364063 0.021875 0.018750
0 0.579688 0.364063 0.021875 0.018750
0 0.262500 0.307812 0.021875 0.018750
0 0.204687 0.325000 0.021875 0.018750
0 0.146875 0.340625 0.021875 0.018750
0 0.146875 0.340625 0.021875 0.018750
0 0.098437 0.340625 0.021875 0.018750
0 0.037500 0.340625 0.021875 0.018750
