10 0.639062 0.367969 0.050000 0.007812
10 0.181250 0.367969 0.050000 0.007812
10 0.789062 0.807813 0.050000 0.012500
10 0.639062 0.800781 0.050000 0.007812
10 0.181250 0.800781 0.050000 0.007812
10 0.789062 0.562500 0.050000 0.012500
10 0.639062 0.560156 0.050000 0.007812
10 0.181250 0.560156 0.050000 0.007812
14 0.799219 0.731250 0.048438 0.018750
14 0.696094 0.724219 0.048438 0.010937
14 0.600781 0.724219 0.048438 0.010937
14 0.238281 0.724219 0.048438 0.010937
14 0.142969 0.724219 0.048438 0.010937
14 0.799219 0.476562 0.048438 0.021875
14 0.696094 0.489844 0.048438 0.010937
14 0.600781 0.489844 0.048438 0.010937
14 0.238281 0.489844 0.048438 0.010937
14 0.142969 0.489844 0.048438 0.010937
14 0.696094 0.299219 0.048438 0.010937
14 0.600781 0.299219 0.048438 0.010937
14 0.238281 0.299219 0.048438 0.010937
14 0.142969 0.299219 0.048438 0.010937
9 0.860938 0.665625 0.003125 0.668750
9 0.396875 0.665625 0.003125 0.668750
15 0.720313 0.982031 0.015625 0.017188
9 0.813281 0.784375 0.001563 0.050000
9 0.764844 0.778125 0.001563 0.053125
2 0.751563 0.749219 0.015625 0.045312
15 0.721094 0.779687 0.020313 0.053125
9 0.711719 0.773438 0.001563 0.059375
9 0.663281 0.774219 0.001563 0.060937
9 0.614844 0.774219 0.001563 0.060937
15 0.577344 0.779687 0.020313 0.053125
9 0.567969 0.773438 0.001563 0.059375
9 0.471094 0.774219 0.001563 0.060937
2 0.457813 0.739844 0.015625 0.045312
12 0.431250 0.807813 0.015625 0.028125
9 0.300781 0.774219 0.001563 0.060937
15 0.261719 0.779687 0.020313 0.053125
9 0.252344 0.773438 0.001563 0.059375
9 0.205469 0.774219 0.001563 0.060937
9 0.157031 0.774219 0.001563 0.060937
15 0.117969 0.779687 0.020313 0.053125
9 0.108594 0.773438 0.001563 0.059375
9 0.013281 0.774219 0.001563 0.060937
2 0.003906 0.739844 0.007812 0.045312
15 0.022656 0.875781 0.032813 0.039062
9 0.813281 0.532031 0.001563 0.057813
2 0.800000 0.499219 0.015625 0.045312
9 0.764844 0.537500 0.001563 0.053125
15 0.721094 0.537500 0.020313 0.053125
9 0.711719 0.536719 0.001563 0.051562
9 0.663281 0.537500 0.001563 0.053125
9 0.614844 0.537500 0.001563 0.053125
15 0.577344 0.537500 0.020313 0.053125
9 0.567969 0.536719 0.001563 0.051562
9 0.471094 0.537500 0.001563 0.053125
12 0.431250 0.534375 0.015625 0.028125
9 0.300781 0.537500 0.001563 0.053125
15 0.261719 0.537500 0.020313 0.053125
9 0.252344 0.536719 0.001563 0.051562
9 0.205469 0.537500 0.001563 0.053125
9 0.157031 0.537500 0.001563 0.053125
15 0.117969 0.537500 0.020313 0.053125
9 0.108594 0.536719 0.001563 0.051562
9 0.013281 0.537500 0.001563 0.053125
15 0.022656 0.603906 0.032813 0.039062
9 0.764844 0.353125 0.001563 0.053125
15 0.721094 0.346875 0.020313 0.053125
9 0.711719 0.344531 0.001563 0.051562
9 0.663281 0.345313 0.001563 0.053125
9 0.614844 0.345313 0.001563 0.053125
15 0.577344 0.346875 0.020313 0.053125
9 0.567969 0.344531 0.001563 0.051562
9 0.471094 0.345313 0.001563 0.053125
12 0.431250 0.367188 0.015625 0.028125
9 0.300781 0.345313 0.001563 0.053125
15 0.261719 0.346875 0.020313 0.053125
9 0.252344 0.344531 0.001563 0.051562
9 0.205469 0.345313 0.001563 0.053125
9 0.157031 0.345313 0.001563 0.053125
15 0.117969 0.346875 0.020313 0.053125
9 0.108594 0.344531 0.001563 0.051562
9 0.013281 0.345313 0.001563 0.053125
4 0.004687 0.315625 0.009375 0.043750
15 0.022656 0.435156 0.032813 0.039062
0 0.823438 0.756250 0.021875 0.018750
0 0.775000 0.748437 0.021875 0.018750
0 0.721875 0.740625 0.021875 0.018750
0 0.673438 0.740625 0.021875 0.018750
0 0.625000 0.740625 0.021875 0.018750
0 0.578125 0.740625 0.021875 0.018750
0 0.481250 0.740625 0.021875 0.018750
0 0.310937 0.740625 0.021875 0.018750
0 0.262500 0.740625 0.021875 0.018750
0 0.215625 0.740625 0.021875 0.018750
0 0.167187 0.740625 0.021875 0.018750
0 0.118750 0.740625 0.021875 0.018750
0 0.023438 0.740625 0.021875 0.018750
0 0.823438 0.500000 0.021875 0.018750
0 0.775000 0.507812 0.021875 0.018750
0 0.721875 0.507812 0.021875 0.018750
0 0.673438 0.507812 0.021875 0.018750
0 0.625000 0.507812 0.021875 0.018750
0 0.578125 0.507812 0.021875 0.018750
0 0.481250 0.507812 0.021875 0.018750
0 0.310937 0.507812 0.021875 0.018750
0 0.262500 0.507812 0.021875 0.018750
0 0.215625 0.507812 0.021875 0.018750
0 0.167187 0.507812 0.021875 0.018750
0 0.118750 0.507812 0.021875 0.018750
0 0.023438 0.507812 0.021875 0.018750
0 0.775000 0.325000 0.021875 0.018750
0 0.721875 0.315625 0.021875 0.018750
0 0.673438 0.315625 0.021875 0.018750
0 0.625000 0.315625 0.021875 0.018750
0 0.578125 0.315625 0.021875 0.018750
0 0.481250 0.315625 0.021875 0.018750
0 0.310937 0.315625 0.021875 0.018750
0 0.262500 0.315625 0.021875 0.018750
0 0.215625 0.315625 0.021875 0.018750
0 0.167187 0.315625 0.021875 0.018750
0 0.118750 0.315625 0.021875 0.018750
0 0.023438 0.315625 0.021875 0.018750
