10 0.854688 0.367969 0.071875 0.007812
10 0.715625 0.370312 0.071875 0.028125
10 0.541406 0.375000 0.142187 0.028125
10 0.303906 0.367969 0.142187 0.007812
10 0.129688 0.367969 0.071875 0.007812
10 0.012500 0.370312 0.025000 0.028125
14 0.899219 0.782031 0.135937 0.014063
14 0.760156 0.782031 0.135937 0.014063
14 0.585938 0.780469 0.206250 0.017188
14 0.361719 0.780469 0.232813 0.017188
14 0.174219 0.782031 0.135937 0.014063
14 0.050781 0.782031 0.101562 0.014063
14 0.899219 0.442969 0.135937 0.014063
14 0.760156 0.442969 0.135937 0.014063
14 0.584375 0.441406 0.209375 0.017188
14 0.175000 0.442969 0.137500 0.014063
14 0.050781 0.442969 0.101562 0.014063
14 0.739844 0.288281 0.520312 0.054688
14 0.192188 0.278125 0.384375 0.053125
9 0.443750 0.607031 0.003125 0.551562
9 0.958594 0.829688 0.001563 0.053125
9 0.819531 0.829688 0.001563 0.053125
9 0.680469 0.829688 0.001563 0.053125
9 0.471094 0.829688 0.001563 0.053125
9 0.233594 0.829688 0.001563 0.053125
9 0.094531 0.829688 0.001563 0.053125
9 0.958594 0.660937 0.001563 0.053125
9 0.819531 0.655469 0.001563 0.060937
9 0.680469 0.668750 0.001563 0.053125
9 0.471094 0.655469 0.001563 0.060937
9 0.233594 0.699219 0.001563 0.051562
9 0.094531 0.684375 0.001563 0.053125
9 0.958594 0.494531 0.001563 0.060937
9 0.819531 0.494531 0.001563 0.060937
9 0.680469 0.494531 0.001563 0.060937
9 0.471094 0.494531 0.001563 0.060937
9 0.233594 0.494531 0.001563 0.060937
9 0.094531 0.494531 0.001563 0.060937
9 0.958594 0.341406 0.001563 0.060937
3 0.946094 0.300000 0.014063 0.040625
9 0.889844 0.345313 0.001563 0.053125
4 0.878906 0.315625 0.010937 0.043750
9 0.819531 0.345313 0.001563 0.053125
3 0.807031 0.307812 0.014063 0.040625
9 0.749219 0.353125 0.001563 0.053125
4 0.739844 0.323437 0.010937 0.043750
9 0.680469 0.332031 0.001563 0.057813
9 0.610156 0.337500 0.001563 0.053125
4 0.599219 0.307812 0.010937 0.043750
9 0.539844 0.350000 0.001563 0.046875
3 0.527344 0.315625 0.014063 0.040625
9 0.471094 0.359375 0.001563 0.050000
9 0.372656 0.345313 0.001563 0.053125
3 0.360156 0.307812 0.014063 0.040625
9 0.303906 0.349219 0.001563 0.045312
3 0.291406 0.315625 0.014063 0.040625
9 0.233594 0.341406 0.001563 0.060937
3 0.221094 0.300000 0.014063 0.040625
9 0.163281 0.345313 0.001563 0.053125
4 0.153906 0.315625 0.010937 0.043750
9 0.094531 0.345313 0.001563 0.053125
3 0.082031 0.307812 0.014063 0.040625
9 0.024219 0.353125 0.001563 0.053125
4 0.014844 0.323437 0.010937 0.043750
0 0.968750 0.800000 0.021875 0.018750
0 0.829688 0.800000 0.021875 0.018750
0 0.690625 0.800000 0.021875 0.018750
0 0.481250 0.800000 0.021875 0.018750
0 0.243750 0.800000 0.021875 0.018750
0 0.104688 0.800000 0.021875 0.018750
0 0.968750 0.631250 0.021875 0.018750
0 0.829688 0.623437 0.021875 0.018750
0 0.690625 0.639062 0.021875 0.018750
0 0.481250 0.623437 0.021875 0.018750
0 0.243750 0.671875 0.021875 0.018750
0 0.104688 0.654687 0.021875 0.018750
0 0.968750 0.460938 0.021875 0.018750
0 0.829688 0.460938 0.021875 0.018750
0 0.690625 0.460938 0.021875 0.018750
0 0.481250 0.460938 0.021875 0.018750
0 0.243750 0.460938 0.021875 0.018750
0 0.104688 0.460938 0.021875 0.018750
0 0.968750 0.307812 0.021875 0.018750
0 0.900000 0.315625 0.021875 0.018750
0 0.829688 0.315625 0.021875 0.018750
0 0.759375 0.325000 0.021875 0.018750
0 0.690625 0.300000 0.021875 0.018750
0 0.620313 0.307812 0.021875 0.018750
0 0.550000 0.325000 0.021875 0.018750
0 0.481250 0.332813 0.021875 0.018750
0 0.382812 0.315625 0.021875 0.018750
0 0.314063 0.325000 0.021875 0.018750
0 0.243750 0.307812 0.021875 0.018750
0 0.173437 0.315625 0.021875 0.018750
0 0.104688 0.315625 0.021875 0.018750
0 0.034375 0.325000 0.021875 0.018750
