10 0.887500 0.380469 0.140625 0.032813
10 0.710156 0.396094 0.142187 0.032813
10 0.439844 0.380469 0.157812 0.032813
10 0.284375 0.371094 0.078125 0.020313
10 0.129688 0.371094 0.078125 0.020313
14 0.149219 0.657031 0.139063 0.014063
14 0.316406 0.809375 0.632812 0.056250
14 0.108594 0.482031 0.217188 0.023438
14 0.316406 0.589844 0.632812 0.051562
14 0.878906 0.288281 0.101562 0.020313
14 0.682031 0.298438 0.064062 0.034375
14 0.428906 0.289062 0.117188 0.021875
9 0.556250 0.548438 0.003125 0.434375
9 0.994531 0.789844 0.001563 0.042188
2 0.981250 0.764844 0.015625 0.045312
9 0.639844 0.781250 0.001563 0.040625
9 0.660156 0.651563 0.001563 0.040625
2 0.626563 0.757031 0.015625 0.045312
9 0.361719 0.773438 0.001563 0.043750
9 0.207031 0.766406 0.001563 0.045312
9 0.227344 0.651563 0.001563 0.040625
9 0.053906 0.773438 0.001563 0.043750
9 0.072656 0.651563 0.001563 0.040625
15 0.575000 0.749219 0.028125 0.032813
15 0.575000 0.716406 0.025000 0.032813
9 0.994531 0.567187 0.001563 0.043750
2 0.981250 0.541406 0.015625 0.045312
9 0.639844 0.560156 0.001563 0.045312
9 0.660156 0.485938 0.001563 0.043750
2 0.626563 0.533594 0.015625 0.045312
12 0.369531 0.477344 0.017188 0.048438
9 0.361719 0.553125 0.001563 0.046875
9 0.230469 0.545312 0.001563 0.050000
9 0.227344 0.485938 0.001563 0.043750
9 0.053906 0.553125 0.001563 0.046875
15 0.575000 0.542969 0.028125 0.032813
15 0.575000 0.510156 0.025000 0.032813
9 0.994531 0.356250 0.001563 0.075000
8 0.966406 0.303906 0.004687 0.004687
9 0.957031 0.361719 0.001563 0.070312
8 0.927344 0.303906 0.004687 0.004687
9 0.917969 0.361719 0.001563 0.070312
9 0.888281 0.364844 0.001563 0.060937
9 0.857031 0.361719 0.001563 0.070312
9 0.817969 0.357812 0.001563 0.078125
8 0.789844 0.303906 0.004687 0.004687
9 0.780469 0.365625 0.001563 0.078125
8 0.750781 0.296094 0.004687 0.004687
9 0.741406 0.362500 0.001563 0.087500
8 0.713281 0.296094 0.004687 0.004687
9 0.702344 0.362500 0.001563 0.087500
9 0.671094 0.367188 0.001563 0.081250
9 0.639844 0.371094 0.001563 0.073438
8 0.525781 0.303906 0.004687 0.004687
9 0.516406 0.361719 0.001563 0.070312
8 0.488281 0.303906 0.004687 0.004687
9 0.477344 0.361719 0.001563 0.070312
9 0.447656 0.364844 0.001563 0.060937
2 0.434375 0.332031 0.015625 0.045312
9 0.399219 0.361719 0.001563 0.070312
9 0.361719 0.357812 0.001563 0.078125
8 0.332031 0.303906 0.004687 0.004687
9 0.322656 0.353125 0.001563 0.053125
8 0.294531 0.303906 0.004687 0.004687
9 0.283594 0.353125 0.001563 0.053125
8 0.255469 0.303906 0.004687 0.004687
9 0.246094 0.353125 0.001563 0.053125
8 0.178906 0.303906 0.004687 0.004687
9 0.169531 0.353125 0.001563 0.053125
8 0.139844 0.303906 0.004687 0.004687
9 0.130469 0.353125 0.001563 0.053125
8 0.102344 0.303906 0.004687 0.004687
9 0.091406 0.353125 0.001563 0.053125
15 0.575000 0.380469 0.028125 0.032813
15 0.575000 0.347656 0.025000 0.032813
15 0.100781 0.444531 0.029687 0.026562
1 0.650000 0.757812 0.021875 0.018750
1 0.650000 0.676562 0.021875 0.018750
0 0.371875 0.748437 0.021875 0.018750
0 0.217188 0.740625 0.021875 0.018750
1 0.217188 0.676562 0.021875 0.018750
0 0.064062 0.748437 0.021875 0.018750
0 0.064062 0.676562 0.021875 0.018750
0 0.010156 0.757812 0.020313 0.018750
1 0.650000 0.534375 0.021875 0.018750
1 0.650000 0.509375 0.021875 0.018750
0 0.371875 0.526563 0.021875 0.018750
0 0.240625 0.518750 0.021875 0.018750
0 0.217188 0.509375 0.021875 0.018750
0 0.064062 0.526563 0.021875 0.018750
0 0.010156 0.534375 0.020313 0.018750
0 0.967187 0.325000 0.021875 0.018750
0 0.928125 0.325000 0.021875 0.018750
0 0.898438 0.332813 0.021875 0.018750
0 0.867188 0.325000 0.021875 0.018750
0 0.828125 0.315625 0.021875 0.018750
0 0.790625 0.325000 0.021875 0.018750
0 0.751563 0.315625 0.021875 0.018750
0 0.712500 0.315625 0.021875 0.018750
0 0.681250 0.325000 0.021875 0.018750
0 0.650000 0.332813 0.021875 0.018750
0 0.526563 0.325000 0.021875 0.018750
0 0.487500 0.325000 0.021875 0.018750
0 0.457813 0.332813 0.021875 0.018750
0 0.409375 0.325000 0.021875 0.018750
0 0.371875 0.315625 0.021875 0.018750
0 0.332813 0.325000 0.021875 0.018750
0 0.293750 0.325000 0.021875 0.018750
0 0.256250 0.325000 0.021875 0.018750
0 0.179688 0.325000 0.021875 0.018750
0 0.140625 0.325000 0.021875 0.018750
0 0.101562 0.325000 0.021875 0.018750
