13 0.785156 0.199219 0.132812 0.014063
13 0.667188 0.201563 0.093750 0.012500
13 0.567969 0.201563 0.098437 0.012500
13 0.442969 0.197656 0.151562 0.014063
13 0.084375 0.200781 0.050000 0.010937
13 0.667969 0.031250 0.098437 0.012500
13 0.493750 0.039844 0.050000 0.010937
14 0.860938 0.134375 0.003125 0.268750
14 0.320312 0.134375 0.003125 0.268750
9 0.707031 0.247656 0.001563 0.051562
9 0.608594 0.247656 0.001563 0.051562
9 0.507031 0.247656 0.001563 0.051562
9 0.357031 0.247656 0.001563 0.051562
2 0.343750 0.217969 0.015625 0.045312
9 0.235156 0.231250 0.001563 0.053125
2 0.221875 0.202344 0.015625 0.045312
9 0.167969 0.247656 0.001563 0.051562
9 0.099219 0.247656 0.001563 0.051562
14 0.060156 0.248438 0.020313 0.053125
9 0.050781 0.247656 0.001563 0.051562
2 0.037500 0.217969 0.015625 0.045312
9 0.000781 0.215625 0.001563 0.050000
14 0.366406 0.305469 0.032813 0.039062
14 0.009375 0.310156 0.018750 0.026562
9 0.760156 0.085156 0.001563 0.051562
14 0.716406 0.079687 0.020313 0.053125
9 0.707031 0.077344 0.001563 0.051562
9 0.608594 0.078125 0.001563 0.053125
9 0.507031 0.085156 0.001563 0.051562
14 0.469531 0.087500 0.020313 0.053125
9 0.460156 0.085156 0.001563 0.051562
9 0.357031 0.078125 0.001563 0.053125
11 0.131250 0.060937 0.018750 0.009375
14 0.366406 0.144531 0.032813 0.039062
12 0.294531 0.072656 0.032813 0.042188
0 0.717187 0.218750 0.021875 0.018750
0 0.618750 0.218750 0.021875 0.018750
0 0.517188 0.218750 0.021875 0.018750
0 0.367188 0.218750 0.021875 0.018750
0 0.245312 0.203125 0.021875 0.018750
0 0.178125 0.218750 0.021875 0.018750
0 0.109375 0.218750 0.021875 0.018750
0 0.060937 0.218750 0.021875 0.018750
0 0.770312 0.057813 0.021875 0.018750
0 0.717187 0.048438 0.021875 0.018750
0 0.618750 0.048438 0.021875 0.018750
0 0.517188 0.057813 0.021875 0.018750
0 0.470313 0.057813 0.021875 0.018750
0 0.367188 0.048438 0.021875 0.018750
