10 0.119531 0.382812 0.051562 0.012500
10 0.947656 0.739062 0.051562 0.012500
10 0.823438 0.739062 0.100000 0.012500
10 0.590625 0.739062 0.100000 0.012500
10 0.467969 0.739062 0.051562 0.012500
10 0.343750 0.739062 0.100000 0.012500
10 0.947656 0.562500 0.051562 0.012500
10 0.823438 0.564063 0.100000 0.025000
10 0.590625 0.564063 0.100000 0.025000
10 0.467969 0.562500 0.051562 0.012500
10 0.343750 0.564063 0.100000 0.025000
10 0.093750 0.915625 0.100000 0.025000
14 0.127344 0.951562 0.067187 0.021875
14 0.160156 0.778125 0.132812 0.021875
14 0.160156 0.600000 0.132812 0.021875
14 0.160156 0.437500 0.132812 0.021875
14 0.967187 0.812500 0.065625 0.012500
14 0.833594 0.810937 0.198437 0.015625
14 0.503125 0.912500 0.096875 0.012500
14 0.346094 0.914844 0.214062 0.017188
14 0.128125 0.838281 0.050000 0.029687
14 0.956250 0.660156 0.050000 0.017188
14 0.834375 0.657031 0.100000 0.023438
14 0.600000 0.657031 0.100000 0.023438
14 0.476562 0.660156 0.050000 0.017188
14 0.354687 0.657031 0.100000 0.023438
14 0.956250 0.483594 0.050000 0.017188
14 0.834375 0.489844 0.100000 0.026562
14 0.600000 0.489844 0.100000 0.026562
14 0.476562 0.483594 0.050000 0.017188
14 0.354687 0.489844 0.100000 0.026562
14 0.128125 0.306250 0.050000 0.018750
9 0.689063 0.621875 0.003125 0.581250
9 0.193750 0.621875 0.003125 0.581250
9 0.922656 0.859375 0.001563 0.053125
9 0.725781 0.859375 0.001563 0.053125
3 0.713281 0.821875 0.014063 0.040625
9 0.560156 0.866406 0.001563 0.051562
9 0.461719 0.866406 0.001563 0.051562
9 0.247656 0.866406 0.001563 0.051562
3 0.216406 0.885938 0.014063 0.040625
9 0.142969 0.898438 0.001563 0.050000
9 0.094531 0.881250 0.001563 0.065625
9 0.044531 0.882812 0.001563 0.050000
15 0.195312 0.949219 0.053125 0.029687
15 0.238281 0.949219 0.032813 0.039062
9 0.971094 0.717187 0.001563 0.050000
9 0.922656 0.709375 0.001563 0.053125
9 0.872656 0.717187 0.001563 0.050000
9 0.824219 0.710938 0.001563 0.056250
4 0.813281 0.679688 0.010937 0.043750
9 0.774219 0.709375 0.001563 0.053125
2 0.760938 0.680469 0.015625 0.045312
12 0.732812 0.707812 0.015625 0.028125
9 0.639844 0.717187 0.001563 0.050000
9 0.589844 0.710938 0.001563 0.056250
4 0.580469 0.679688 0.010937 0.043750
9 0.541406 0.709375 0.001563 0.053125
2 0.528125 0.680469 0.015625 0.045312
9 0.491406 0.717187 0.001563 0.050000
9 0.442969 0.709375 0.001563 0.053125
9 0.392969 0.717187 0.001563 0.050000
9 0.344531 0.710938 0.001563 0.056250
4 0.333594 0.679688 0.010937 0.043750
9 0.294531 0.709375 0.001563 0.053125
2 0.281250 0.680469 0.015625 0.045312
12 0.235937 0.707812 0.015625 0.028125
9 0.094531 0.700781 0.001563 0.098437
12 0.051562 0.707812 0.015625 0.028125
15 0.007812 0.726562 0.015625 0.053125
15 0.260937 0.775781 0.053125 0.029687
15 0.303906 0.775781 0.032813 0.039062
9 0.971094 0.532813 0.001563 0.053125
9 0.922656 0.539062 0.001563 0.050000
9 0.872656 0.531250 0.001563 0.050000
3 0.860156 0.495312 0.014063 0.040625
9 0.824219 0.539062 0.001563 0.050000
9 0.774219 0.546875 0.001563 0.050000
2 0.760938 0.519531 0.015625 0.045312
12 0.732812 0.529687 0.015625 0.028125
9 0.639844 0.531250 0.001563 0.050000
9 0.589844 0.539062 0.001563 0.050000
9 0.541406 0.546875 0.001563 0.050000
9 0.491406 0.532813 0.001563 0.053125
9 0.442969 0.539062 0.001563 0.050000
9 0.392969 0.531250 0.001563 0.050000
3 0.380469 0.495312 0.014063 0.040625
9 0.344531 0.539062 0.001563 0.050000
9 0.294531 0.546875 0.001563 0.050000
2 0.281250 0.519531 0.015625 0.045312
12 0.235937 0.529687 0.015625 0.028125
9 0.094531 0.525000 0.001563 0.053125
4 0.083594 0.495312 0.010937 0.043750
12 0.051562 0.529687 0.015625 0.028125
15 0.007812 0.526563 0.015625 0.053125
15 0.260937 0.608594 0.053125 0.029687
15 0.303906 0.608594 0.032813 0.039062
9 0.922656 0.369531 0.001563 0.101562
9 0.774219 0.369531 0.001563 0.101562
12 0.732812 0.367188 0.015625 0.028125
15 0.649219 0.354687 0.020313 0.053125
9 0.639844 0.352344 0.001563 0.051562
9 0.541406 0.369531 0.001563 0.101562
9 0.442969 0.369531 0.001563 0.101562
9 0.294531 0.369531 0.001563 0.101562
12 0.235937 0.367188 0.015625 0.028125
9 0.142969 0.353125 0.001563 0.053125
9 0.094531 0.359375 0.001563 0.050000
12 0.051562 0.367188 0.015625 0.028125
15 0.007812 0.354687 0.015625 0.053125
15 0.260937 0.452344 0.053125 0.029687
15 0.303906 0.452344 0.032813 0.039062
0 0.932813 0.829688 0.021875 0.018750
1 0.735938 0.829688 0.021875 0.018750
0 0.551562 0.895312 0.021875 0.018750
0 0.453125 0.895312 0.021875 0.018750
1 0.239063 0.895312 0.021875 0.018750
0 0.153125 0.870313 0.021875 0.018750
0 0.104688 0.846875 0.021875 0.018750
0 0.054688 0.854688 0.021875 0.018750
0 0.008594 0.839063 0.017188 0.018750
0 0.981250 0.689063 0.021875 0.018750
0 0.932813 0.681250 0.021875 0.018750
0 0.882812 0.689063 0.021875 0.018750
0 0.834375 0.681250 0.021875 0.018750
0 0.784375 0.681250 0.021875 0.018750
0 0.650000 0.689063 0.021875 0.018750
0 0.600000 0.681250 0.021875 0.018750
0 0.551562 0.681250 0.021875 0.018750
0 0.501563 0.689063 0.021875 0.018750
0 0.453125 0.681250 0.021875 0.018750
0 0.403125 0.689063 0.021875 0.018750
0 0.354687 0.681250 0.021875 0.018750
0 0.304688 0.681250 0.021875 0.018750
0 0.104688 0.648438 0.021875 0.018750
0 0.104688 0.696875 0.021875 0.018750
0 0.008594 0.640625 0.017188 0.018750
0 0.008594 0.696875 0.017188 0.018750
0 0.981250 0.503125 0.021875 0.018750
0 0.932813 0.512500 0.021875 0.018750
0 0.882812 0.503125 0.021875 0.018750
0 0.834375 0.512500 0.021875 0.018750
0 0.784375 0.520312 0.021875 0.018750
0 0.650000 0.503125 0.021875 0.018750
0 0.600000 0.512500 0.021875 0.018750
0 0.551562 0.520312 0.021875 0.018750
0 0.501563 0.503125 0.021875 0.018750
0 0.453125 0.512500 0.021875 0.018750
0 0.403125 0.503125 0.021875 0.018750
0 0.354687 0.512500 0.021875 0.018750
0 0.304688 0.520312 0.021875 0.018750
0 0.104688 0.495312 0.021875 0.018750
0 0.008594 0.495312 0.017188 0.018750
0 0.932813 0.315625 0.021875 0.018750
0 0.932813 0.373437 0.021875 0.018750
0 0.784375 0.315625 0.021875 0.018750
0 0.784375 0.373437 0.021875 0.018750
0 0.650000 0.325000 0.021875 0.018750
0 0.629687 0.325000 0.021875 0.018750
0 0.551562 0.315625 0.021875 0.018750
0 0.551562 0.373437 0.021875 0.018750
0 0.453125 0.315625 0.021875 0.018750
0 0.453125 0.373437 0.021875 0.018750
0 0.304688 0.315625 0.021875 0.018750
0 0.304688 0.373437 0.021875 0.018750
0 0.153125 0.325000 0.021875 0.018750
0 0.104688 0.332813 0.021875 0.018750
0 0.008594 0.325000 0.017188 0.018750
