13 0.311719 0.695312 0.045312 0.065625
7 0.310937 0.527344 0.043750 0.114062
13 0.311719 0.927344 0.045312 0.057813
7 0.310937 0.366406 0.043750 0.114062
10 0.771094 0.515625 0.110937 0.028125
10 0.635938 0.483594 0.056250 0.020313
10 0.500781 0.500000 0.110937 0.028125
14 0.625781 0.616406 0.379688 0.042188
9 0.279687 0.648438 0.003125 0.634375
9 0.859375 0.648438 0.003125 0.634375
12 0.971094 0.932031 0.017188 0.048438
12 0.894531 0.932031 0.017188 0.048438
12 0.812500 0.934375 0.015625 0.028125
12 0.757812 0.934375 0.015625 0.028125
12 0.703125 0.934375 0.015625 0.028125
12 0.650000 0.934375 0.015625 0.028125
8 0.597656 0.998437 0.004687 0.003125
15 0.616406 0.950000 0.017188 0.053125
9 0.608594 0.951562 0.001563 0.053125
2 0.575000 0.978906 0.015625 0.042188
12 0.488281 0.932031 0.017188 0.048438
12 0.380469 0.932031 0.017188 0.048438
12 0.971094 0.696094 0.017188 0.048438
12 0.894531 0.696094 0.017188 0.048438
12 0.812500 0.698438 0.015625 0.028125
12 0.757812 0.698438 0.015625 0.028125
12 0.703125 0.698438 0.015625 0.028125
12 0.650000 0.698438 0.015625 0.028125
8 0.597656 0.764844 0.004687 0.004687
15 0.616406 0.714063 0.017188 0.053125
9 0.608594 0.715625 0.001563 0.053125
2 0.575000 0.744531 0.015625 0.045312
12 0.488281 0.696094 0.017188 0.048438
12 0.380469 0.696094 0.017188 0.048438
15 0.989062 0.777344 0.021875 0.029687
15 0.597656 0.792969 0.029687 0.026562
9 0.824219 0.555469 0.001563 0.060937
2 0.792188 0.589844 0.015625 0.045312
9 0.771094 0.543750 0.001563 0.056250
9 0.716406 0.529687 0.001563 0.050000
9 0.661719 0.514062 0.001563 0.050000
9 0.608594 0.499219 0.001563 0.045312
9 0.553906 0.514062 0.001563 0.050000
9 0.499219 0.528125 0.001563 0.056250
9 0.446094 0.539844 0.001563 0.060937
2 0.412500 0.574219 0.015625 0.045312
12 0.379688 0.528125 0.015625 0.028125
15 0.435156 0.633594 0.029687 0.026562
12 0.812500 0.367188 0.015625 0.028125
12 0.757812 0.367188 0.015625 0.028125
12 0.703125 0.367188 0.015625 0.028125
12 0.650000 0.367188 0.015625 0.028125
8 0.597656 0.447656 0.004687 0.004687
15 0.616406 0.390625 0.017188 0.053125
9 0.608594 0.396094 0.001563 0.060937
12 0.488281 0.364844 0.017188 0.048438
12 0.380469 0.364844 0.017188 0.048438
15 0.380469 0.439844 0.029687 0.026562
0 0.598437 0.979688 0.021875 0.018750
0 0.598437 0.745313 0.021875 0.018750
0 0.815625 0.590625 0.021875 0.018750
0 0.760938 0.575000 0.021875 0.018750
0 0.706250 0.557813 0.021875 0.018750
0 0.653125 0.542188 0.021875 0.018750
0 0.598437 0.526563 0.021875 0.018750
0 0.545312 0.542188 0.021875 0.018750
0 0.490625 0.557813 0.021875 0.018750
0 0.435937 0.575000 0.021875 0.018750
0 0.598437 0.429688 0.021875 0.018750
