10 0.761719 0.595313 0.107813 0.034375
14 0.785937 0.506250 0.134375 0.028125
14 0.595313 0.637500 0.062500 0.018750
14 0.435937 0.423438 0.053125 0.018750
14 0.281250 0.479687 0.053125 0.018750
9 0.860938 0.475781 0.003125 0.289062
9 0.682813 0.475781 0.003125 0.289062
9 0.518750 0.475781 0.003125 0.289062
9 0.365625 0.475781 0.003125 0.289062
9 0.210938 0.475781 0.003125 0.289062
9 0.062500 0.475781 0.003125 0.289062
9 0.814844 0.582812 0.001563 0.050000
4 0.803906 0.554688 0.010937 0.043750
9 0.766406 0.568750 0.001563 0.056250
9 0.708594 0.556250 0.001563 0.062500
9 0.635156 0.589063 0.001563 0.053125
3 0.603906 0.610938 0.014063 0.040625
15 0.582031 0.579688 0.017188 0.053125
9 0.574219 0.581250 0.001563 0.053125
3 0.541406 0.603125 0.014063 0.040625
9 0.452344 0.520312 0.001563 0.134375
3 0.439844 0.440625 0.014063 0.040625
15 0.410156 0.560937 0.020313 0.053125
9 0.400781 0.514062 0.001563 0.140625
3 0.388281 0.432812 0.014063 0.040625
9 0.299219 0.548438 0.001563 0.078125
3 0.286719 0.498437 0.014063 0.040625
15 0.255469 0.560937 0.020313 0.053125
9 0.246094 0.543750 0.001563 0.084375
3 0.233594 0.489063 0.014063 0.040625
9 0.144531 0.592187 0.001563 0.053125
3 0.132031 0.554688 0.014063 0.040625
15 0.107031 0.584375 0.020313 0.053125
9 0.097656 0.583594 0.001563 0.051562
3 0.085156 0.546875 0.014063 0.040625
9 0.016406 0.592969 0.001563 0.054688
3 0.005469 0.554688 0.010937 0.040625
15 0.717969 0.682031 0.029687 0.026562
15 0.563281 0.677344 0.048438 0.039062
15 0.408594 0.677344 0.032813 0.039062
15 0.255469 0.677344 0.054688 0.039062
0 0.825000 0.554688 0.021875 0.018750
0 0.776563 0.539062 0.021875 0.018750
0 0.718750 0.521875 0.021875 0.018750
0 0.626563 0.618750 0.021875 0.018750
0 0.564063 0.610938 0.021875 0.018750
0 0.462500 0.450000 0.021875 0.018750
0 0.410938 0.442188 0.021875 0.018750
0 0.309375 0.506250 0.021875 0.018750
0 0.256250 0.498437 0.021875 0.018750
0 0.154688 0.562500 0.021875 0.018750
0 0.107813 0.554688 0.021875 0.018750
0 0.026562 0.562500 0.021875 0.018750
