13 0.311719 0.735938 0.045312 0.065625
7 0.310937 0.527344 0.043750 0.114062
13 0.311719 0.894531 0.045312 0.057813
7 0.310937 0.366406 0.043750 0.114062
10 0.953906 0.390625 0.092188 0.028125
10 0.721094 0.749219 0.101562 0.007812
10 0.596094 0.745313 0.051562 0.025000
10 0.471094 0.753125 0.101562 0.015625
14 0.933594 0.681250 0.132812 0.037500
14 0.934375 0.701562 0.131250 0.015625
14 0.606250 0.664062 0.350000 0.037500
14 0.934375 0.593750 0.131250 0.015625
14 0.632031 0.592187 0.098437 0.012500
14 0.482031 0.593750 0.195312 0.015625
14 0.364063 0.591406 0.034375 0.010937
14 0.632031 0.323437 0.098437 0.012500
14 0.481250 0.320312 0.200000 0.015625
9 0.279687 0.631250 0.003125 0.600000
9 0.821875 0.631250 0.003125 0.600000
9 0.877344 0.925000 0.001563 0.053125
2 0.845313 0.953906 0.015625 0.045312
12 0.778125 0.901563 0.015625 0.028125
9 0.671094 0.904687 0.001563 0.087500
4 0.660156 0.898438 0.010937 0.043750
9 0.571094 0.911719 0.001563 0.085938
2 0.543750 0.905469 0.015625 0.045312
2 0.557813 0.866406 0.015625 0.045312
12 0.478906 0.897656 0.017188 0.048438
9 0.391406 0.917188 0.001563 0.053125
15 0.380469 0.980469 0.054688 0.026562
9 0.858594 0.749219 0.001563 0.051562
9 0.771094 0.726562 0.001563 0.053125
9 0.721094 0.730469 0.001563 0.045312
9 0.671094 0.721094 0.001563 0.060937
9 0.621094 0.727344 0.001563 0.054688
9 0.571094 0.710156 0.001563 0.054688
4 0.561719 0.679688 0.010937 0.043750
9 0.521094 0.719531 0.001563 0.057813
9 0.471094 0.726562 0.001563 0.053125
9 0.421094 0.732812 0.001563 0.050000
12 0.379688 0.739062 0.015625 0.028125
15 0.430469 0.808594 0.054688 0.039062
12 0.966406 0.525781 0.017188 0.048438
12 0.866406 0.525781 0.017188 0.048438
9 0.858594 0.598437 0.001563 0.040625
2 0.845313 0.574219 0.015625 0.045312
9 0.691406 0.543750 0.001563 0.053125
9 0.591406 0.543750 0.001563 0.053125
9 0.391406 0.543750 0.001563 0.053125
15 0.867969 0.650781 0.054688 0.039062
15 0.380469 0.622656 0.054688 0.026562
9 0.958594 0.367188 0.001563 0.046875
9 0.908594 0.380469 0.001563 0.042188
12 0.865625 0.367188 0.015625 0.028125
9 0.671094 0.370312 0.001563 0.053125
9 0.571094 0.370312 0.001563 0.053125
9 0.372656 0.370312 0.001563 0.053125
15 0.916406 0.436719 0.054688 0.039062
15 0.380469 0.439844 0.054688 0.026562
1 0.868750 0.954688 0.021875 0.018750
0 0.681250 0.857812 0.021875 0.018750
0 0.681250 0.898438 0.021875 0.018750
0 0.581250 0.865625 0.021875 0.018750
0 0.581250 0.906250 0.021875 0.018750
0 0.382812 0.946875 0.021875 0.018750
1 0.868750 0.720313 0.021875 0.018750
0 0.781250 0.696875 0.021875 0.018750
0 0.731250 0.704688 0.021875 0.018750
0 0.681250 0.689063 0.021875 0.018750
0 0.631250 0.696875 0.021875 0.018750
0 0.581250 0.679688 0.021875 0.018750
0 0.531250 0.689063 0.021875 0.018750
0 0.481250 0.696875 0.021875 0.018750
0 0.431250 0.704688 0.021875 0.018750
1 0.868750 0.575000 0.021875 0.018750
0 0.681250 0.575000 0.021875 0.018750
0 0.581250 0.575000 0.021875 0.018750
1 0.382812 0.575000 0.021875 0.018750
0 0.968750 0.340625 0.021875 0.018750
0 0.918750 0.356250 0.021875 0.018750
0 0.681250 0.340625 0.021875 0.018750
0 0.581250 0.340625 0.021875 0.018750
1 0.382812 0.340625 0.021875 0.018750
