10 0.890625 0.407031 0.218750 0.020313
10 0.555469 0.407031 0.270313 0.020313
10 0.222656 0.407031 0.270313 0.020313
10 0.890625 0.585156 0.218750 0.020313
10 0.555469 0.585156 0.270313 0.020313
10 0.222656 0.585156 0.270313 0.020313
14 0.895312 0.471875 0.209375 0.025000
14 0.399219 0.458594 0.601562 0.051562
14 0.895312 0.300781 0.209375 0.029687
14 0.399219 0.285156 0.601562 0.051562
9 0.728125 0.453125 0.003125 0.243750
9 0.395313 0.453125 0.003125 0.243750
9 0.056250 0.453125 0.003125 0.243750
9 0.963281 0.550000 0.001563 0.090625
9 0.925781 0.553125 0.001563 0.081250
4 0.914844 0.509375 0.010937 0.043750
9 0.883594 0.550000 0.001563 0.090625
9 0.846094 0.553125 0.001563 0.081250
2 0.815625 0.541406 0.015625 0.045312
5 0.832812 0.509375 0.015625 0.015625
15 0.790625 0.465625 0.021875 0.015625
9 0.782031 0.550000 0.001563 0.090625
2 0.751563 0.533594 0.015625 0.045312
2 0.768750 0.500781 0.015625 0.045312
9 0.689844 0.553125 0.001563 0.081250
9 0.625781 0.550000 0.001563 0.090625
9 0.588281 0.553125 0.001563 0.081250
9 0.522656 0.550000 0.001563 0.090625
9 0.485156 0.553125 0.001563 0.081250
15 0.431250 0.476562 0.021875 0.015625
9 0.421094 0.550000 0.001563 0.090625
9 0.357031 0.553125 0.001563 0.081250
9 0.292969 0.550000 0.001563 0.090625
9 0.253906 0.553125 0.001563 0.081250
9 0.189844 0.550000 0.001563 0.090625
9 0.152344 0.553125 0.001563 0.081250
15 0.098437 0.457813 0.021875 0.015625
9 0.088281 0.550000 0.001563 0.090625
4 0.078906 0.501563 0.010937 0.043750
9 0.017969 0.568750 0.001563 0.081250
9 0.963281 0.371875 0.001563 0.090625
9 0.925781 0.375000 0.001563 0.081250
4 0.914844 0.331250 0.010937 0.043750
9 0.883594 0.371875 0.001563 0.090625
9 0.846094 0.375000 0.001563 0.081250
2 0.815625 0.364844 0.015625 0.045312
5 0.832812 0.331250 0.015625 0.015625
9 0.782031 0.371875 0.001563 0.090625
2 0.751563 0.355469 0.015625 0.045312
2 0.768750 0.324219 0.015625 0.045312
9 0.689844 0.375000 0.001563 0.081250
4 0.661719 0.364063 0.010937 0.043750
2 0.676562 0.332031 0.015625 0.045312
9 0.625781 0.371875 0.001563 0.090625
9 0.588281 0.375000 0.001563 0.081250
4 0.560156 0.364063 0.010937 0.043750
2 0.575000 0.332031 0.015625 0.045312
9 0.522656 0.371875 0.001563 0.090625
9 0.485156 0.375000 0.001563 0.081250
4 0.458594 0.364063 0.010937 0.043750
2 0.471875 0.332031 0.015625 0.045312
9 0.421094 0.371875 0.001563 0.090625
9 0.357031 0.375000 0.001563 0.081250
4 0.328906 0.364063 0.010937 0.043750
2 0.343750 0.332031 0.015625 0.045312
9 0.292969 0.371875 0.001563 0.090625
9 0.253906 0.375000 0.001563 0.081250
4 0.227344 0.364063 0.010937 0.043750
2 0.242188 0.332031 0.015625 0.045312
9 0.189844 0.371875 0.001563 0.090625
9 0.152344 0.375000 0.001563 0.081250
4 0.125781 0.364063 0.010937 0.043750
2 0.139063 0.332031 0.015625 0.045312
15 0.098437 0.285938 0.021875 0.015625
9 0.088281 0.371875 0.001563 0.090625
4 0.078906 0.323437 0.010937 0.043750
9 0.017969 0.392188 0.001563 0.081250
2 0.006250 0.347656 0.012500 0.045312
0 0.973437 0.534375 0.021875 0.018750
0 0.973437 0.501563 0.021875 0.018750
0 0.935937 0.509375 0.021875 0.018750
0 0.935937 0.542188 0.021875 0.018750
0 0.893750 0.501563 0.021875 0.018750
0 0.893750 0.534375 0.021875 0.018750
0 0.856250 0.509375 0.021875 0.018750
0 0.856250 0.542188 0.021875 0.018750
0 0.792188 0.534375 0.021875 0.018750
0 0.792188 0.501563 0.021875 0.018750
0 0.700000 0.509375 0.021875 0.018750
0 0.700000 0.542188 0.021875 0.018750
0 0.635938 0.501563 0.021875 0.018750
0 0.635938 0.534375 0.021875 0.018750
0 0.598437 0.509375 0.021875 0.018750
0 0.598437 0.542188 0.021875 0.018750
0 0.532813 0.534375 0.021875 0.018750
0 0.532813 0.501563 0.021875 0.018750
0 0.495312 0.509375 0.021875 0.018750
0 0.495312 0.542188 0.021875 0.018750
0 0.431250 0.501563 0.021875 0.018750
0 0.431250 0.534375 0.021875 0.018750
0 0.367188 0.509375 0.021875 0.018750
0 0.367188 0.542188 0.021875 0.018750
0 0.303125 0.534375 0.021875 0.018750
0 0.303125 0.501563 0.021875 0.018750
0 0.264062 0.542188 0.021875 0.018750
0 0.264062 0.509375 0.021875 0.018750
0 0.200000 0.501563 0.021875 0.018750
0 0.200000 0.534375 0.021875 0.018750
0 0.162500 0.542188 0.021875 0.018750
0 0.162500 0.509375 0.021875 0.018750
0 0.098437 0.501563 0.021875 0.018750
0 0.098437 0.534375 0.021875 0.018750
0 0.028125 0.526563 0.021875 0.018750
0 0.028125 0.557813 0.021875 0.018750
0 0.973437 0.356250 0.021875 0.018750
0 0.973437 0.325000 0.021875 0.018750
0 0.935937 0.332813 0.021875 0.018750
0 0.935937 0.364063 0.021875 0.018750
0 0.893750 0.356250 0.021875 0.018750
0 0.893750 0.325000 0.021875 0.018750
0 0.856250 0.364063 0.021875 0.018750
0 0.856250 0.332813 0.021875 0.018750
0 0.792188 0.325000 0.021875 0.018750
0 0.792188 0.356250 0.021875 0.018750
0 0.700000 0.332813 0.021875 0.018750
0 0.700000 0.364063 0.021875 0.018750
0 0.635938 0.325000 0.021875 0.018750
0 0.635938 0.356250 0.021875 0.018750
0 0.598437 0.332813 0.021875 0.018750
0 0.598437 0.364063 0.021875 0.018750
0 0.532813 0.325000 0.021875 0.018750
0 0.532813 0.356250 0.021875 0.018750
0 0.495312 0.332813 0.021875 0.018750
0 0.495312 0.364063 0.021875 0.018750
0 0.431250 0.325000 0.021875 0.018750
0 0.431250 0.356250 0.021875 0.018750
0 0.367188 0.332813 0.021875 0.018750
0 0.367188 0.364063 0.021875 0.018750
0 0.303125 0.325000 0.021875 0.018750
0 0.303125 0.356250 0.021875 0.018750
0 0.264062 0.332813 0.021875 0.018750
0 0.264062 0.364063 0.021875 0.018750
0 0.200000 0.325000 0.021875 0.018750
0 0.200000 0.356250 0.021875 0.018750
0 0.162500 0.332813 0.021875 0.018750
0 0.162500 0.364063 0.021875 0.018750
0 0.098437 0.325000 0.021875 0.018750
0 0.098437 0.356250 0.021875 0.018750
0 0.028125 0.348438 0.021875 0.018750
0 0.028125 0.381250 0.021875 0.018750
