7 0.276562 0.641406 0.043750 0.114062
7 0.276562 0.366406 0.043750 0.114062
10 0.757031 0.627344 0.098437 0.007812
10 0.604688 0.627344 0.050000 0.007812
10 0.403906 0.627344 0.098437 0.007812
14 0.770312 0.712500 0.325000 0.025000
9 0.245312 0.502344 0.003125 0.342187
9 0.984375 0.502344 0.003125 0.342187
9 0.840625 0.502344 0.003125 0.342187
9 0.662500 0.502344 0.003125 0.342187
9 0.485938 0.502344 0.003125 0.342187
12 0.942187 0.642188 0.015625 0.028125
9 0.886719 0.650000 0.001563 0.053125
9 0.805469 0.650000 0.001563 0.053125
9 0.757031 0.650000 0.001563 0.053125
9 0.708594 0.650000 0.001563 0.053125
9 0.628906 0.650000 0.001563 0.053125
9 0.580469 0.650000 0.001563 0.053125
15 0.539844 0.650000 0.017188 0.053125
9 0.532031 0.651563 0.001563 0.053125
9 0.452344 0.650000 0.001563 0.053125
9 0.403906 0.650000 0.001563 0.053125
9 0.355469 0.650000 0.001563 0.053125
0 0.896875 0.681250 0.021875 0.018750
0 0.876563 0.681250 0.021875 0.018750
0 0.815625 0.681250 0.021875 0.018750
0 0.796875 0.681250 0.021875 0.018750
0 0.767188 0.681250 0.021875 0.018750
0 0.748437 0.681250 0.021875 0.018750
0 0.718750 0.681250 0.021875 0.018750
0 0.700000 0.681250 0.021875 0.018750
0 0.639062 0.681250 0.021875 0.018750
0 0.618750 0.681250 0.021875 0.018750
0 0.590625 0.681250 0.021875 0.018750
0 0.571875 0.681250 0.021875 0.018750
0 0.542188 0.681250 0.021875 0.018750
0 0.523438 0.681250 0.021875 0.018750
0 0.462500 0.681250 0.021875 0.018750
0 0.442188 0.681250 0.021875 0.018750
0 0.414062 0.681250 0.021875 0.018750
0 0.393750 0.681250 0.021875 0.018750
0 0.365625 0.681250 0.021875 0.018750
0 0.345313 0.681250 0.021875 0.018750
