10 0.309375 0.032813 0.096875 0.012500
10 0.192188 0.017969 0.050000 0.007812
10 0.071875 0.026562 0.096875 0.025000
14 0.660937 0.205469 0.134375 0.014063
14 0.180469 0.123438 0.332813 0.037500
9 0.860938 0.128906 0.003125 0.257812
9 0.385937 0.128906 0.003125 0.257812
9 0.717969 0.250000 0.001563 0.046875
9 0.585156 0.250000 0.001563 0.046875
2 0.571875 0.224219 0.015625 0.045312
12 0.497656 0.224219 0.017188 0.048438
9 0.441406 0.255469 0.001563 0.060937
2 0.409375 0.288281 0.015625 0.045312
12 0.345313 0.226562 0.015625 0.028125
12 0.296875 0.226562 0.015625 0.028125
12 0.250000 0.226562 0.015625 0.028125
9 0.167969 0.251563 0.001563 0.053125
2 0.134375 0.280469 0.015625 0.045312
12 0.060156 0.224219 0.017188 0.048438
15 0.592969 0.307031 0.032813 0.039062
12 0.820312 0.065625 0.015625 0.028125
12 0.773438 0.065625 0.015625 0.028125
12 0.725000 0.065625 0.015625 0.028125
12 0.592969 0.063281 0.017188 0.048438
9 0.441406 0.089063 0.001563 0.053125
2 0.409375 0.119531 0.015625 0.045312
9 0.357031 0.063281 0.001563 0.057813
2 0.325000 0.094531 0.015625 0.045312
9 0.310156 0.066406 0.001563 0.067187
9 0.261719 0.057813 0.001563 0.053125
9 0.214844 0.040625 0.001563 0.053125
4 0.185156 0.070312 0.010937 0.043750
9 0.167969 0.040625 0.001563 0.053125
2 0.134375 0.071094 0.015625 0.045312
9 0.119531 0.043750 0.001563 0.050000
9 0.072656 0.051562 0.001563 0.050000
9 0.024219 0.059375 0.001563 0.050000
0 0.728125 0.225000 0.021875 0.018750
0 0.595313 0.225000 0.021875 0.018750
0 0.432812 0.289062 0.021875 0.018750
0 0.157812 0.281250 0.021875 0.018750
1 0.432812 0.120313 0.021875 0.018750
0 0.348438 0.095312 0.021875 0.018750
0 0.300000 0.103125 0.021875 0.018750
0 0.253125 0.087500 0.021875 0.018750
0 0.204687 0.071875 0.021875 0.018750
0 0.157812 0.071875 0.021875 0.018750
0 0.110937 0.071875 0.021875 0.018750
0 0.062500 0.079687 0.021875 0.018750
0 0.015625 0.087500 0.021875 0.018750
