10 0.867969 0.344531 0.070312 0.007812
10 0.735938 0.342187 0.062500 0.028125
10 0.550781 0.337500 0.135937 0.028125
10 0.311719 0.250000 0.135937 0.012500
10 0.145313 0.255469 0.068750 0.007812
10 0.022656 0.242188 0.045312 0.015625
10 0.867969 0.775781 0.070312 0.007812
10 0.725781 0.768750 0.085938 0.025000
10 0.550781 0.776563 0.135937 0.025000
10 0.311719 0.770312 0.135937 0.012500
10 0.145313 0.775781 0.068750 0.007812
10 0.022656 0.768750 0.045312 0.025000
10 0.867969 0.538281 0.070312 0.007812
10 0.725781 0.539062 0.085938 0.025000
10 0.550781 0.531250 0.135937 0.025000
10 0.311719 0.530469 0.135937 0.007812
10 0.145313 0.538281 0.068750 0.007812
10 0.022656 0.539062 0.045312 0.025000
13 0.885156 0.910937 0.120313 0.012500
13 0.741406 0.911719 0.135937 0.014063
13 0.741406 0.743750 0.517188 0.056250
13 0.566406 0.912500 0.185938 0.015625
13 0.160938 0.910937 0.118750 0.012500
13 0.042969 0.910937 0.085938 0.012500
13 0.189844 0.746094 0.379688 0.054688
13 0.885156 0.673438 0.120313 0.012500
13 0.741406 0.674219 0.135937 0.014063
13 0.741406 0.491406 0.517188 0.054688
13 0.566406 0.675000 0.185938 0.015625
13 0.160938 0.673438 0.118750 0.012500
13 0.042969 0.673438 0.085938 0.012500
13 0.189844 0.492969 0.379688 0.051562
13 0.907031 0.421875 0.120313 0.012500
13 0.760156 0.395313 0.098437 0.012500
13 0.741406 0.300000 0.517188 0.056250
13 0.557813 0.423438 0.168750 0.015625
13 0.160938 0.388281 0.118750 0.010937
13 0.042969 0.388281 0.085938 0.010937
13 0.189844 0.218750 0.379688 0.050000
14 0.426563 0.665625 0.003125 0.668750
9 0.683594 0.989844 0.001563 0.020313
9 0.483594 0.989844 0.001563 0.020313
9 0.950781 0.917969 0.001563 0.042188
9 0.969531 0.789062 0.001563 0.040625
4 0.939844 0.812500 0.010937 0.043750
9 0.902344 0.794531 0.001563 0.045312
4 0.872656 0.820312 0.010937 0.043750
9 0.814844 0.917969 0.001563 0.042188
9 0.833594 0.794531 0.001563 0.045312
3 0.802344 0.812500 0.014063 0.040625
9 0.767969 0.801562 0.001563 0.050000
4 0.736719 0.828125 0.010937 0.043750
9 0.663281 0.917969 0.001563 0.042188
9 0.683594 0.780469 0.001563 0.042188
9 0.616406 0.789844 0.001563 0.042188
2 0.584375 0.811719 0.015625 0.045312
9 0.549219 0.801562 0.001563 0.050000
3 0.517969 0.820312 0.014063 0.040625
9 0.463281 0.917969 0.001563 0.042188
9 0.483594 0.809375 0.001563 0.050000
9 0.378906 0.794531 0.001563 0.045312
3 0.346094 0.812500 0.014063 0.040625
9 0.311719 0.798438 0.001563 0.056250
3 0.278906 0.820312 0.014063 0.040625
9 0.225781 0.917969 0.001563 0.042188
9 0.244531 0.789062 0.001563 0.040625
4 0.214844 0.812500 0.010937 0.043750
9 0.177344 0.794531 0.001563 0.045312
4 0.147656 0.820312 0.010937 0.043750
9 0.091406 0.917969 0.001563 0.042188
9 0.111719 0.794531 0.001563 0.045312
3 0.078906 0.812500 0.014063 0.040625
9 0.044531 0.801562 0.001563 0.050000
4 0.014844 0.828125 0.010937 0.043750
9 0.950781 0.678906 0.001563 0.042188
9 0.969531 0.557031 0.001563 0.060937
4 0.939844 0.590625 0.010937 0.043750
9 0.902344 0.557031 0.001563 0.045312
4 0.872656 0.582812 0.010937 0.043750
9 0.814844 0.678906 0.001563 0.042188
9 0.833594 0.557031 0.001563 0.045312
2 0.801562 0.582031 0.015625 0.045312
9 0.767969 0.550781 0.001563 0.042188
4 0.736719 0.575000 0.010937 0.043750
9 0.663281 0.678906 0.001563 0.042188
9 0.683594 0.571875 0.001563 0.050000
9 0.616406 0.564063 0.001563 0.050000
3 0.585156 0.582812 0.014063 0.040625
9 0.549219 0.550781 0.001563 0.042188
2 0.517188 0.574219 0.015625 0.045312
9 0.463281 0.678906 0.001563 0.042188
9 0.483594 0.542969 0.001563 0.042188
9 0.378906 0.553125 0.001563 0.053125
2 0.345313 0.582031 0.015625 0.045312
9 0.311719 0.549219 0.001563 0.045312
2 0.278125 0.574219 0.015625 0.045312
9 0.225781 0.678906 0.001563 0.042188
9 0.244531 0.557031 0.001563 0.060937
4 0.214844 0.590625 0.010937 0.043750
9 0.177344 0.557031 0.001563 0.045312
4 0.147656 0.582812 0.010937 0.043750
9 0.091406 0.678906 0.001563 0.042188
9 0.111719 0.557031 0.001563 0.045312
2 0.078125 0.582031 0.015625 0.045312
9 0.044531 0.550781 0.001563 0.042188
4 0.014844 0.575000 0.010937 0.043750
9 0.972656 0.428906 0.001563 0.042188
9 0.969531 0.371094 0.001563 0.060937
9 0.902344 0.367188 0.001563 0.053125
3 0.871094 0.389062 0.014063 0.040625
9 0.836719 0.428906 0.001563 0.042188
9 0.833594 0.367188 0.001563 0.053125
9 0.767969 0.357812 0.001563 0.053125
4 0.736719 0.387500 0.010937 0.043750
9 0.705469 0.380469 0.001563 0.057813
9 0.663281 0.428906 0.001563 0.042188
4 0.653906 0.404687 0.010937 0.043750
9 0.616406 0.375000 0.001563 0.053125
3 0.585156 0.396875 0.014063 0.040625
9 0.549219 0.360938 0.001563 0.046875
2 0.517188 0.388281 0.015625 0.045312
9 0.463281 0.428906 0.001563 0.042188
9 0.483594 0.353125 0.001563 0.050000
9 0.378906 0.274219 0.001563 0.045312
4 0.349219 0.300000 0.010937 0.043750
9 0.311719 0.278125 0.001563 0.056250
3 0.278906 0.300000 0.014063 0.040625
9 0.225781 0.397656 0.001563 0.045312
9 0.244531 0.267188 0.001563 0.040625
4 0.214844 0.290625 0.010937 0.043750
9 0.177344 0.274219 0.001563 0.045312
2 0.145313 0.299219 0.015625 0.045312
9 0.091406 0.397656 0.001563 0.045312
9 0.111719 0.274219 0.001563 0.045312
9 0.044531 0.275781 0.001563 0.057813
4 0.014844 0.307812 0.010937 0.043750
0 0.960938 0.893750 0.021875 0.018750
0 0.960938 0.812500 0.021875 0.018750
0 0.893750 0.820312 0.021875 0.018750
0 0.825000 0.893750 0.021875 0.018750
0 0.825000 0.820312 0.021875 0.018750
0 0.757812 0.829688 0.021875 0.018750
0 0.673438 0.893750 0.021875 0.018750
0 0.673438 0.804688 0.021875 0.018750
0 0.607812 0.812500 0.021875 0.018750
0 0.540625 0.829688 0.021875 0.018750
0 0.473438 0.893750 0.021875 0.018750
0 0.473438 0.837500 0.021875 0.018750
0 0.368750 0.820312 0.021875 0.018750
0 0.301563 0.829688 0.021875 0.018750
0 0.235937 0.893750 0.021875 0.018750
0 0.235937 0.812500 0.021875 0.018750
0 0.168750 0.820312 0.021875 0.018750
0 0.101562 0.893750 0.021875 0.018750
0 0.101562 0.820312 0.021875 0.018750
0 0.034375 0.829688 0.021875 0.018750
0 0.960938 0.656250 0.021875 0.018750
0 0.960938 0.590625 0.021875 0.018750
0 0.893750 0.582812 0.021875 0.018750
0 0.825000 0.656250 0.021875 0.018750
0 0.825000 0.582812 0.021875 0.018750
0 0.757812 0.575000 0.021875 0.018750
0 0.673438 0.656250 0.021875 0.018750
0 0.673438 0.600000 0.021875 0.018750
0 0.607812 0.590625 0.021875 0.018750
0 0.540625 0.575000 0.021875 0.018750
0 0.473438 0.656250 0.021875 0.018750
0 0.473438 0.567187 0.021875 0.018750
0 0.368750 0.582812 0.021875 0.018750
0 0.301563 0.575000 0.021875 0.018750
0 0.235937 0.656250 0.021875 0.018750
0 0.235937 0.590625 0.021875 0.018750
0 0.168750 0.582812 0.021875 0.018750
0 0.101562 0.656250 0.021875 0.018750
0 0.101562 0.582812 0.021875 0.018750
0 0.034375 0.575000 0.021875 0.018750
0 0.982812 0.404687 0.021875 0.018750
0 0.960938 0.404687 0.021875 0.018750
0 0.893750 0.396875 0.021875 0.018750
0 0.846875 0.404687 0.021875 0.018750
0 0.825000 0.396875 0.021875 0.018750
0 0.757812 0.389062 0.021875 0.018750
0 0.696875 0.412500 0.021875 0.018750
0 0.673438 0.404687 0.021875 0.018750
0 0.607812 0.404687 0.021875 0.018750
0 0.540625 0.389062 0.021875 0.018750
0 0.473438 0.404687 0.021875 0.018750
0 0.473438 0.381250 0.021875 0.018750
0 0.368750 0.300000 0.021875 0.018750
0 0.301563 0.307812 0.021875 0.018750
0 0.235937 0.373437 0.021875 0.018750
0 0.235937 0.292187 0.021875 0.018750
0 0.168750 0.300000 0.021875 0.018750
0 0.101562 0.373437 0.021875 0.018750
0 0.101562 0.300000 0.021875 0.018750
0 0.034375 0.307812 0.021875 0.018750
