10 0.641406 0.643750 0.104688 0.025000
10 0.512500 0.640625 0.053125 0.012500
10 0.383594 0.651563 0.104688 0.025000
10 0.138281 0.643750 0.104688 0.025000
10 0.017969 0.640625 0.035937 0.012500
14 0.960938 0.753125 0.078125 0.012500
14 0.846875 0.753906 0.146875 0.014063
14 0.503125 0.744531 0.362500 0.032813
14 0.090625 0.744531 0.181250 0.032813
14 0.528906 0.592187 0.101562 0.012500
14 0.373437 0.594531 0.203125 0.017188
14 0.174219 0.593750 0.189062 0.015625
14 0.037500 0.592187 0.075000 0.012500
9 0.726562 0.607812 0.003125 0.553125
9 0.223438 0.607812 0.003125 0.553125
9 0.910156 0.878125 0.001563 0.046875
2 0.896875 0.850781 0.015625 0.045312
12 0.844531 0.850781 0.017188 0.048438
9 0.783594 0.878125 0.001563 0.053125
2 0.750000 0.907031 0.015625 0.045312
12 0.681250 0.854688 0.015625 0.028125
12 0.629687 0.854688 0.015625 0.028125
12 0.578125 0.854688 0.015625 0.028125
9 0.486719 0.870313 0.001563 0.053125
12 0.371094 0.850781 0.017188 0.048438
9 0.280469 0.862500 0.001563 0.053125
2 0.246875 0.891406 0.015625 0.045312
12 0.178125 0.854688 0.015625 0.028125
12 0.126562 0.854688 0.015625 0.028125
12 0.075000 0.854688 0.015625 0.028125
9 0.928906 0.706250 0.001563 0.053125
9 0.783594 0.706250 0.001563 0.053125
2 0.750000 0.735156 0.015625 0.045312
9 0.692969 0.680469 0.001563 0.057813
9 0.641406 0.663281 0.001563 0.042188
9 0.589844 0.655469 0.001563 0.042188
2 0.557813 0.678906 0.015625 0.045312
9 0.538281 0.667188 0.001563 0.050000
9 0.486719 0.661719 0.001563 0.045312
2 0.454688 0.686719 0.015625 0.045312
9 0.435156 0.667188 0.001563 0.050000
9 0.383594 0.676562 0.001563 0.050000
2 0.350000 0.703906 0.015625 0.045312
9 0.332031 0.684375 0.001563 0.050000
2 0.298438 0.711719 0.015625 0.045312
12 0.267188 0.690625 0.015625 0.028125
9 0.189844 0.680469 0.001563 0.057813
9 0.138281 0.663281 0.001563 0.042188
9 0.086719 0.655469 0.001563 0.042188
2 0.054688 0.678906 0.015625 0.045312
9 0.035156 0.667188 0.001563 0.050000
15 0.988281 0.535937 0.017188 0.053125
9 0.980469 0.537500 0.001563 0.053125
2 0.948438 0.566406 0.015625 0.045312
12 0.917188 0.528125 0.015625 0.028125
12 0.844531 0.525781 0.017188 0.048438
12 0.771094 0.525781 0.017188 0.048438
9 0.589844 0.543750 0.001563 0.053125
9 0.486719 0.543750 0.001563 0.053125
9 0.280469 0.543750 0.001563 0.053125
9 0.086719 0.543750 0.001563 0.053125
11 0.946875 0.351562 0.018750 0.009375
11 0.473438 0.351562 0.018750 0.009375
0 0.920312 0.851562 0.021875 0.018750
0 0.773438 0.907813 0.021875 0.018750
0 0.478125 0.900000 0.021875 0.018750
0 0.270313 0.892188 0.021875 0.018750
0 0.920312 0.735938 0.021875 0.018750
1 0.773438 0.735938 0.021875 0.018750
0 0.684375 0.712500 0.021875 0.018750
0 0.632812 0.687500 0.021875 0.018750
0 0.581250 0.679688 0.021875 0.018750
0 0.529687 0.695312 0.021875 0.018750
0 0.478125 0.687500 0.021875 0.018750
0 0.425000 0.695312 0.021875 0.018750
0 0.373437 0.703125 0.021875 0.018750
0 0.321875 0.712500 0.021875 0.018750
0 0.181250 0.712500 0.021875 0.018750
0 0.129688 0.687500 0.021875 0.018750
0 0.078125 0.679688 0.021875 0.018750
0 0.026562 0.695312 0.021875 0.018750
0 0.971875 0.567187 0.021875 0.018750
0 0.581250 0.575000 0.021875 0.018750
0 0.478125 0.575000 0.021875 0.018750
1 0.270313 0.575000 0.021875 0.018750
0 0.078125 0.575000 0.021875 0.018750
