13 0.311719 0.123438 0.045312 0.065625
13 0.311719 0.280469 0.045312 0.057813
14 0.728906 0.252344 0.135937 0.057813
14 0.728906 0.088281 0.132812 0.014063
14 0.661719 0.073438 0.539062 0.050000
14 0.527344 0.085938 0.270313 0.018750
9 0.279687 0.159375 0.003125 0.318750
9 0.987500 0.159375 0.003125 0.318750
9 0.805469 0.272656 0.001563 0.051562
9 0.650781 0.273438 0.001563 0.053125
9 0.402344 0.272656 0.001563 0.051562
15 0.391406 0.360156 0.029687 0.026562
15 0.928906 0.145313 0.020313 0.053125
9 0.919531 0.144531 0.001563 0.051562
9 0.785156 0.135156 0.001563 0.051562
9 0.650781 0.135156 0.001563 0.051562
9 0.382031 0.136719 0.001563 0.051562
15 0.391406 0.199219 0.029687 0.026562
15 0.458594 0.030469 0.029687 0.026562
0 0.795312 0.301563 0.021875 0.018750
0 0.660937 0.245312 0.021875 0.018750
1 0.392188 0.301563 0.021875 0.018750
0 0.929688 0.115625 0.021875 0.018750
0 0.795312 0.107813 0.021875 0.018750
0 0.660937 0.107813 0.021875 0.018750
1 0.392188 0.107813 0.021875 0.018750
