10 0.717187 0.594531 0.206250 0.032813
10 0.413281 0.600781 0.226562 0.020313
10 0.093750 0.592969 0.187500 0.020313
14 0.800781 0.625000 0.042188 0.015625
14 0.719531 0.620313 0.042188 0.015625
14 0.478906 0.628125 0.357812 0.037500
14 0.442188 0.512500 0.325000 0.021875
14 0.011719 0.617969 0.023438 0.014063
9 0.860938 0.445312 0.003125 0.228125
9 0.565625 0.445312 0.003125 0.228125
9 0.226562 0.445312 0.003125 0.228125
9 0.819531 0.579688 0.001563 0.053125
9 0.780469 0.571094 0.001563 0.067187
9 0.739844 0.570312 0.001563 0.065625
9 0.699219 0.576562 0.001563 0.046875
9 0.658594 0.575000 0.001563 0.043750
4 0.647656 0.550000 0.010937 0.043750
9 0.614844 0.566406 0.001563 0.057813
15 0.621094 0.504687 0.017188 0.053125
9 0.613281 0.504687 0.001563 0.053125
9 0.525781 0.578125 0.001563 0.065625
9 0.485156 0.582031 0.001563 0.057813
9 0.444531 0.585938 0.001563 0.050000
2 0.431250 0.558594 0.015625 0.045312
9 0.396094 0.582031 0.001563 0.057813
2 0.382812 0.550781 0.015625 0.045312
9 0.349219 0.578125 0.001563 0.065625
2 0.335938 0.542969 0.015625 0.045312
9 0.300781 0.574219 0.001563 0.073438
9 0.272656 0.506250 0.001563 0.050000
9 0.185156 0.578125 0.001563 0.050000
9 0.144531 0.578125 0.001563 0.050000
9 0.103906 0.578125 0.001563 0.050000
9 0.063281 0.578125 0.001563 0.050000
9 0.022656 0.578125 0.001563 0.050000
2 0.009375 0.550781 0.015625 0.045312
0 0.829688 0.551562 0.021875 0.018750
0 0.790625 0.534375 0.021875 0.018750
0 0.750000 0.534375 0.021875 0.018750
0 0.709375 0.551562 0.021875 0.018750
0 0.668750 0.551562 0.021875 0.018750
0 0.625000 0.534375 0.021875 0.018750
0 0.603125 0.534375 0.021875 0.018750
0 0.535937 0.542188 0.021875 0.018750
0 0.495312 0.551562 0.021875 0.018750
0 0.454688 0.559375 0.021875 0.018750
0 0.406250 0.551562 0.021875 0.018750
0 0.359375 0.542188 0.021875 0.018750
0 0.310937 0.534375 0.021875 0.018750
0 0.264062 0.534375 0.021875 0.018750
0 0.195312 0.551562 0.021875 0.018750
0 0.154688 0.551562 0.021875 0.018750
0 0.114062 0.551562 0.021875 0.018750
0 0.073438 0.551562 0.021875 0.018750
0 0.032813 0.551562 0.021875 0.018750
