10 0.907031 0.288281 0.185938 0.032813
10 0.684375 0.288281 0.131250 0.032813
10 0.346875 0.300781 0.418750 0.007812
10 0.037500 0.288281 0.075000 0.032813
14 0.912500 0.199219 0.175000 0.073438
14 0.695312 0.196094 0.131250 0.079687
14 0.454688 0.203125 0.221875 0.068750
14 0.214062 0.203906 0.131250 0.064062
14 0.042188 0.203125 0.084375 0.065625
14 0.057031 0.053125 0.026562 0.009375
14 0.050781 0.119531 0.039062 0.010937
9 0.426563 0.128906 0.003125 0.257812
9 0.999219 0.280469 0.001563 0.042188
9 0.907031 0.257031 0.001563 0.060937
9 0.814844 0.231250 0.001563 0.090625
9 0.750781 0.280469 0.001563 0.042188
9 0.685156 0.257812 0.001563 0.062500
9 0.619531 0.227344 0.001563 0.098437
9 0.555469 0.282031 0.001563 0.045312
2 0.542188 0.255469 0.015625 0.045312
9 0.463281 0.265625 0.001563 0.078125
2 0.450000 0.224219 0.015625 0.045312
9 0.333594 0.248438 0.001563 0.109375
9 0.269531 0.282031 0.001563 0.045312
9 0.203906 0.265625 0.001563 0.078125
9 0.138281 0.248438 0.001563 0.109375
9 0.074219 0.280469 0.001563 0.042188
9 0.005469 0.258594 0.001563 0.064062
15 0.933594 0.048438 0.017188 0.053125
9 0.925781 0.064062 0.001563 0.084375
2 0.893750 0.078906 0.015625 0.045312
9 0.769531 0.061719 0.001563 0.089063
9 0.574219 0.060156 0.001563 0.095312
2 0.542188 0.110156 0.015625 0.045312
12 0.470313 0.065625 0.015625 0.028125
9 0.288281 0.060156 0.001563 0.095312
9 0.158594 0.060156 0.001563 0.095312
4 0.128906 0.062500 0.010937 0.043750
15 0.100781 0.031250 0.017188 0.053125
9 0.092969 0.057031 0.001563 0.101562
15 0.033594 0.031250 0.017188 0.053125
9 0.025781 0.057031 0.001563 0.101562
0 0.917188 0.223438 0.021875 0.018750
0 0.825000 0.184375 0.021875 0.018750
0 0.760938 0.256250 0.021875 0.018750
0 0.695312 0.223438 0.021875 0.018750
0 0.629687 0.175000 0.021875 0.018750
0 0.565625 0.256250 0.021875 0.018750
0 0.473438 0.223438 0.021875 0.018750
0 0.343750 0.192188 0.021875 0.018750
0 0.279687 0.256250 0.021875 0.018750
0 0.214062 0.223438 0.021875 0.018750
0 0.148438 0.192188 0.021875 0.018750
0 0.084375 0.256250 0.021875 0.018750
0 0.015625 0.223438 0.021875 0.018750
0 0.917188 0.078125 0.021875 0.018750
0 0.917188 0.110937 0.021875 0.018750
0 0.760938 0.070312 0.021875 0.018750
0 0.760938 0.110937 0.021875 0.018750
0 0.565625 0.062500 0.021875 0.018750
0 0.565625 0.110937 0.021875 0.018750
0 0.279687 0.062500 0.021875 0.018750
0 0.279687 0.110937 0.021875 0.018750
0 0.148438 0.062500 0.021875 0.018750
0 0.148438 0.110937 0.021875 0.018750
0 0.084375 0.062500 0.021875 0.018750
0 0.084375 0.110937 0.021875 0.018750
0 0.015625 0.062500 0.021875 0.018750
0 0.015625 0.110937 0.021875 0.018750
