15 0.451562 0.362500 0.018750 0.025000
14 0.486719 0.355469 0.035937 0.014063
14 0.412500 0.357812 0.040625 0.012500
15 0.318750 0.362500 0.018750 0.025000
14 0.357031 0.353906 0.042188 0.014063
14 0.277344 0.357812 0.045312 0.012500
15 0.004687 0.353125 0.009375 0.025000
10 0.760156 0.391406 0.101562 0.020313
10 0.453125 0.419531 0.387500 0.060937
10 0.044531 0.417187 0.089063 0.056250
10 0.810156 0.688281 0.048438 0.026562
10 0.092969 0.688281 0.067187 0.026562
14 0.780469 0.284375 0.054688 0.021875
14 0.451562 0.283594 0.384375 0.026562
14 0.043750 0.437500 0.087500 0.021875
14 0.860156 0.742188 0.039062 0.006250
14 0.850000 0.730469 0.056250 0.007812
14 0.837500 0.754687 0.112500 0.009375
14 0.146875 0.742188 0.034375 0.006250
14 0.121875 0.729688 0.050000 0.006250
14 0.116406 0.754687 0.126562 0.009375
14 0.677344 0.366406 0.045312 0.010937
14 0.495312 0.292969 0.450000 0.070312
14 0.049219 0.269531 0.098437 0.023438
9 0.835156 0.702344 0.001563 0.054688
9 0.816406 0.698438 0.001563 0.046875
4 0.796875 0.722656 0.006250 0.026562
9 0.786719 0.706250 0.001563 0.062500
2 0.765625 0.738281 0.009375 0.026562
9 0.902344 0.699219 0.001563 0.073438
3 0.871094 0.706250 0.014063 0.040625
9 0.124219 0.702344 0.001563 0.054688
2 0.103125 0.730469 0.009375 0.026562
9 0.091406 0.698438 0.001563 0.046875
2 0.070312 0.722656 0.009375 0.026562
9 0.060156 0.706250 0.001563 0.062500
2 0.037500 0.738281 0.009375 0.026562
9 0.188281 0.699219 0.001563 0.073438
4 0.158594 0.714063 0.010937 0.043750
15 0.892188 0.593750 0.021875 0.015625
9 0.902344 0.525000 0.001563 0.050000
4 0.872656 0.553125 0.010937 0.043750
15 0.179688 0.593750 0.021875 0.015625
9 0.188281 0.532031 0.001563 0.051562
4 0.158594 0.560937 0.010937 0.043750
9 0.986719 0.379688 0.001563 0.121875
9 0.957031 0.410156 0.001563 0.070312
12 0.891406 0.364844 0.017188 0.048438
8 0.817969 0.319531 0.004687 0.004687
9 0.808594 0.372656 0.001563 0.057813
8 0.763281 0.319531 0.004687 0.004687
9 0.753906 0.372656 0.001563 0.057813
9 0.710156 0.372656 0.001563 0.057813
3 0.678906 0.331250 0.014063 0.040625
15 0.656250 0.316406 0.015625 0.017188
9 0.646094 0.390625 0.001563 0.078125
4 0.635156 0.348438 0.010937 0.043750
9 0.603906 0.395313 0.001563 0.071875
2 0.590625 0.355469 0.015625 0.045312
9 0.555469 0.396094 0.001563 0.073438
4 0.544531 0.356250 0.010937 0.043750
9 0.513281 0.400781 0.001563 0.067187
9 0.483594 0.365625 0.001563 0.140625
4 0.472656 0.290625 0.010937 0.043750
9 0.441406 0.378125 0.001563 0.118750
4 0.430469 0.315625 0.010937 0.043750
9 0.399219 0.392188 0.001563 0.096875
4 0.388281 0.339062 0.010937 0.043750
9 0.355469 0.383594 0.001563 0.114062
2 0.342187 0.324219 0.015625 0.045312
9 0.308594 0.397656 0.001563 0.092188
2 0.295312 0.347656 0.015625 0.045312
9 0.260156 0.410156 0.001563 0.070312
2 0.246875 0.372656 0.015625 0.045312
12 0.123438 0.367188 0.015625 0.028125
9 0.086719 0.360156 0.001563 0.114062
4 0.077344 0.300000 0.010937 0.043750
9 0.057031 0.394531 0.001563 0.054688
4 0.047656 0.364063 0.010937 0.043750
9 0.028906 0.367969 0.001563 0.114062
2 0.015625 0.307031 0.015625 0.045312
13 0.932813 0.356250 0.031250 0.037500
7 0.215625 0.371875 0.028125 0.075000
0 0.828125 0.730469 0.012500 0.010937
0 0.810937 0.722656 0.012500 0.010937
0 0.781250 0.738281 0.012500 0.010937
1 0.912500 0.715625 0.021875 0.018750
1 0.912500 0.731250 0.021875 0.018750
1 0.893750 0.723437 0.021875 0.018750
1 0.893750 0.739062 0.021875 0.018750
0 0.118750 0.730469 0.012500 0.010937
0 0.085938 0.722656 0.012500 0.010937
0 0.053125 0.738281 0.012500 0.010937
1 0.198437 0.715625 0.021875 0.018750
1 0.198437 0.731250 0.021875 0.018750
1 0.179688 0.723437 0.021875 0.018750
1 0.179688 0.739062 0.021875 0.018750
1 0.893750 0.553125 0.021875 0.018750
1 0.179688 0.560937 0.021875 0.018750
0 0.992969 0.315625 0.014063 0.018750
0 0.967187 0.373437 0.021875 0.018750
0 0.818750 0.340625 0.021875 0.018750
0 0.800000 0.348438 0.021875 0.018750
0 0.764062 0.340625 0.021875 0.018750
0 0.745313 0.348438 0.021875 0.018750
0 0.720313 0.340625 0.021875 0.018750
0 0.700000 0.348438 0.021875 0.018750
0 0.656250 0.348438 0.021875 0.018750
0 0.614062 0.356250 0.021875 0.018750
0 0.565625 0.356250 0.021875 0.018750
0 0.523438 0.364063 0.021875 0.018750
0 0.493750 0.292187 0.021875 0.018750
0 0.451562 0.315625 0.021875 0.018750
0 0.409375 0.340625 0.021875 0.018750
0 0.365625 0.325000 0.021875 0.018750
0 0.318750 0.348438 0.021875 0.018750
0 0.270313 0.373437 0.021875 0.018750
0 0.096875 0.300000 0.021875 0.018750
0 0.067187 0.364063 0.021875 0.018750
0 0.039062 0.307812 0.021875 0.018750
