10 0.681250 0.375781 0.053125 0.054688
10 0.296875 0.395313 0.084375 0.037500
10 0.405469 0.671094 0.051562 0.026562
10 0.023438 0.683594 0.046875 0.026562
14 0.460938 0.725000 0.050000 0.006250
14 0.453125 0.721094 0.068750 0.007812
14 0.438281 0.743750 0.126562 0.009375
14 0.068750 0.737500 0.034375 0.006250
14 0.043750 0.725000 0.050000 0.006250
14 0.050781 0.751563 0.101562 0.009375
9 0.860938 0.533594 0.003125 0.404687
9 0.430469 0.687500 0.001563 0.059375
9 0.411719 0.682813 0.001563 0.050000
3 0.392188 0.705469 0.009375 0.023438
9 0.380469 0.691406 0.001563 0.067187
4 0.360938 0.727344 0.006250 0.026562
9 0.510156 0.687500 0.001563 0.071875
6 0.472656 0.692969 0.026562 0.039062
9 0.046094 0.697656 0.001563 0.054688
2 0.025000 0.725781 0.009375 0.026562
9 0.013281 0.693750 0.001563 0.046875
9 0.110156 0.694531 0.001563 0.073438
4 0.080469 0.710938 0.010937 0.043750
15 0.500000 0.590625 0.021875 0.015625
9 0.510156 0.535937 0.001563 0.053125
2 0.478125 0.564844 0.015625 0.045312
15 0.100000 0.589063 0.021875 0.015625
9 0.110156 0.521875 0.001563 0.050000
3 0.077344 0.540625 0.014063 0.040625
12 0.785937 0.367188 0.015625 0.028125
9 0.707031 0.347656 0.001563 0.104688
9 0.655469 0.300000 0.001563 0.156250
4 0.646094 0.218750 0.010937 0.043750
4 0.646094 0.282813 0.010937 0.043750
8 0.583594 0.247656 0.004687 0.004687
15 0.582031 0.362500 0.020313 0.053125
9 0.572656 0.328125 0.001563 0.115625
4 0.563281 0.267188 0.010937 0.043750
2 0.559375 0.332031 0.015625 0.045312
12 0.498437 0.367188 0.015625 0.028125
12 0.415625 0.367188 0.015625 0.028125
9 0.336719 0.344531 0.001563 0.098437
2 0.292187 0.299219 0.015625 0.045312
4 0.310156 0.290625 0.010937 0.043750
9 0.255469 0.343750 0.001563 0.131250
4 0.244531 0.275000 0.010937 0.043750
4 0.244531 0.339062 0.010937 0.043750
15 0.182812 0.420312 0.021875 0.015625
15 0.182812 0.407813 0.021875 0.003125
15 0.199219 0.357812 0.017188 0.053125
9 0.191406 0.359375 0.001563 0.053125
12 0.096875 0.367188 0.015625 0.028125
12 0.015625 0.367188 0.015625 0.028125
7 0.150000 0.371875 0.028125 0.075000
0 0.425000 0.719531 0.012500 0.010937
0 0.406250 0.710156 0.012500 0.010937
0 0.375000 0.727344 0.012500 0.010937
1 0.520312 0.703125 0.021875 0.018750
1 0.520312 0.718750 0.021875 0.018750
1 0.501563 0.710938 0.021875 0.018750
1 0.501563 0.726562 0.021875 0.018750
0 0.039062 0.727344 0.012500 0.010937
0 0.006250 0.719531 0.012500 0.010937
1 0.120313 0.710938 0.021875 0.018750
1 0.120313 0.726562 0.021875 0.018750
1 0.100000 0.718750 0.021875 0.018750
1 0.100000 0.735938 0.021875 0.018750
1 0.501563 0.565625 0.021875 0.018750
1 0.100000 0.550000 0.021875 0.018750
0 0.717187 0.292187 0.021875 0.018750
0 0.698438 0.300000 0.021875 0.018750
0 0.665625 0.218750 0.021875 0.018750
0 0.665625 0.284375 0.021875 0.018750
0 0.582812 0.267188 0.021875 0.018750
0 0.582812 0.332813 0.021875 0.018750
0 0.346875 0.292187 0.021875 0.018750
0 0.328125 0.300000 0.021875 0.018750
0 0.265625 0.276562 0.021875 0.018750
0 0.265625 0.340625 0.021875 0.018750
0 0.182812 0.389062 0.021875 0.018750
