10 0.394531 0.311719 0.114062 0.007812
10 0.253906 0.293750 0.057813 0.012500
10 0.114844 0.282031 0.114062 0.020313
14 0.346875 0.396875 0.168750 0.021875
14 0.734375 0.405469 0.078125 0.010937
14 0.614062 0.407031 0.159375 0.014063
14 0.245312 0.377344 0.393750 0.057813
14 0.826562 0.025781 0.050000 0.010937
14 0.826562 0.057031 0.050000 0.010937
14 0.733594 0.025781 0.051562 0.010937
14 0.732812 0.057031 0.050000 0.010937
9 0.860938 0.178906 0.003125 0.357812
9 0.489063 0.178906 0.003125 0.357812
9 0.783594 0.355469 0.001563 0.060937
9 0.703906 0.355469 0.001563 0.060937
9 0.544531 0.355469 0.001563 0.060937
2 0.512500 0.388281 0.015625 0.045312
9 0.450781 0.334375 0.001563 0.053125
9 0.394531 0.338281 0.001563 0.060937
9 0.338281 0.334375 0.001563 0.053125
2 0.306250 0.364844 0.015625 0.045312
9 0.282031 0.325781 0.001563 0.057813
9 0.225781 0.318750 0.001563 0.053125
9 0.169531 0.312500 0.001563 0.050000
9 0.113281 0.306250 0.001563 0.046875
2 0.081250 0.332031 0.015625 0.045312
9 0.058594 0.299219 0.001563 0.045312
15 0.533594 0.436719 0.029687 0.026562
15 0.047656 0.433594 0.054688 0.039062
9 0.763281 0.069531 0.001563 0.070312
9 0.683594 0.069531 0.001563 0.070312
12 0.611719 0.086719 0.017188 0.048438
12 0.533594 0.086719 0.017188 0.048438
12 0.439063 0.090625 0.015625 0.028125
12 0.382812 0.090625 0.015625 0.028125
12 0.326562 0.090625 0.015625 0.028125
15 0.217188 0.129688 0.021875 0.003125
9 0.225781 0.069531 0.001563 0.064062
12 0.102344 0.086719 0.017188 0.048438
15 0.692969 0.163281 0.029687 0.026562
15 0.214844 0.163281 0.054688 0.026562
0 0.773438 0.389062 0.021875 0.018750
0 0.693750 0.389062 0.021875 0.018750
1 0.535937 0.389062 0.021875 0.018750
0 0.442188 0.365625 0.021875 0.018750
0 0.385937 0.373437 0.021875 0.018750
0 0.329688 0.365625 0.021875 0.018750
0 0.273438 0.357812 0.021875 0.018750
0 0.217188 0.348438 0.021875 0.018750
0 0.160938 0.340625 0.021875 0.018750
0 0.104688 0.332813 0.021875 0.018750
0 0.048438 0.325000 0.021875 0.018750
0 0.773438 0.031250 0.021875 0.018750
0 0.773438 0.046875 0.021875 0.018750
0 0.693750 0.031250 0.021875 0.018750
0 0.693750 0.046875 0.021875 0.018750
0 0.217188 0.087500 0.021875 0.018750
0 0.217188 0.103125 0.021875 0.018750
