10 0.764844 0.375781 0.098437 0.007812
10 0.528125 0.389062 0.096875 0.025000
10 0.304688 0.398438 0.096875 0.012500
10 0.068750 0.401562 0.096875 0.025000
10 0.764844 0.742969 0.098437 0.007812
10 0.528125 0.756250 0.096875 0.015625
10 0.304688 0.770312 0.096875 0.012500
10 0.068750 0.775000 0.096875 0.012500
10 0.764844 0.575781 0.098437 0.007812
10 0.528125 0.584375 0.096875 0.025000
10 0.304688 0.595313 0.096875 0.012500
10 0.068750 0.596875 0.096875 0.015625
10 0.764844 0.946875 0.098437 0.015625
10 0.646875 0.962500 0.050000 0.012500
10 0.412500 0.868750 0.081250 0.012500
10 0.159375 0.873437 0.050000 0.012500
14 0.741406 0.876563 0.220312 0.037500
14 0.431250 0.862500 0.118750 0.034375
14 0.244531 0.933594 0.048438 0.010937
14 0.202344 0.840625 0.135937 0.037500
14 0.789844 0.663281 0.126562 0.023438
14 0.608594 0.674219 0.048438 0.010937
14 0.560937 0.673438 0.143750 0.034375
14 0.315625 0.684375 0.096875 0.021875
14 0.149219 0.699219 0.048438 0.010937
14 0.101562 0.690625 0.143750 0.025000
14 0.789844 0.494531 0.126562 0.023438
14 0.608594 0.507031 0.048438 0.010937
14 0.560937 0.504687 0.143750 0.034375
14 0.315625 0.511719 0.096875 0.023438
14 0.149219 0.523438 0.048438 0.009375
14 0.101562 0.521875 0.143750 0.037500
14 0.789844 0.296094 0.126562 0.023438
14 0.608594 0.307031 0.048438 0.010937
14 0.560937 0.306250 0.143750 0.034375
14 0.315625 0.314844 0.096875 0.020313
14 0.149219 0.322656 0.048438 0.010937
14 0.101562 0.321875 0.143750 0.034375
9 0.860938 0.639844 0.003125 0.617188
9 0.401562 0.639844 0.003125 0.617188
9 0.813281 0.914844 0.001563 0.057813
3 0.800781 0.875000 0.014063 0.040625
9 0.766406 0.920312 0.001563 0.053125
3 0.753906 0.882812 0.014063 0.040625
9 0.716406 0.926562 0.001563 0.050000
9 0.669531 0.934375 0.001563 0.050000
9 0.622656 0.941406 0.001563 0.045312
15 0.490625 0.857031 0.015625 0.017188
9 0.480469 0.934375 0.001563 0.050000
9 0.452344 0.889844 0.001563 0.045312
4 0.422656 0.915625 0.010937 0.043750
9 0.372656 0.895312 0.001563 0.050000
9 0.277344 0.887500 0.001563 0.046875
15 0.220312 0.841406 0.015625 0.017188
15 0.238281 0.884375 0.017188 0.053125
9 0.230469 0.885938 0.001563 0.053125
3 0.197656 0.906250 0.014063 0.040625
9 0.182031 0.895312 0.001563 0.050000
4 0.152344 0.923438 0.010937 0.043750
9 0.135156 0.901563 0.001563 0.053125
9 0.813281 0.716406 0.001563 0.060937
9 0.766406 0.720313 0.001563 0.053125
4 0.755469 0.690625 0.010937 0.043750
9 0.716406 0.720313 0.001563 0.053125
12 0.676562 0.742188 0.015625 0.028125
15 0.632031 0.721875 0.020313 0.053125
9 0.622656 0.719531 0.001563 0.051562
9 0.574219 0.722656 0.001563 0.057813
3 0.561719 0.682813 0.014063 0.040625
9 0.527344 0.728125 0.001563 0.053125
9 0.480469 0.735938 0.001563 0.050000
2 0.467187 0.707031 0.015625 0.045312
12 0.439063 0.742188 0.015625 0.028125
9 0.352344 0.739844 0.001563 0.057813
2 0.339062 0.707031 0.015625 0.045312
9 0.305469 0.740625 0.001563 0.059375
9 0.257031 0.745313 0.001563 0.053125
12 0.217188 0.742188 0.015625 0.028125
15 0.172656 0.745313 0.020313 0.053125
9 0.163281 0.744531 0.001563 0.051562
9 0.114844 0.745313 0.001563 0.053125
2 0.101562 0.714844 0.015625 0.045312
9 0.067969 0.746875 0.001563 0.056250
9 0.021094 0.751563 0.001563 0.050000
9 0.813281 0.549219 0.001563 0.060937
9 0.766406 0.553125 0.001563 0.053125
4 0.755469 0.523438 0.010937 0.043750
9 0.716406 0.553125 0.001563 0.053125
12 0.676562 0.550000 0.015625 0.028125
15 0.632031 0.554688 0.020313 0.053125
9 0.622656 0.552344 0.001563 0.051562
9 0.574219 0.551562 0.001563 0.050000
3 0.561719 0.515625 0.014063 0.040625
9 0.527344 0.559375 0.001563 0.050000
9 0.480469 0.567187 0.001563 0.050000
2 0.467187 0.539844 0.015625 0.045312
12 0.439063 0.550000 0.015625 0.028125
9 0.352344 0.567187 0.001563 0.050000
2 0.339062 0.539844 0.015625 0.045312
9 0.305469 0.567969 0.001563 0.051562
9 0.257031 0.574219 0.001563 0.045312
4 0.247656 0.548438 0.010937 0.043750
12 0.217188 0.550000 0.015625 0.028125
15 0.172656 0.570312 0.020313 0.053125
9 0.163281 0.567969 0.001563 0.051562
9 0.114844 0.567187 0.001563 0.050000
9 0.067969 0.574219 0.001563 0.045312
3 0.055469 0.539062 0.014063 0.040625
9 0.021094 0.580469 0.001563 0.042188
9 0.813281 0.349219 0.001563 0.060937
9 0.766406 0.353125 0.001563 0.053125
4 0.755469 0.323437 0.010937 0.043750
9 0.716406 0.353125 0.001563 0.053125
12 0.676562 0.367188 0.015625 0.028125
15 0.632031 0.354687 0.020313 0.053125
9 0.622656 0.352344 0.001563 0.051562
9 0.574219 0.353125 0.001563 0.053125
3 0.561719 0.315625 0.014063 0.040625
9 0.527344 0.360938 0.001563 0.053125
9 0.480469 0.370312 0.001563 0.053125
12 0.439063 0.367188 0.015625 0.028125
9 0.352344 0.370312 0.001563 0.053125
4 0.342969 0.339062 0.010937 0.043750
9 0.305469 0.371875 0.001563 0.056250
9 0.257031 0.376563 0.001563 0.050000
12 0.217188 0.367188 0.015625 0.028125
15 0.172656 0.370312 0.020313 0.053125
9 0.163281 0.369531 0.001563 0.051562
9 0.114844 0.368750 0.001563 0.050000
3 0.102344 0.331250 0.014063 0.040625
9 0.067969 0.376563 0.001563 0.050000
9 0.021094 0.384375 0.001563 0.050000
2 0.007812 0.355469 0.015625 0.045312
0 0.823438 0.882812 0.021875 0.018750
0 0.776563 0.890625 0.021875 0.018750
0 0.726562 0.900000 0.021875 0.018750
0 0.679688 0.907813 0.021875 0.018750
0 0.632812 0.915625 0.021875 0.018750
0 0.490625 0.907813 0.021875 0.018750
0 0.442188 0.915625 0.021875 0.018750
0 0.362500 0.923438 0.021875 0.018750
0 0.267188 0.915625 0.021875 0.018750
0 0.220312 0.915625 0.021875 0.018750
0 0.173437 0.923438 0.021875 0.018750
0 0.125000 0.931250 0.021875 0.018750
0 0.823438 0.682813 0.021875 0.018750
0 0.776563 0.692187 0.021875 0.018750
0 0.726562 0.692187 0.021875 0.018750
0 0.632812 0.692187 0.021875 0.018750
0 0.584375 0.692187 0.021875 0.018750
0 0.537500 0.700000 0.021875 0.018750
0 0.490625 0.707812 0.021875 0.018750
0 0.362500 0.707812 0.021875 0.018750
0 0.315625 0.707812 0.021875 0.018750
0 0.267188 0.715625 0.021875 0.018750
0 0.173437 0.715625 0.021875 0.018750
0 0.125000 0.715625 0.021875 0.018750
0 0.078125 0.715625 0.021875 0.018750
0 0.031250 0.723437 0.021875 0.018750
0 0.823438 0.515625 0.021875 0.018750
0 0.776563 0.523438 0.021875 0.018750
0 0.726562 0.523438 0.021875 0.018750
0 0.632812 0.523438 0.021875 0.018750
0 0.584375 0.523438 0.021875 0.018750
0 0.537500 0.532813 0.021875 0.018750
0 0.490625 0.540625 0.021875 0.018750
0 0.362500 0.540625 0.021875 0.018750
0 0.315625 0.540625 0.021875 0.018750
0 0.267188 0.548438 0.021875 0.018750
0 0.173437 0.540625 0.021875 0.018750
0 0.125000 0.540625 0.021875 0.018750
0 0.078125 0.548438 0.021875 0.018750
0 0.031250 0.556250 0.021875 0.018750
0 0.823438 0.315625 0.021875 0.018750
0 0.776563 0.325000 0.021875 0.018750
0 0.726562 0.325000 0.021875 0.018750
0 0.632812 0.325000 0.021875 0.018750
0 0.584375 0.325000 0.021875 0.018750
0 0.537500 0.332813 0.021875 0.018750
0 0.490625 0.340625 0.021875 0.018750
0 0.362500 0.340625 0.021875 0.018750
0 0.315625 0.340625 0.021875 0.018750
0 0.267188 0.348438 0.021875 0.018750
0 0.173437 0.340625 0.021875 0.018750
0 0.125000 0.340625 0.021875 0.018750
0 0.078125 0.348438 0.021875 0.018750
0 0.031250 0.356250 0.021875 0.018750
