10 0.954688 0.567969 0.090625 0.020313
10 0.455469 0.479687 0.226562 0.043750
10 0.152344 0.487500 0.226562 0.043750
14 0.468750 0.598437 0.290625 0.025000
14 0.445312 0.553906 0.225000 0.048438
14 0.142187 0.560156 0.225000 0.051562
9 0.875000 0.445312 0.003125 0.228125
9 0.734375 0.445312 0.003125 0.228125
9 0.592187 0.445312 0.003125 0.228125
9 0.287500 0.445312 0.003125 0.228125
9 0.996094 0.549219 0.001563 0.057813
9 0.953906 0.545312 0.001563 0.065625
9 0.910156 0.541406 0.001563 0.073438
3 0.897656 0.493750 0.014063 0.040625
9 0.769531 0.531250 0.001563 0.053125
3 0.757031 0.493750 0.014063 0.040625
15 0.637500 0.476562 0.021875 0.015625
9 0.627344 0.531250 0.001563 0.053125
3 0.614844 0.493750 0.014063 0.040625
9 0.567969 0.483594 0.001563 0.045312
9 0.524219 0.489844 0.001563 0.048438
9 0.482031 0.496875 0.001563 0.053125
3 0.449219 0.517188 0.014063 0.040625
9 0.435156 0.503125 0.001563 0.056250
3 0.403906 0.525000 0.014063 0.040625
9 0.389844 0.508594 0.001563 0.057813
3 0.357031 0.534375 0.014063 0.040625
9 0.342969 0.516406 0.001563 0.060937
3 0.311719 0.542188 0.014063 0.040625
9 0.263281 0.491406 0.001563 0.045312
9 0.221094 0.497656 0.001563 0.048438
3 0.188281 0.517188 0.014063 0.040625
9 0.174219 0.503906 0.001563 0.051562
3 0.142969 0.525000 0.014063 0.040625
9 0.128906 0.511719 0.001563 0.054688
3 0.096094 0.534375 0.014063 0.040625
9 0.082031 0.517969 0.001563 0.057813
9 0.039844 0.524219 0.001563 0.060937
3 0.007031 0.550000 0.014063 0.040625
15 0.636719 0.602344 0.029687 0.026562
0 0.964063 0.509375 0.021875 0.018750
0 0.920312 0.501563 0.021875 0.018750
0 0.779687 0.501563 0.021875 0.018750
0 0.637500 0.501563 0.021875 0.018750
0 0.557813 0.509375 0.021875 0.018750
0 0.515625 0.518750 0.021875 0.018750
0 0.471875 0.526563 0.021875 0.018750
0 0.426563 0.534375 0.021875 0.018750
0 0.379688 0.542188 0.021875 0.018750
0 0.334375 0.550000 0.021875 0.018750
0 0.254688 0.518750 0.021875 0.018750
0 0.210938 0.526563 0.021875 0.018750
0 0.165625 0.534375 0.021875 0.018750
0 0.118750 0.542188 0.021875 0.018750
0 0.073438 0.550000 0.021875 0.018750
0 0.029687 0.557813 0.021875 0.018750
