2 0.514062 0.007812 0.015625 0.015625
9 0.436719 0.015625 0.001563 0.031250
12 0.342969 0.049219 0.017188 0.048438
4 0.325781 0.010937 0.010937 0.021875
15 0.171875 0.085938 0.021875 0.003125
8 0.171094 0.077344 0.004687 0.004687
9 0.182031 0.027344 0.001563 0.054688
15 0.035937 0.085938 0.021875 0.003125
8 0.035156 0.077344 0.004687 0.004687
9 0.044531 0.027344 0.001563 0.054688
2 0.012500 0.015625 0.015625 0.031250
1 0.349219 0.004687 0.029687 0.009375
0 0.171875 0.057813 0.021875 0.018750
0 0.171875 0.009375 0.021875 0.018750
0 0.035937 0.009375 0.021875 0.018750
0 0.035937 0.057813 0.021875 0.018750
