14 0.200781 0.163281 0.401562 0.029687
14 0.200000 0.214844 0.400000 0.026562
9 0.801562 0.124219 0.003125 0.248438
9 0.318750 0.124219 0.003125 0.248438
8 0.644531 0.153906 0.004687 0.004687
9 0.635156 0.218750 0.001563 0.084375
4 0.625781 0.190625 0.010937 0.043750
8 0.414844 0.146094 0.004687 0.004687
9 0.405469 0.210938 0.001563 0.084375
12 0.198437 0.217188 0.015625 0.028125
15 0.831250 0.230469 0.046875 0.032813
15 0.348438 0.230469 0.046875 0.032813
12 0.198437 0.007031 0.015625 0.014063
15 0.831250 0.014844 0.046875 0.029687
15 0.348438 0.014844 0.046875 0.029687
15 0.016406 0.107031 0.032813 0.039062
0 0.645312 0.175000 0.021875 0.018750
0 0.645312 0.190625 0.021875 0.018750
0 0.645312 0.206250 0.021875 0.018750
0 0.415625 0.165625 0.021875 0.018750
0 0.415625 0.182812 0.021875 0.018750
0 0.415625 0.198437 0.021875 0.018750
0 0.010156 0.198437 0.020313 0.018750
0 0.010156 0.165625 0.020313 0.018750
0 0.010156 0.182812 0.020313 0.018750
