10 0.686719 0.561719 0.251563 0.048438
10 0.419531 0.503906 0.151562 0.035937
10 0.089063 0.584375 0.178125 0.043750
14 0.597656 0.464062 0.507812 0.059375
14 0.132812 0.503125 0.265625 0.059375
9 0.860938 0.451562 0.003125 0.240625
9 0.525000 0.451562 0.003125 0.240625
9 0.228125 0.451562 0.003125 0.240625
9 0.811719 0.526563 0.001563 0.053125
5 0.798438 0.496875 0.015625 0.015625
9 0.761719 0.529687 0.001563 0.059375
2 0.748437 0.497656 0.015625 0.045312
9 0.711719 0.535937 0.001563 0.056250
2 0.698438 0.505469 0.015625 0.045312
9 0.661719 0.544531 0.001563 0.054688
2 0.648438 0.513281 0.015625 0.045312
9 0.611719 0.550781 0.001563 0.051562
2 0.598437 0.521094 0.015625 0.045312
9 0.561719 0.557813 0.001563 0.050000
2 0.548438 0.528906 0.015625 0.045312
9 0.492969 0.511719 0.001563 0.045312
2 0.460938 0.538281 0.015625 0.045312
9 0.444531 0.519531 0.001563 0.048438
2 0.410938 0.546094 0.015625 0.045312
9 0.394531 0.525781 0.001563 0.051562
2 0.360938 0.553906 0.015625 0.045312
9 0.344531 0.531250 0.001563 0.053125
2 0.310937 0.561719 0.015625 0.045312
15 0.263281 0.535937 0.020313 0.053125
9 0.253906 0.533594 0.001563 0.051562
9 0.177344 0.547656 0.001563 0.060937
4 0.166406 0.512500 0.010937 0.043750
9 0.127344 0.553906 0.001563 0.057813
9 0.077344 0.560156 0.001563 0.054688
9 0.027344 0.566406 0.001563 0.051562
3 0.014844 0.529687 0.014063 0.040625
0 0.821875 0.498437 0.021875 0.018750
0 0.771875 0.498437 0.021875 0.018750
0 0.721875 0.506250 0.021875 0.018750
0 0.671875 0.514062 0.021875 0.018750
0 0.621875 0.521875 0.021875 0.018750
0 0.571875 0.529687 0.021875 0.018750
0 0.484375 0.537500 0.021875 0.018750
0 0.434375 0.546875 0.021875 0.018750
0 0.384375 0.554688 0.021875 0.018750
0 0.334375 0.562500 0.021875 0.018750
0 0.264062 0.506250 0.021875 0.018750
0 0.187500 0.514062 0.021875 0.018750
0 0.137500 0.521875 0.021875 0.018750
0 0.087500 0.529687 0.021875 0.018750
0 0.037500 0.537500 0.021875 0.018750
