10 0.853906 0.064844 0.051562 0.026562
10 0.530469 0.077344 0.064062 0.026562
14 0.909375 0.118750 0.050000 0.006250
14 0.901563 0.114844 0.068750 0.007812
14 0.886719 0.137500 0.126562 0.009375
14 0.595313 0.132031 0.056250 0.007812
14 0.570312 0.119531 0.071875 0.007812
14 0.565625 0.146094 0.143750 0.010937
9 0.878906 0.081250 0.001563 0.059375
9 0.861719 0.076563 0.001563 0.050000
3 0.840625 0.099219 0.009375 0.023438
9 0.828906 0.085156 0.001563 0.067187
4 0.809375 0.121094 0.006250 0.026562
9 0.958594 0.081250 0.001563 0.071875
6 0.921094 0.088281 0.026562 0.039062
9 0.561719 0.091406 0.001563 0.054688
2 0.540625 0.119531 0.009375 0.026562
9 0.528906 0.087500 0.001563 0.046875
4 0.509375 0.113281 0.006250 0.026562
9 0.499219 0.095312 0.001563 0.062500
2 0.478125 0.128906 0.009375 0.026562
9 0.647656 0.088281 0.001563 0.073438
4 0.617969 0.104688 0.010937 0.043750
0 0.873437 0.113281 0.012500 0.010937
0 0.854688 0.103906 0.012500 0.010937
0 0.823438 0.121094 0.012500 0.010937
1 0.968750 0.096875 0.021875 0.018750
1 0.968750 0.112500 0.021875 0.018750
1 0.950000 0.104688 0.021875 0.018750
1 0.950000 0.120313 0.021875 0.018750
0 0.556250 0.121094 0.012500 0.010937
0 0.523438 0.113281 0.012500 0.010937
0 0.493750 0.128906 0.012500 0.010937
1 0.657813 0.104688 0.021875 0.018750
1 0.657813 0.120313 0.021875 0.018750
1 0.637500 0.112500 0.021875 0.018750
1 0.637500 0.129688 0.021875 0.018750
