10 0.843750 0.432812 0.312500 0.056250
14 0.532031 0.557813 0.026562 0.009375
14 0.530469 0.614844 0.026562 0.010937
14 0.267969 0.549219 0.501563 0.026562
14 0.530469 0.346094 0.026562 0.010937
14 0.532031 0.405469 0.026562 0.010937
14 0.378125 0.410156 0.275000 0.020313
14 0.185938 0.405469 0.081250 0.010937
14 0.258594 0.296094 0.517188 0.054688
9 0.431250 0.457031 0.003125 0.251563
9 0.880469 0.454688 0.001563 0.071875
9 0.833594 0.460156 0.001563 0.076563
2 0.801562 0.500781 0.015625 0.045312
9 0.782031 0.463281 0.001563 0.073438
9 0.735156 0.467969 0.001563 0.076563
2 0.703125 0.510156 0.015625 0.045312
9 0.688281 0.473438 0.001563 0.081250
2 0.656250 0.517969 0.015625 0.045312
4 0.492969 0.598437 0.010937 0.043750
9 0.232031 0.614062 0.001563 0.040625
9 0.055469 0.598437 0.001563 0.040625
4 0.046094 0.573438 0.010937 0.043750
15 0.451562 0.566406 0.028125 0.032813
15 0.451562 0.533594 0.028125 0.032813
9 0.958594 0.370312 0.001563 0.134375
2 0.945312 0.299219 0.015625 0.045312
9 0.907031 0.371875 0.001563 0.137500
11 0.512500 0.328125 0.018750 0.009375
4 0.492969 0.364063 0.010937 0.043750
9 0.333594 0.345313 0.001563 0.050000
9 0.232031 0.412500 0.001563 0.040625
9 0.135156 0.413281 0.001563 0.042188
2 0.121875 0.388281 0.015625 0.045312
9 0.105469 0.359375 0.001563 0.053125
2 0.073438 0.388281 0.015625 0.045312
15 0.678125 0.457031 0.053125 0.026562
15 0.451562 0.380469 0.028125 0.032813
15 0.451562 0.347656 0.028125 0.032813
0 0.870313 0.493750 0.021875 0.018750
0 0.825000 0.501563 0.021875 0.018750
0 0.773438 0.501563 0.021875 0.018750
0 0.726562 0.509375 0.021875 0.018750
0 0.678125 0.518750 0.021875 0.018750
1 0.517969 0.597656 0.029687 0.017188
1 0.517969 0.574219 0.029687 0.017188
1 0.242188 0.590625 0.021875 0.018750
1 0.065625 0.575000 0.021875 0.018750
1 0.017969 0.574219 0.029687 0.017188
0 0.968750 0.300000 0.021875 0.018750
0 0.917188 0.300000 0.021875 0.018750
1 0.517969 0.388281 0.029687 0.017188
1 0.517969 0.363281 0.029687 0.017188
0 0.325000 0.373437 0.021875 0.018750
1 0.242188 0.389062 0.021875 0.018750
0 0.145313 0.389062 0.021875 0.018750
1 0.096875 0.389062 0.021875 0.018750
