10 0.876563 0.325781 0.075000 0.020313
10 0.517969 0.325781 0.039062 0.020313
9 0.793750 0.364844 0.003125 0.067187
9 0.417187 0.364844 0.003125 0.067187
9 0.029687 0.364844 0.003125 0.067187
9 0.985156 0.342969 0.001563 0.051562
9 0.911719 0.342187 0.001563 0.053125
9 0.875781 0.342187 0.001563 0.053125
9 0.839844 0.342187 0.001563 0.053125
12 0.727344 0.364844 0.017188 0.048438
12 0.675000 0.367188 0.015625 0.028125
9 0.608594 0.342969 0.001563 0.051562
9 0.536719 0.342187 0.001563 0.053125
9 0.499219 0.342187 0.001563 0.053125
12 0.350781 0.364844 0.017188 0.048438
12 0.298438 0.367188 0.015625 0.028125
9 0.233594 0.342969 0.001563 0.051562
9 0.153906 0.342969 0.001563 0.051562
9 0.075781 0.342969 0.001563 0.051562
0 0.976562 0.373437 0.021875 0.018750
0 0.903125 0.373437 0.021875 0.018750
0 0.867188 0.373437 0.021875 0.018750
0 0.829688 0.373437 0.021875 0.018750
0 0.600000 0.373437 0.021875 0.018750
0 0.526563 0.373437 0.021875 0.018750
0 0.490625 0.373437 0.021875 0.018750
0 0.223438 0.373437 0.021875 0.018750
0 0.145313 0.373437 0.021875 0.018750
0 0.067187 0.373437 0.021875 0.018750
