10 0.964844 0.325781 0.070312 0.020313
10 0.456250 0.325781 0.087500 0.020313
10 0.017969 0.325781 0.035937 0.020313
9 0.651563 0.364844 0.003125 0.067187
9 0.187500 0.364844 0.003125 0.067187
9 0.972656 0.342187 0.001563 0.053125
9 0.930469 0.342187 0.001563 0.053125
12 0.857812 0.367188 0.015625 0.028125
9 0.827344 0.342969 0.001563 0.051562
9 0.697656 0.342969 0.001563 0.051562
9 0.585156 0.342969 0.001563 0.051562
9 0.499219 0.342187 0.001563 0.053125
9 0.455469 0.342187 0.001563 0.053125
9 0.413281 0.342187 0.001563 0.053125
12 0.339062 0.367188 0.015625 0.028125
9 0.308594 0.342969 0.001563 0.051562
12 0.221875 0.367188 0.015625 0.028125
8 0.240625 0.356250 0.006250 0.006250
9 0.121094 0.342969 0.001563 0.051562
9 0.035156 0.342187 0.001563 0.053125
0 0.964063 0.373437 0.021875 0.018750
0 0.920312 0.373437 0.021875 0.018750
0 0.817187 0.373437 0.021875 0.018750
0 0.689063 0.373437 0.021875 0.018750
0 0.575000 0.373437 0.021875 0.018750
0 0.489063 0.373437 0.021875 0.018750
0 0.446875 0.373437 0.021875 0.018750
0 0.403125 0.373437 0.021875 0.018750
0 0.300000 0.373437 0.021875 0.018750
0 0.110937 0.373437 0.021875 0.018750
0 0.025000 0.373437 0.021875 0.018750
