7 0.262500 0.366406 0.043750 0.114062
10 0.375000 0.325781 0.068750 0.020313
9 0.675000 0.364844 0.003125 0.067187
9 0.964844 0.342969 0.001563 0.051562
9 0.889844 0.342969 0.001563 0.051562
12 0.810156 0.364844 0.017188 0.048438
9 0.780469 0.342969 0.001563 0.051562
12 0.709375 0.367188 0.015625 0.028125
8 0.728125 0.356250 0.006250 0.006250
9 0.619531 0.342969 0.001563 0.051562
9 0.542969 0.342969 0.001563 0.051562
12 0.464844 0.364844 0.017188 0.048438
9 0.408594 0.342187 0.001563 0.053125
9 0.375781 0.342187 0.001563 0.053125
9 0.341406 0.342187 0.001563 0.053125
0 0.954688 0.373437 0.021875 0.018750
0 0.879687 0.373437 0.021875 0.018750
0 0.770312 0.373437 0.021875 0.018750
0 0.609375 0.373437 0.021875 0.018750
0 0.534375 0.373437 0.021875 0.018750
0 0.400000 0.373437 0.021875 0.018750
0 0.365625 0.373437 0.021875 0.018750
0 0.332813 0.373437 0.021875 0.018750
