10 0.923438 0.325781 0.046875 0.020313
10 0.410938 0.325781 0.046875 0.020313
9 0.657813 0.364844 0.003125 0.067187
9 0.207813 0.364844 0.003125 0.067187
9 0.946094 0.342187 0.001563 0.053125
9 0.900781 0.342187 0.001563 0.053125
12 0.781250 0.367188 0.015625 0.028125
9 0.703906 0.342969 0.001563 0.051562
9 0.586719 0.342969 0.001563 0.051562
12 0.510938 0.367188 0.015625 0.028125
9 0.433594 0.342187 0.001563 0.053125
9 0.388281 0.342187 0.001563 0.053125
12 0.242969 0.364844 0.017188 0.048438
9 0.138281 0.342969 0.001563 0.051562
12 0.062500 0.367188 0.015625 0.028125
0 0.935937 0.373437 0.021875 0.018750
0 0.892188 0.373437 0.021875 0.018750
0 0.693750 0.373437 0.021875 0.018750
0 0.576562 0.373437 0.021875 0.018750
0 0.425000 0.373437 0.021875 0.018750
0 0.379688 0.373437 0.021875 0.018750
0 0.128125 0.373437 0.021875 0.018750
