10 0.985938 0.319531 0.028125 0.032813
10 0.855469 0.319531 0.048438 0.032813
10 0.726562 0.319531 0.043750 0.032813
10 0.615625 0.319531 0.043750 0.032813
10 0.486719 0.319531 0.048438 0.032813
10 0.344531 0.319531 0.048438 0.032813
10 0.104688 0.319531 0.043750 0.032813
9 0.659375 0.364844 0.003125 0.067187
9 0.148438 0.364844 0.003125 0.067187
9 0.972656 0.335938 0.001563 0.065625
9 0.878906 0.335938 0.001563 0.065625
9 0.832031 0.335938 0.001563 0.065625
12 0.780469 0.366406 0.023438 0.060937
9 0.747656 0.335938 0.001563 0.065625
9 0.705469 0.335938 0.001563 0.065625
9 0.635156 0.335938 0.001563 0.065625
9 0.594531 0.335938 0.001563 0.065625
12 0.542969 0.366406 0.023438 0.060937
9 0.510156 0.335938 0.001563 0.065625
9 0.463281 0.335938 0.001563 0.065625
9 0.367969 0.335938 0.001563 0.065625
9 0.321094 0.335938 0.001563 0.065625
12 0.271094 0.366406 0.023438 0.060937
15 0.244531 0.337500 0.017188 0.062500
9 0.236719 0.339062 0.001563 0.059375
12 0.186719 0.366406 0.023438 0.060937
9 0.125781 0.335938 0.001563 0.065625
9 0.083594 0.335938 0.001563 0.065625
12 0.033594 0.366406 0.023438 0.060937
0 0.964063 0.373437 0.021875 0.018750
0 0.868750 0.373437 0.021875 0.018750
0 0.821875 0.373437 0.021875 0.018750
0 0.737500 0.373437 0.021875 0.018750
0 0.695312 0.373437 0.021875 0.018750
0 0.626563 0.373437 0.021875 0.018750
0 0.584375 0.373437 0.021875 0.018750
0 0.500000 0.373437 0.021875 0.018750
0 0.453125 0.373437 0.021875 0.018750
0 0.359375 0.373437 0.021875 0.018750
0 0.312500 0.373437 0.021875 0.018750
0 0.228125 0.373437 0.021875 0.018750
0 0.115625 0.373437 0.021875 0.018750
0 0.075000 0.373437 0.021875 0.018750
