9 0.860938 0.364844 0.003125 0.067187
9 0.342187 0.364844 0.003125 0.067187
9 0.789844 0.342969 0.001563 0.051562
9 0.699219 0.342969 0.001563 0.051562
12 0.621875 0.367188 0.015625 0.028125
12 0.557813 0.367188 0.015625 0.028125
9 0.525781 0.342969 0.001563 0.051562
9 0.388281 0.342969 0.001563 0.051562
9 0.271094 0.342969 0.001563 0.051562
9 0.180469 0.342969 0.001563 0.051562
12 0.103125 0.367188 0.015625 0.028125
12 0.039062 0.367188 0.015625 0.028125
9 0.005469 0.342969 0.001563 0.051562
0 0.779687 0.373437 0.021875 0.018750
0 0.689063 0.373437 0.021875 0.018750
0 0.515625 0.373437 0.021875 0.018750
0 0.379688 0.373437 0.021875 0.018750
0 0.260937 0.373437 0.021875 0.018750
0 0.170313 0.373437 0.021875 0.018750
0 0.003906 0.373437 0.007812 0.018750
