10 0.821875 0.319531 0.040625 0.032813
10 0.605469 0.319531 0.079687 0.032813
10 0.447656 0.319531 0.079687 0.032813
10 0.323437 0.319531 0.040625 0.032813
10 0.105469 0.319531 0.079687 0.032813
9 0.860938 0.364844 0.003125 0.067187
9 0.362500 0.364844 0.003125 0.067187
9 0.841406 0.335938 0.001563 0.065625
9 0.802344 0.335938 0.001563 0.065625
12 0.753906 0.366406 0.023438 0.060937
15 0.730469 0.337500 0.017188 0.062500
9 0.722656 0.339062 0.001563 0.059375
12 0.674219 0.366406 0.023438 0.060937
9 0.644531 0.335938 0.001563 0.065625
9 0.605469 0.335938 0.001563 0.065625
9 0.566406 0.335938 0.001563 0.065625
12 0.517969 0.366406 0.023438 0.060937
9 0.486719 0.335938 0.001563 0.065625
9 0.447656 0.335938 0.001563 0.065625
9 0.408594 0.335938 0.001563 0.065625
9 0.342969 0.335938 0.001563 0.065625
9 0.303906 0.335938 0.001563 0.065625
12 0.255469 0.366406 0.023438 0.060937
15 0.232031 0.337500 0.017188 0.062500
9 0.224219 0.339062 0.001563 0.059375
12 0.175781 0.366406 0.023438 0.060937
9 0.144531 0.335938 0.001563 0.065625
9 0.105469 0.335938 0.001563 0.065625
9 0.066406 0.335938 0.001563 0.065625
12 0.019531 0.366406 0.023438 0.060937
0 0.831250 0.373437 0.021875 0.018750
0 0.792188 0.373437 0.021875 0.018750
0 0.712500 0.373437 0.021875 0.018750
0 0.634375 0.373437 0.021875 0.018750
0 0.595313 0.373437 0.021875 0.018750
0 0.556250 0.373437 0.021875 0.018750
0 0.478125 0.373437 0.021875 0.018750
0 0.439063 0.373437 0.021875 0.018750
0 0.400000 0.373437 0.021875 0.018750
0 0.332813 0.373437 0.021875 0.018750
0 0.293750 0.373437 0.021875 0.018750
0 0.214062 0.373437 0.021875 0.018750
0 0.135937 0.373437 0.021875 0.018750
0 0.096875 0.373437 0.021875 0.018750
0 0.057813 0.373437 0.021875 0.018750
