9 0.642188 0.364844 0.003125 0.067187
9 0.115625 0.364844 0.003125 0.067187
12 0.993750 0.366406 0.012500 0.060937
15 0.960156 0.337500 0.017188 0.062500
9 0.952344 0.339062 0.001563 0.059375
8 0.879687 0.356250 0.006250 0.006250
15 0.752344 0.337500 0.017188 0.062500
9 0.744531 0.339062 0.001563 0.059375
12 0.680469 0.366406 0.023438 0.060937
15 0.544531 0.337500 0.017188 0.062500
9 0.536719 0.339062 0.001563 0.059375
12 0.472656 0.366406 0.023438 0.060937
15 0.433594 0.337500 0.017188 0.062500
9 0.425781 0.339062 0.001563 0.059375
8 0.353125 0.356250 0.006250 0.006250
12 0.208594 0.366406 0.023438 0.060937
15 0.169531 0.337500 0.017188 0.062500
9 0.161719 0.339062 0.001563 0.059375
15 0.017969 0.337500 0.017188 0.062500
9 0.010156 0.339062 0.001563 0.059375
0 0.943750 0.373437 0.021875 0.018750
0 0.734375 0.373437 0.021875 0.018750
0 0.526563 0.373437 0.021875 0.018750
0 0.417187 0.373437 0.021875 0.018750
0 0.151562 0.373437 0.021875 0.018750
0 0.005469 0.373437 0.010937 0.018750
