10 0.748437 0.325781 0.034375 0.020313
10 0.567969 0.325781 0.067187 0.020313
10 0.375000 0.325781 0.034375 0.020313
10 0.210938 0.325781 0.034375 0.020313
10 0.010156 0.325781 0.020313 0.020313
9 0.860938 0.364844 0.003125 0.067187
9 0.489063 0.364844 0.003125 0.067187
9 0.115625 0.364844 0.003125 0.067187
9 0.830469 0.342969 0.001563 0.051562
9 0.764844 0.342187 0.001563 0.053125
9 0.732031 0.342187 0.001563 0.053125
12 0.653906 0.364844 0.017188 0.048438
9 0.600781 0.342187 0.001563 0.053125
9 0.567969 0.342187 0.001563 0.053125
9 0.535156 0.342187 0.001563 0.053125
9 0.457031 0.342969 0.001563 0.051562
9 0.391406 0.342187 0.001563 0.053125
9 0.358594 0.342187 0.001563 0.053125
12 0.282031 0.364844 0.017188 0.048438
9 0.227344 0.342187 0.001563 0.053125
9 0.194531 0.342187 0.001563 0.053125
9 0.085156 0.342969 0.001563 0.051562
9 0.019531 0.342187 0.001563 0.053125
0 0.821875 0.373437 0.021875 0.018750
0 0.756250 0.373437 0.021875 0.018750
0 0.721875 0.373437 0.021875 0.018750
0 0.590625 0.373437 0.021875 0.018750
0 0.557813 0.373437 0.021875 0.018750
0 0.525000 0.373437 0.021875 0.018750
0 0.448437 0.373437 0.021875 0.018750
0 0.382812 0.373437 0.021875 0.018750
0 0.350000 0.373437 0.021875 0.018750
0 0.218750 0.373437 0.021875 0.018750
0 0.185938 0.373437 0.021875 0.018750
0 0.075000 0.373437 0.021875 0.018750
0 0.010156 0.373437 0.020313 0.018750
