10 0.531250 0.325781 0.040625 0.020313
10 0.017188 0.325781 0.034375 0.020313
9 0.860938 0.364844 0.003125 0.067187
9 0.343750 0.364844 0.003125 0.067187
9 0.830469 0.342969 0.001563 0.051562
9 0.749219 0.342969 0.001563 0.051562
9 0.628906 0.342969 0.001563 0.051562
9 0.550781 0.342187 0.001563 0.053125
9 0.511719 0.342187 0.001563 0.053125
9 0.430469 0.342969 0.001563 0.051562
9 0.313281 0.342969 0.001563 0.051562
9 0.232031 0.342969 0.001563 0.051562
9 0.111719 0.342969 0.001563 0.051562
9 0.033594 0.342187 0.001563 0.053125
0 0.821875 0.373437 0.021875 0.018750
0 0.740625 0.373437 0.021875 0.018750
0 0.620313 0.373437 0.021875 0.018750
0 0.540625 0.373437 0.021875 0.018750
0 0.501563 0.373437 0.021875 0.018750
0 0.420312 0.373437 0.021875 0.018750
0 0.304688 0.373437 0.021875 0.018750
0 0.223438 0.373437 0.021875 0.018750
0 0.103125 0.373437 0.021875 0.018750
0 0.023438 0.373437 0.021875 0.018750
