7 0.214062 0.366406 0.043750 0.114062
10 0.900000 0.328125 0.184375 0.025000
10 0.628125 0.328125 0.184375 0.025000
10 0.384375 0.328125 0.184375 0.025000
9 0.762500 0.364844 0.003125 0.067187
9 0.991406 0.345313 0.001563 0.050000
9 0.930469 0.350781 0.001563 0.051562
9 0.869531 0.362500 0.001563 0.062500
9 0.808594 0.360938 0.001563 0.050000
9 0.719531 0.345313 0.001563 0.050000
9 0.658594 0.350781 0.001563 0.051562
9 0.597656 0.358594 0.001563 0.054688
9 0.536719 0.360938 0.001563 0.050000
9 0.475781 0.345313 0.001563 0.050000
9 0.414844 0.350781 0.001563 0.051562
9 0.353906 0.354687 0.001563 0.046875
9 0.292969 0.360938 0.001563 0.050000
0 0.982812 0.373437 0.021875 0.018750
0 0.921875 0.381250 0.021875 0.018750
0 0.860938 0.396875 0.021875 0.018750
0 0.800000 0.389062 0.021875 0.018750
0 0.710938 0.373437 0.021875 0.018750
0 0.650000 0.381250 0.021875 0.018750
0 0.589063 0.389062 0.021875 0.018750
0 0.528125 0.389062 0.021875 0.018750
0 0.467187 0.373437 0.021875 0.018750
0 0.406250 0.381250 0.021875 0.018750
0 0.343750 0.381250 0.021875 0.018750
0 0.282813 0.389062 0.021875 0.018750
