7 0.262500 0.366406 0.043750 0.114062
10 0.955469 0.319531 0.048438 0.032813
10 0.778125 0.319531 0.043750 0.032813
10 0.383594 0.319531 0.085938 0.032813
9 0.821875 0.364844 0.003125 0.067187
9 0.978906 0.335938 0.001563 0.065625
9 0.932031 0.335938 0.001563 0.065625
8 0.879687 0.356250 0.006250 0.006250
9 0.799219 0.335938 0.001563 0.065625
9 0.757031 0.335938 0.001563 0.065625
12 0.707031 0.366406 0.023438 0.060937
15 0.682031 0.337500 0.017188 0.062500
9 0.674219 0.339062 0.001563 0.059375
12 0.624219 0.366406 0.023438 0.060937
15 0.599219 0.337500 0.017188 0.062500
9 0.591406 0.339062 0.001563 0.059375
12 0.541406 0.366406 0.023438 0.060937
15 0.516406 0.337500 0.017188 0.062500
9 0.508594 0.339062 0.001563 0.059375
12 0.458594 0.366406 0.023438 0.060937
9 0.424219 0.335938 0.001563 0.065625
9 0.383594 0.335938 0.001563 0.065625
9 0.341406 0.335938 0.001563 0.065625
0 0.970313 0.373437 0.021875 0.018750
0 0.923438 0.373437 0.021875 0.018750
0 0.789062 0.373437 0.021875 0.018750
0 0.748437 0.373437 0.021875 0.018750
0 0.665625 0.373437 0.021875 0.018750
0 0.581250 0.373437 0.021875 0.018750
0 0.498437 0.373437 0.021875 0.018750
0 0.415625 0.373437 0.021875 0.018750
0 0.373437 0.373437 0.021875 0.018750
0 0.332813 0.373437 0.021875 0.018750
