10 0.928125 0.325781 0.034375 0.020313
10 0.506250 0.325781 0.034375 0.020313
9 0.820312 0.364844 0.003125 0.067187
9 0.443750 0.364844 0.003125 0.067187
9 0.056250 0.364844 0.003125 0.067187
12 0.964063 0.367188 0.015625 0.028125
9 0.944531 0.342187 0.001563 0.053125
9 0.911719 0.342187 0.001563 0.053125
12 0.854688 0.367188 0.015625 0.028125
12 0.781250 0.367188 0.015625 0.028125
9 0.719531 0.342969 0.001563 0.051562
12 0.660937 0.367188 0.015625 0.028125
12 0.615625 0.367188 0.015625 0.028125
9 0.586719 0.342969 0.001563 0.051562
9 0.521094 0.342187 0.001563 0.053125
9 0.489844 0.342187 0.001563 0.053125
12 0.403125 0.367188 0.015625 0.028125
9 0.342969 0.342969 0.001563 0.051562
12 0.284375 0.367188 0.015625 0.028125
12 0.239063 0.367188 0.015625 0.028125
9 0.208594 0.342969 0.001563 0.051562
9 0.135156 0.342969 0.001563 0.051562
12 0.017188 0.367188 0.015625 0.028125
0 0.935937 0.373437 0.021875 0.018750
0 0.903125 0.373437 0.021875 0.018750
0 0.710938 0.373437 0.021875 0.018750
0 0.576562 0.373437 0.021875 0.018750
0 0.512500 0.373437 0.021875 0.018750
0 0.479687 0.373437 0.021875 0.018750
0 0.332813 0.373437 0.021875 0.018750
0 0.200000 0.373437 0.021875 0.018750
0 0.126562 0.373437 0.021875 0.018750
