7 0.262500 0.366406 0.043750 0.114062
10 0.764062 0.325781 0.071875 0.020313
10 0.392969 0.325781 0.035937 0.020313
9 0.682813 0.364844 0.003125 0.067187
12 0.932031 0.364844 0.017188 0.048438
9 0.867969 0.342969 0.001563 0.051562
9 0.797656 0.342187 0.001563 0.053125
9 0.763281 0.342187 0.001563 0.053125
9 0.728906 0.342187 0.001563 0.053125
9 0.625781 0.342969 0.001563 0.051562
12 0.544531 0.364844 0.017188 0.048438
9 0.480469 0.342969 0.001563 0.051562
9 0.410156 0.342187 0.001563 0.053125
9 0.375781 0.342187 0.001563 0.053125
0 0.996094 0.373437 0.007812 0.018750
0 0.857812 0.373437 0.021875 0.018750
0 0.789062 0.373437 0.021875 0.018750
0 0.754687 0.373437 0.021875 0.018750
0 0.720313 0.373437 0.021875 0.018750
0 0.615625 0.373437 0.021875 0.018750
0 0.470313 0.373437 0.021875 0.018750
0 0.401562 0.373437 0.021875 0.018750
0 0.367188 0.373437 0.021875 0.018750
