7 0.262500 0.366406 0.043750 0.114062
10 0.979688 0.325781 0.037500 0.020313
10 0.811719 0.325781 0.073438 0.020313
10 0.585938 0.325781 0.037500 0.020313
10 0.437500 0.325781 0.037500 0.020313
9 0.693750 0.364844 0.003125 0.067187
9 0.997656 0.342187 0.001563 0.053125
9 0.961719 0.342187 0.001563 0.053125
9 0.883594 0.342969 0.001563 0.051562
9 0.847656 0.342187 0.001563 0.053125
9 0.811719 0.342187 0.001563 0.053125
9 0.775781 0.342187 0.001563 0.053125
12 0.628906 0.364844 0.017188 0.048438
9 0.603906 0.342187 0.001563 0.053125
9 0.567969 0.342187 0.001563 0.053125
9 0.491406 0.342969 0.001563 0.051562
9 0.455469 0.342187 0.001563 0.053125
9 0.419531 0.342187 0.001563 0.053125
9 0.341406 0.342969 0.001563 0.051562
0 0.987500 0.373437 0.021875 0.018750
0 0.951562 0.373437 0.021875 0.018750
0 0.875000 0.373437 0.021875 0.018750
0 0.839063 0.373437 0.021875 0.018750
0 0.803125 0.373437 0.021875 0.018750
0 0.767188 0.373437 0.021875 0.018750
0 0.595313 0.373437 0.021875 0.018750
0 0.559375 0.373437 0.021875 0.018750
0 0.481250 0.373437 0.021875 0.018750
0 0.445312 0.373437 0.021875 0.018750
0 0.409375 0.373437 0.021875 0.018750
0 0.332813 0.373437 0.021875 0.018750
