15 0.765625 0.364063 0.018750 0.025000
14 0.792969 0.370312 0.020313 0.012500
14 0.739062 0.370312 0.015625 0.012500
15 0.637500 0.364063 0.018750 0.025000
14 0.664844 0.370312 0.020313 0.012500
14 0.610938 0.370312 0.015625 0.012500
15 0.485938 0.364063 0.018750 0.025000
14 0.514844 0.370312 0.023438 0.012500
14 0.457813 0.370312 0.018750 0.012500
15 0.357812 0.364063 0.018750 0.025000
14 0.386719 0.370312 0.023438 0.012500
14 0.329688 0.370312 0.018750 0.012500
15 0.256250 0.364063 0.018750 0.025000
14 0.285156 0.370312 0.023438 0.012500
14 0.228125 0.370312 0.018750 0.012500
15 0.128125 0.364063 0.018750 0.025000
14 0.157031 0.370312 0.023438 0.012500
14 0.100000 0.370312 0.018750 0.012500
10 0.789844 0.325781 0.076563 0.020313
10 0.661719 0.325781 0.076563 0.020313
10 0.507031 0.325781 0.076563 0.020313
10 0.378906 0.325781 0.076563 0.020313
10 0.228906 0.325781 0.085938 0.020313
10 0.100781 0.325781 0.085938 0.020313
9 0.860938 0.364844 0.003125 0.067187
9 0.578125 0.364844 0.003125 0.067187
9 0.295312 0.364844 0.003125 0.067187
9 0.012500 0.364844 0.003125 0.067187
9 0.827344 0.342187 0.001563 0.053125
9 0.796094 0.342187 0.001563 0.053125
9 0.752344 0.342187 0.001563 0.053125
9 0.699219 0.342187 0.001563 0.053125
9 0.667969 0.342187 0.001563 0.053125
9 0.624219 0.342187 0.001563 0.053125
9 0.542969 0.342187 0.001563 0.053125
9 0.500781 0.342187 0.001563 0.053125
9 0.469531 0.342187 0.001563 0.053125
9 0.416406 0.342187 0.001563 0.053125
9 0.372656 0.342187 0.001563 0.053125
9 0.341406 0.342187 0.001563 0.053125
9 0.269531 0.342187 0.001563 0.053125
9 0.239844 0.342187 0.001563 0.053125
9 0.186719 0.342187 0.001563 0.053125
9 0.142969 0.342187 0.001563 0.053125
9 0.111719 0.342187 0.001563 0.053125
9 0.058594 0.342187 0.001563 0.053125
0 0.817187 0.373437 0.021875 0.018750
0 0.787500 0.373437 0.021875 0.018750
0 0.743750 0.373437 0.021875 0.018750
0 0.689063 0.373437 0.021875 0.018750
0 0.659375 0.373437 0.021875 0.018750
0 0.615625 0.373437 0.021875 0.018750
0 0.534375 0.373437 0.021875 0.018750
0 0.490625 0.373437 0.021875 0.018750
0 0.459375 0.373437 0.021875 0.018750
0 0.406250 0.373437 0.021875 0.018750
0 0.362500 0.373437 0.021875 0.018750
0 0.332813 0.373437 0.021875 0.018750
0 0.260937 0.373437 0.021875 0.018750
0 0.229687 0.373437 0.021875 0.018750
0 0.176563 0.373437 0.021875 0.018750
0 0.132812 0.373437 0.021875 0.018750
0 0.101562 0.373437 0.021875 0.018750
0 0.048438 0.373437 0.021875 0.018750
