10 0.220312 0.325781 0.106250 0.020313
9 0.860938 0.364844 0.003125 0.067187
9 0.498437 0.364844 0.003125 0.067187
9 0.121875 0.364844 0.003125 0.067187
9 0.830469 0.342969 0.001563 0.051562
12 0.768750 0.367188 0.015625 0.028125
9 0.739844 0.342969 0.001563 0.051562
12 0.678125 0.367188 0.015625 0.028125
9 0.614844 0.342969 0.001563 0.051562
12 0.533594 0.364844 0.017188 0.048438
9 0.467969 0.342969 0.001563 0.051562
12 0.406250 0.367188 0.015625 0.028125
9 0.377344 0.342969 0.001563 0.051562
12 0.296094 0.364844 0.017188 0.048438
9 0.272656 0.342187 0.001563 0.053125
9 0.238281 0.342187 0.001563 0.053125
9 0.202344 0.342187 0.001563 0.053125
9 0.167969 0.342187 0.001563 0.053125
9 0.091406 0.342969 0.001563 0.051562
12 0.029687 0.367188 0.015625 0.028125
9 0.000781 0.342969 0.001563 0.051562
0 0.821875 0.373437 0.021875 0.018750
0 0.729688 0.373437 0.021875 0.018750
0 0.604688 0.373437 0.021875 0.018750
0 0.457813 0.373437 0.021875 0.018750
0 0.367188 0.373437 0.021875 0.018750
0 0.262500 0.373437 0.021875 0.018750
0 0.228125 0.373437 0.021875 0.018750
0 0.193750 0.373437 0.021875 0.018750
0 0.159375 0.373437 0.021875 0.018750
0 0.081250 0.373437 0.021875 0.018750
