9 0.643750 0.364844 0.003125 0.067187
9 0.120313 0.364844 0.003125 0.067187
15 0.914844 0.337500 0.017188 0.062500
9 0.907031 0.339062 0.001563 0.059375
12 0.847656 0.366406 0.023438 0.060937
15 0.749219 0.337500 0.017188 0.062500
9 0.741406 0.339062 0.001563 0.059375
12 0.682031 0.366406 0.023438 0.060937
15 0.557031 0.337500 0.017188 0.062500
9 0.549219 0.339062 0.001563 0.059375
12 0.488281 0.366406 0.023438 0.060937
15 0.389844 0.337500 0.017188 0.062500
9 0.382031 0.339062 0.001563 0.059375
12 0.322656 0.366406 0.023438 0.060937
12 0.208594 0.366406 0.023438 0.060937
15 0.174219 0.337500 0.017188 0.062500
9 0.166406 0.339062 0.001563 0.059375
15 0.032031 0.337500 0.017188 0.062500
9 0.024219 0.339062 0.001563 0.059375
0 0.898438 0.373437 0.021875 0.018750
0 0.732812 0.373437 0.021875 0.018750
0 0.539062 0.373437 0.021875 0.018750
0 0.373437 0.373437 0.021875 0.018750
0 0.156250 0.373437 0.021875 0.018750
0 0.014063 0.373437 0.021875 0.018750
