10 0.687500 0.319531 0.090625 0.032813
10 0.475781 0.319531 0.135937 0.032813
10 0.187500 0.319531 0.090625 0.032813
10 0.021094 0.319531 0.042188 0.032813
14 0.860938 0.364844 0.003125 0.067187
14 0.362500 0.364844 0.003125 0.067187
14 0.839844 0.337500 0.017188 0.062500
9 0.832031 0.339062 0.001563 0.059375
9 0.732031 0.335938 0.001563 0.065625
9 0.686719 0.335938 0.001563 0.065625
9 0.642969 0.335938 0.001563 0.065625
9 0.541406 0.335938 0.001563 0.065625
9 0.497656 0.335938 0.001563 0.065625
9 0.452344 0.335938 0.001563 0.065625
9 0.408594 0.335938 0.001563 0.065625
14 0.339844 0.337500 0.017188 0.062500
9 0.332031 0.339062 0.001563 0.059375
9 0.232031 0.335938 0.001563 0.065625
9 0.186719 0.335938 0.001563 0.065625
9 0.142969 0.335938 0.001563 0.065625
9 0.041406 0.335938 0.001563 0.065625
0 0.821875 0.373437 0.021875 0.018750
0 0.721875 0.373437 0.021875 0.018750
0 0.678125 0.373437 0.021875 0.018750
0 0.632812 0.373437 0.021875 0.018750
0 0.532813 0.373437 0.021875 0.018750
0 0.487500 0.373437 0.021875 0.018750
0 0.443750 0.373437 0.021875 0.018750
0 0.398438 0.373437 0.021875 0.018750
0 0.321875 0.373437 0.021875 0.018750
0 0.221875 0.373437 0.021875 0.018750
0 0.178125 0.373437 0.021875 0.018750
0 0.132812 0.373437 0.021875 0.018750
0 0.032813 0.373437 0.021875 0.018750
