7 0.262500 0.366406 0.043750 0.114062
10 0.547656 0.325781 0.114062 0.020313
10 0.397656 0.325781 0.114062 0.020313
9 0.753125 0.364844 0.003125 0.067187
9 0.986719 0.342969 0.001563 0.051562
12 0.863281 0.364844 0.017188 0.048438
12 0.788281 0.364844 0.017188 0.048438
12 0.706250 0.367188 0.015625 0.028125
9 0.639844 0.342969 0.001563 0.051562
9 0.602344 0.342187 0.001563 0.053125
9 0.566406 0.342187 0.001563 0.053125
9 0.528906 0.342187 0.001563 0.053125
9 0.491406 0.342187 0.001563 0.053125
9 0.453906 0.342187 0.001563 0.053125
9 0.416406 0.342187 0.001563 0.053125
9 0.378906 0.342187 0.001563 0.053125
9 0.341406 0.342187 0.001563 0.053125
0 0.976562 0.373437 0.021875 0.018750
0 0.631250 0.373437 0.021875 0.018750
0 0.593750 0.373437 0.021875 0.018750
0 0.556250 0.373437 0.021875 0.018750
0 0.518750 0.373437 0.021875 0.018750
0 0.481250 0.373437 0.021875 0.018750
0 0.443750 0.373437 0.021875 0.018750
0 0.406250 0.373437 0.021875 0.018750
0 0.370312 0.373437 0.021875 0.018750
0 0.332813 0.373437 0.021875 0.018750
