10 0.963281 0.390625 0.073438 0.028125
10 0.762500 0.401562 0.153125 0.025000
10 0.493750 0.404687 0.153125 0.025000
10 0.251563 0.409375 0.153125 0.025000
10 0.029687 0.418750 0.059375 0.025000
10 0.963281 0.546875 0.073438 0.040625
10 0.781250 0.555469 0.190625 0.035937
10 0.512500 0.560156 0.190625 0.035937
10 0.270313 0.566406 0.190625 0.032813
10 0.048438 0.572656 0.096875 0.035937
10 0.963281 0.705469 0.073438 0.035937
10 0.728906 0.717969 0.085938 0.035937
10 0.460156 0.721094 0.085938 0.035937
10 0.217969 0.728906 0.085938 0.035937
10 0.963281 0.859375 0.073438 0.053125
10 0.742188 0.885156 0.112500 0.048438
10 0.473438 0.875000 0.112500 0.053125
10 0.231250 0.885156 0.112500 0.048438
9 0.659375 0.665625 0.003125 0.668750
9 0.150000 0.665625 0.003125 0.668750
9 0.969531 0.970313 0.001563 0.059375
9 0.727344 0.974219 0.001563 0.051562
9 0.460156 0.978125 0.001563 0.043750
9 0.217969 0.982031 0.001563 0.035937
9 0.927344 0.858594 0.001563 0.045312
12 0.845313 0.851562 0.015625 0.028125
9 0.796094 0.838281 0.001563 0.101562
9 0.686719 0.875000 0.001563 0.062500
12 0.576562 0.851562 0.015625 0.028125
9 0.527344 0.836719 0.001563 0.082812
9 0.417969 0.874219 0.001563 0.045312
12 0.334375 0.851562 0.015625 0.028125
9 0.286719 0.846094 0.001563 0.085938
9 0.175781 0.882031 0.001563 0.045312
12 0.065625 0.851562 0.015625 0.028125
9 0.017969 0.850000 0.001563 0.078125
9 0.927344 0.696094 0.001563 0.045312
12 0.845313 0.690625 0.015625 0.028125
9 0.769531 0.670312 0.001563 0.090625
9 0.686719 0.707812 0.001563 0.050000
12 0.576562 0.690625 0.015625 0.028125
9 0.500781 0.677344 0.001563 0.085938
9 0.417969 0.713281 0.001563 0.045312
12 0.334375 0.690625 0.015625 0.028125
9 0.260156 0.685156 0.001563 0.085938
9 0.175781 0.721094 0.001563 0.045312
12 0.065625 0.690625 0.015625 0.028125
9 0.927344 0.537500 0.001563 0.050000
9 0.875781 0.509375 0.001563 0.090625
9 0.686719 0.545312 0.001563 0.050000
9 0.607031 0.514844 0.001563 0.085938
9 0.417969 0.550781 0.001563 0.045312
9 0.364844 0.522656 0.001563 0.085938
9 0.175781 0.558594 0.001563 0.042188
9 0.096094 0.529687 0.001563 0.081250
9 0.927344 0.376563 0.001563 0.050000
9 0.838281 0.348438 0.001563 0.090625
9 0.686719 0.384375 0.001563 0.050000
9 0.569531 0.353906 0.001563 0.085938
9 0.417969 0.389844 0.001563 0.045312
9 0.327344 0.359375 0.001563 0.081250
9 0.175781 0.396094 0.001563 0.042188
9 0.058594 0.367969 0.001563 0.082812
0 0.979688 0.937500 0.021875 0.018750
0 0.937500 0.992188 0.021875 0.015625
0 0.737500 0.945312 0.021875 0.018750
0 0.696875 0.996875 0.021875 0.006250
0 0.470313 0.954688 0.021875 0.018750
0 0.228125 0.962500 0.021875 0.018750
0 0.937500 0.832812 0.021875 0.018750
0 0.806250 0.784375 0.021875 0.018750
0 0.696875 0.840625 0.021875 0.018750
0 0.537500 0.792188 0.021875 0.018750
0 0.428125 0.848437 0.021875 0.018750
0 0.296875 0.800000 0.021875 0.018750
0 0.185938 0.857812 0.021875 0.018750
0 0.028125 0.809375 0.021875 0.018750
0 0.937500 0.671875 0.021875 0.018750
0 0.779687 0.623437 0.021875 0.018750
0 0.696875 0.679688 0.021875 0.018750
0 0.510938 0.631250 0.021875 0.018750
0 0.428125 0.687500 0.021875 0.018750
0 0.270313 0.639062 0.021875 0.018750
0 0.185938 0.695312 0.021875 0.018750
0 0.006250 0.646875 0.012500 0.018750
0 0.937500 0.509375 0.021875 0.018750
0 0.885938 0.460938 0.021875 0.018750
0 0.696875 0.518750 0.021875 0.018750
0 0.617188 0.470313 0.021875 0.018750
0 0.428125 0.526563 0.021875 0.018750
0 0.375000 0.478125 0.021875 0.018750
0 0.185938 0.534375 0.021875 0.018750
0 0.106250 0.485938 0.021875 0.018750
0 0.937500 0.348438 0.021875 0.018750
0 0.848437 0.300000 0.021875 0.018750
0 0.696875 0.356250 0.021875 0.018750
0 0.579688 0.307812 0.021875 0.018750
0 0.428125 0.364063 0.021875 0.018750
0 0.337500 0.315625 0.021875 0.018750
0 0.185938 0.373437 0.021875 0.018750
0 0.068750 0.325000 0.021875 0.018750
