10 0.319531 0.508594 0.348438 0.007812
10 0.406250 0.675781 0.521875 0.020313
10 0.450000 0.832031 0.609375 0.032813
10 0.471094 0.982812 0.651563 0.034375
9 0.821875 0.760156 0.003125 0.479687
9 0.797656 0.982812 0.001563 0.034375
9 0.753906 0.982812 0.001563 0.034375
9 0.710156 0.982812 0.001563 0.034375
9 0.666406 0.982812 0.001563 0.034375
9 0.624219 0.982812 0.001563 0.034375
9 0.580469 0.982812 0.001563 0.034375
9 0.536719 0.982812 0.001563 0.034375
9 0.492969 0.982812 0.001563 0.034375
9 0.450781 0.982812 0.001563 0.034375
9 0.407031 0.982812 0.001563 0.034375
9 0.363281 0.982812 0.001563 0.034375
9 0.319531 0.982812 0.001563 0.034375
9 0.277344 0.982812 0.001563 0.034375
9 0.233594 0.982812 0.001563 0.034375
9 0.189844 0.982812 0.001563 0.034375
9 0.146094 0.982812 0.001563 0.034375
9 0.103906 0.982812 0.001563 0.034375
9 0.060156 0.982812 0.001563 0.034375
9 0.016406 0.982812 0.001563 0.034375
9 0.753906 0.848437 0.001563 0.065625
9 0.666406 0.848437 0.001563 0.065625
9 0.580469 0.848437 0.001563 0.065625
9 0.492969 0.848437 0.001563 0.065625
9 0.407031 0.848437 0.001563 0.065625
9 0.319531 0.848437 0.001563 0.065625
9 0.233594 0.848437 0.001563 0.065625
9 0.146094 0.848437 0.001563 0.065625
9 0.060156 0.848437 0.001563 0.065625
15 0.840625 0.892969 0.028125 0.032813
15 0.840625 0.860156 0.025000 0.032813
9 0.666406 0.692187 0.001563 0.053125
9 0.492969 0.692187 0.001563 0.053125
9 0.319531 0.692187 0.001563 0.053125
9 0.146094 0.692187 0.001563 0.053125
15 0.840625 0.730469 0.028125 0.032813
15 0.840625 0.699219 0.025000 0.032813
9 0.492969 0.531250 0.001563 0.053125
9 0.146094 0.531250 0.001563 0.053125
15 0.840625 0.569531 0.028125 0.032813
15 0.840625 0.536719 0.025000 0.032813
0 0.743750 0.884375 0.021875 0.018750
0 0.657813 0.884375 0.021875 0.018750
0 0.570312 0.884375 0.021875 0.018750
0 0.484375 0.884375 0.021875 0.018750
0 0.396875 0.884375 0.021875 0.018750
0 0.310937 0.884375 0.021875 0.018750
0 0.223438 0.884375 0.021875 0.018750
0 0.137500 0.884375 0.021875 0.018750
0 0.050000 0.884375 0.021875 0.018750
0 0.657813 0.723437 0.021875 0.018750
0 0.484375 0.723437 0.021875 0.018750
0 0.310937 0.723437 0.021875 0.018750
0 0.137500 0.723437 0.021875 0.018750
0 0.484375 0.560937 0.021875 0.018750
0 0.137500 0.560937 0.021875 0.018750
