15 0.314063 0.570312 0.025000 0.034375
15 0.314063 0.536719 0.025000 0.032813
7 0.262500 0.555469 0.043750 0.114062
9 0.823438 0.553906 0.003125 0.067187
15 0.314063 0.570312 0.025000 0.034375
15 0.314063 0.536719 0.025000 0.032813
15 0.944531 0.526563 0.017188 0.062500
9 0.936719 0.528125 0.001563 0.059375
12 0.860156 0.555469 0.023438 0.060937
12 0.709375 0.556250 0.015625 0.028125
12 0.590625 0.556250 0.015625 0.028125
12 0.442969 0.555469 0.023438 0.060937
15 0.391406 0.526563 0.017188 0.062500
9 0.383594 0.528125 0.001563 0.059375
0 0.926562 0.560937 0.021875 0.018750
0 0.373437 0.560937 0.021875 0.018750
