10 0.824219 0.325781 0.048438 0.020313
10 0.314844 0.325781 0.048438 0.020313
9 0.660937 0.364844 0.003125 0.067187
9 0.179688 0.364844 0.003125 0.067187
9 0.961719 0.342969 0.001563 0.051562
12 0.882812 0.367188 0.015625 0.028125
9 0.847656 0.342187 0.001563 0.053125
9 0.800781 0.342187 0.001563 0.053125
9 0.707031 0.342969 0.001563 0.051562
9 0.628906 0.342969 0.001563 0.051562
12 0.535937 0.367188 0.015625 0.028125
8 0.554688 0.356250 0.006250 0.006250
9 0.453906 0.342969 0.001563 0.051562
12 0.373437 0.367188 0.015625 0.028125
9 0.339844 0.342187 0.001563 0.053125
9 0.291406 0.342187 0.001563 0.053125
12 0.212500 0.367188 0.015625 0.028125
9 0.147656 0.342969 0.001563 0.051562
12 0.054688 0.367188 0.015625 0.028125
8 0.073438 0.356250 0.006250 0.006250
0 0.953125 0.373437 0.021875 0.018750
0 0.839063 0.373437 0.021875 0.018750
0 0.792188 0.373437 0.021875 0.018750
0 0.696875 0.373437 0.021875 0.018750
0 0.620313 0.373437 0.021875 0.018750
0 0.443750 0.373437 0.021875 0.018750
0 0.329688 0.373437 0.021875 0.018750
0 0.282813 0.373437 0.021875 0.018750
0 0.139063 0.373437 0.021875 0.018750
