10 0.952344 0.296094 0.095312 0.007812
10 0.783594 0.296094 0.095312 0.007812
10 0.624219 0.425000 0.095312 0.025000
10 0.455469 0.419531 0.095312 0.020313
10 0.314844 0.417187 0.095312 0.012500
10 0.146094 0.413281 0.095312 0.007812
10 0.026562 0.410938 0.053125 0.012500
9 0.859375 0.364844 0.003125 0.067187
9 0.550000 0.364844 0.003125 0.067187
9 0.240625 0.364844 0.003125 0.067187
9 0.952344 0.314844 0.001563 0.045312
9 0.905469 0.327344 0.001563 0.070312
9 0.832031 0.342969 0.001563 0.101562
9 0.785156 0.314844 0.001563 0.045312
9 0.736719 0.327344 0.001563 0.070312
9 0.671094 0.413281 0.001563 0.042188
9 0.624219 0.384375 0.001563 0.081250
9 0.577344 0.392188 0.001563 0.050000
9 0.502344 0.403906 0.001563 0.042188
9 0.455469 0.382031 0.001563 0.076563
9 0.408594 0.390625 0.001563 0.046875
9 0.361719 0.396875 0.001563 0.043750
9 0.314844 0.381250 0.001563 0.075000
9 0.267969 0.391406 0.001563 0.048438
9 0.192969 0.392188 0.001563 0.050000
9 0.146094 0.380469 0.001563 0.073438
9 0.099219 0.392188 0.001563 0.050000
9 0.052344 0.384375 0.001563 0.050000
9 0.005469 0.377344 0.001563 0.067187
0 0.989844 0.404687 0.020313 0.018750
0 0.943750 0.340625 0.021875 0.018750
0 0.896875 0.364063 0.021875 0.018750
0 0.821875 0.396875 0.021875 0.018750
0 0.775000 0.340625 0.021875 0.018750
0 0.728125 0.364063 0.021875 0.018750
0 0.681250 0.389062 0.021875 0.018750
0 0.634375 0.340625 0.021875 0.018750
0 0.587500 0.364063 0.021875 0.018750
0 0.512500 0.381250 0.021875 0.018750
0 0.465625 0.340625 0.021875 0.018750
0 0.418750 0.364063 0.021875 0.018750
0 0.371875 0.373437 0.021875 0.018750
0 0.325000 0.340625 0.021875 0.018750
0 0.278125 0.364063 0.021875 0.018750
0 0.203125 0.364063 0.021875 0.018750
0 0.156250 0.340625 0.021875 0.018750
0 0.109375 0.364063 0.021875 0.018750
0 0.062500 0.356250 0.021875 0.018750
0 0.015625 0.340625 0.021875 0.018750
