10 0.900781 0.319531 0.132812 0.032813
10 0.380469 0.319531 0.132812 0.032813
9 0.648438 0.364844 0.003125 0.067187
9 0.126562 0.364844 0.003125 0.067187
12 0.994531 0.366406 0.010937 0.060937
9 0.966406 0.335938 0.001563 0.065625
9 0.922656 0.335938 0.001563 0.065625
9 0.878906 0.335938 0.001563 0.065625
9 0.835156 0.335938 0.001563 0.065625
15 0.746094 0.337500 0.017188 0.062500
9 0.738281 0.339062 0.001563 0.059375
12 0.685156 0.366406 0.023438 0.060937
15 0.625781 0.337500 0.017188 0.062500
9 0.617969 0.339062 0.001563 0.059375
12 0.566406 0.366406 0.023438 0.060937
15 0.539844 0.337500 0.017188 0.062500
9 0.532031 0.339062 0.001563 0.059375
12 0.478906 0.366406 0.023438 0.060937
9 0.444531 0.335938 0.001563 0.065625
9 0.400781 0.335938 0.001563 0.065625
9 0.358594 0.335938 0.001563 0.065625
9 0.314844 0.335938 0.001563 0.065625
12 0.208594 0.366406 0.023438 0.060937
15 0.180469 0.337500 0.017188 0.062500
9 0.172656 0.339062 0.001563 0.059375
15 0.105469 0.337500 0.017188 0.062500
9 0.097656 0.339062 0.001563 0.059375
12 0.044531 0.366406 0.023438 0.060937
15 0.017969 0.337500 0.017188 0.062500
9 0.010156 0.339062 0.001563 0.059375
0 0.956250 0.373437 0.021875 0.018750
0 0.912500 0.373437 0.021875 0.018750
0 0.870313 0.373437 0.021875 0.018750
0 0.826562 0.373437 0.021875 0.018750
0 0.728125 0.373437 0.021875 0.018750
0 0.609375 0.373437 0.021875 0.018750
0 0.521875 0.373437 0.021875 0.018750
0 0.435937 0.373437 0.021875 0.018750
0 0.392188 0.373437 0.021875 0.018750
0 0.348438 0.373437 0.021875 0.018750
0 0.304688 0.373437 0.021875 0.018750
0 0.164062 0.373437 0.021875 0.018750
0 0.087500 0.373437 0.021875 0.018750
0 0.006250 0.373437 0.012500 0.018750
