7 0.262500 0.366406 0.043750 0.114062
10 0.917188 0.319531 0.103125 0.032813
10 0.418750 0.319531 0.053125 0.032813
9 0.820312 0.364844 0.003125 0.067187
9 0.967969 0.335938 0.001563 0.065625
9 0.916406 0.335938 0.001563 0.065625
9 0.866406 0.335938 0.001563 0.065625
15 0.796094 0.337500 0.017188 0.062500
9 0.788281 0.339062 0.001563 0.059375
8 0.721875 0.356250 0.006250 0.006250
15 0.603906 0.337500 0.017188 0.062500
9 0.596094 0.339062 0.001563 0.059375
12 0.536719 0.366406 0.023438 0.060937
12 0.485156 0.366406 0.023438 0.060937
9 0.442969 0.335938 0.001563 0.065625
9 0.392969 0.335938 0.001563 0.065625
12 0.333594 0.366406 0.023438 0.060937
0 0.957812 0.373437 0.021875 0.018750
0 0.907813 0.373437 0.021875 0.018750
0 0.856250 0.373437 0.021875 0.018750
0 0.778125 0.373437 0.021875 0.018750
0 0.585938 0.373437 0.021875 0.018750
0 0.434375 0.373437 0.021875 0.018750
0 0.382812 0.373437 0.021875 0.018750
