7 0.262500 0.366406 0.043750 0.114062
10 0.698438 0.319531 0.090625 0.032813
10 0.453125 0.319531 0.225000 0.032813
9 0.860938 0.364844 0.003125 0.067187
12 0.895312 0.367188 0.015625 0.028125
15 0.839844 0.337500 0.017188 0.062500
9 0.832031 0.339062 0.001563 0.059375
12 0.778906 0.366406 0.023438 0.060937
9 0.742969 0.335938 0.001563 0.065625
9 0.697656 0.335938 0.001563 0.065625
9 0.653906 0.335938 0.001563 0.065625
12 0.600781 0.366406 0.023438 0.060937
9 0.564844 0.335938 0.001563 0.065625
9 0.519531 0.335938 0.001563 0.065625
9 0.475781 0.335938 0.001563 0.065625
9 0.430469 0.335938 0.001563 0.065625
9 0.386719 0.335938 0.001563 0.065625
9 0.341406 0.335938 0.001563 0.065625
0 0.821875 0.373437 0.021875 0.018750
0 0.732812 0.373437 0.021875 0.018750
0 0.689063 0.373437 0.021875 0.018750
0 0.643750 0.373437 0.021875 0.018750
0 0.554688 0.373437 0.021875 0.018750
0 0.510938 0.373437 0.021875 0.018750
0 0.465625 0.373437 0.021875 0.018750
0 0.421875 0.373437 0.021875 0.018750
0 0.376563 0.373437 0.021875 0.018750
0 0.332813 0.373437 0.021875 0.018750
