10 0.892188 0.319531 0.084375 0.032813
10 0.392188 0.319531 0.084375 0.032813
10 0.237500 0.319531 0.043750 0.032813
14 0.670312 0.364844 0.003125 0.067187
14 0.170313 0.364844 0.003125 0.067187
11 0.966406 0.366406 0.023438 0.060937
9 0.933594 0.335938 0.001563 0.065625
9 0.891406 0.335938 0.001563 0.065625
9 0.850781 0.335938 0.001563 0.065625
11 0.800781 0.366406 0.023438 0.060937
14 0.775781 0.337500 0.017188 0.062500
9 0.767969 0.339062 0.001563 0.059375
14 0.647656 0.337500 0.017188 0.062500
9 0.639844 0.339062 0.001563 0.059375
11 0.589844 0.366406 0.023438 0.060937
14 0.564844 0.337500 0.017188 0.062500
9 0.557031 0.339062 0.001563 0.059375
11 0.507031 0.366406 0.023438 0.060937
11 0.466406 0.366406 0.023438 0.060937
9 0.433594 0.335938 0.001563 0.065625
9 0.391406 0.335938 0.001563 0.065625
9 0.350781 0.335938 0.001563 0.065625
9 0.257031 0.335938 0.001563 0.065625
9 0.216406 0.335938 0.001563 0.065625
14 0.147656 0.337500 0.017188 0.062500
9 0.139844 0.339062 0.001563 0.059375
11 0.089844 0.366406 0.023438 0.060937
14 0.064844 0.337500 0.017188 0.062500
9 0.057031 0.339062 0.001563 0.059375
11 0.009375 0.366406 0.018750 0.060937
0 0.923438 0.373437 0.021875 0.018750
0 0.882812 0.373437 0.021875 0.018750
0 0.840625 0.373437 0.021875 0.018750
0 0.757812 0.373437 0.021875 0.018750
0 0.631250 0.373437 0.021875 0.018750
0 0.548438 0.373437 0.021875 0.018750
0 0.423438 0.373437 0.021875 0.018750
0 0.382812 0.373437 0.021875 0.018750
0 0.340625 0.373437 0.021875 0.018750
0 0.248438 0.373437 0.021875 0.018750
0 0.206250 0.373437 0.021875 0.018750
0 0.131250 0.373437 0.021875 0.018750
0 0.048438 0.373437 0.021875 0.018750
