10 0.812500 0.325781 0.128125 0.020313
10 0.325781 0.325781 0.085938 0.020313
9 0.660937 0.364844 0.003125 0.067187
9 0.153125 0.364844 0.003125 0.067187
9 0.875781 0.342187 0.001563 0.053125
9 0.833594 0.342187 0.001563 0.053125
9 0.791406 0.342187 0.001563 0.053125
9 0.749219 0.342187 0.001563 0.053125
12 0.607812 0.367188 0.015625 0.028125
9 0.578906 0.342969 0.001563 0.051562
9 0.494531 0.342969 0.001563 0.051562
9 0.367969 0.342187 0.001563 0.053125
9 0.325781 0.342187 0.001563 0.053125
9 0.283594 0.342187 0.001563 0.053125
9 0.199219 0.342969 0.001563 0.051562
12 0.100000 0.367188 0.015625 0.028125
9 0.071094 0.342969 0.001563 0.051562
0 0.991406 0.373437 0.017188 0.018750
0 0.867188 0.373437 0.021875 0.018750
0 0.825000 0.373437 0.021875 0.018750
0 0.782813 0.373437 0.021875 0.018750
0 0.740625 0.373437 0.021875 0.018750
0 0.568750 0.373437 0.021875 0.018750
0 0.484375 0.373437 0.021875 0.018750
0 0.359375 0.373437 0.021875 0.018750
0 0.317188 0.373437 0.021875 0.018750
0 0.275000 0.373437 0.021875 0.018750
0 0.190625 0.373437 0.021875 0.018750
0 0.060937 0.373437 0.021875 0.018750
