9 0.860938 0.364844 0.003125 0.067187
9 0.351562 0.364844 0.003125 0.067187
9 0.830469 0.342969 0.001563 0.051562
9 0.735156 0.342969 0.001563 0.051562
12 0.640625 0.367188 0.015625 0.028125
8 0.660937 0.356250 0.006250 0.006250
9 0.607031 0.342969 0.001563 0.051562
12 0.479687 0.367188 0.015625 0.028125
9 0.397656 0.342969 0.001563 0.051562
9 0.319531 0.342969 0.001563 0.051562
9 0.225781 0.342969 0.001563 0.051562
12 0.131250 0.367188 0.015625 0.028125
8 0.150000 0.356250 0.006250 0.006250
9 0.096094 0.342969 0.001563 0.051562
12 0.004687 0.367188 0.009375 0.028125
8 0.020313 0.356250 0.006250 0.006250
0 0.821875 0.373437 0.021875 0.018750
0 0.726562 0.373437 0.021875 0.018750
0 0.596875 0.373437 0.021875 0.018750
0 0.387500 0.373437 0.021875 0.018750
0 0.310937 0.373437 0.021875 0.018750
0 0.215625 0.373437 0.021875 0.018750
0 0.085938 0.373437 0.021875 0.018750
