14 0.860938 0.364844 0.003125 0.067187
14 0.376563 0.364844 0.003125 0.067187
11 0.760938 0.367188 0.015625 0.028125
14 0.721094 0.337500 0.017188 0.062500
9 0.713281 0.339062 0.001563 0.059375
8 0.631250 0.356250 0.006250 0.006250
11 0.474219 0.366406 0.023438 0.060937
14 0.430469 0.337500 0.017188 0.062500
9 0.422656 0.339062 0.001563 0.059375
11 0.276562 0.367188 0.015625 0.028125
14 0.235156 0.337500 0.017188 0.062500
9 0.227344 0.339062 0.001563 0.059375
8 0.146875 0.356250 0.006250 0.006250
11 0.015625 0.367188 0.015625 0.028125
0 0.703125 0.373437 0.021875 0.018750
0 0.414062 0.373437 0.021875 0.018750
0 0.218750 0.373437 0.021875 0.018750
