10 0.641406 0.319531 0.179688 0.032813
10 0.431250 0.319531 0.046875 0.032813
10 0.142969 0.319531 0.179688 0.032813
9 0.860938 0.364844 0.003125 0.067187
9 0.362500 0.364844 0.003125 0.067187
15 0.839844 0.337500 0.017188 0.062500
9 0.832031 0.339062 0.001563 0.059375
9 0.732031 0.335938 0.001563 0.065625
9 0.686719 0.335938 0.001563 0.065625
9 0.642969 0.335938 0.001563 0.065625
9 0.597656 0.335938 0.001563 0.065625
9 0.552344 0.335938 0.001563 0.065625
9 0.452344 0.335938 0.001563 0.065625
9 0.408594 0.335938 0.001563 0.065625
15 0.339844 0.337500 0.017188 0.062500
9 0.332031 0.339062 0.001563 0.059375
9 0.232031 0.335938 0.001563 0.065625
9 0.186719 0.335938 0.001563 0.065625
9 0.142969 0.335938 0.001563 0.065625
9 0.097656 0.335938 0.001563 0.065625
9 0.053906 0.335938 0.001563 0.065625
0 0.821875 0.373437 0.021875 0.018750
0 0.721875 0.373437 0.021875 0.018750
0 0.678125 0.373437 0.021875 0.018750
0 0.632812 0.373437 0.021875 0.018750
0 0.587500 0.373437 0.021875 0.018750
0 0.543750 0.373437 0.021875 0.018750
0 0.443750 0.373437 0.021875 0.018750
0 0.398438 0.373437 0.021875 0.018750
0 0.323437 0.373437 0.021875 0.018750
0 0.221875 0.373437 0.021875 0.018750
0 0.178125 0.373437 0.021875 0.018750
0 0.132812 0.373437 0.021875 0.018750
0 0.089063 0.373437 0.021875 0.018750
0 0.043750 0.373437 0.021875 0.018750
