10 0.654687 0.319531 0.040625 0.032813
10 0.517969 0.319531 0.079687 0.032813
10 0.146875 0.319531 0.040625 0.032813
10 0.025000 0.319531 0.050000 0.032813
9 0.860938 0.364844 0.003125 0.067187
9 0.353125 0.364844 0.003125 0.067187
15 0.839844 0.337500 0.017188 0.062500
9 0.832031 0.339062 0.001563 0.059375
12 0.783594 0.366406 0.023438 0.060937
15 0.760156 0.337500 0.017188 0.062500
9 0.752344 0.339062 0.001563 0.059375
12 0.705469 0.366406 0.023438 0.060937
9 0.674219 0.335938 0.001563 0.065625
9 0.635156 0.335938 0.001563 0.065625
12 0.588281 0.366406 0.023438 0.060937
9 0.557031 0.335938 0.001563 0.065625
9 0.517969 0.335938 0.001563 0.065625
9 0.478906 0.335938 0.001563 0.065625
12 0.432031 0.366406 0.023438 0.060937
15 0.407031 0.337500 0.017188 0.062500
9 0.399219 0.339062 0.001563 0.059375
15 0.332031 0.337500 0.017188 0.062500
9 0.324219 0.339062 0.001563 0.059375
12 0.275781 0.366406 0.023438 0.060937
15 0.252344 0.337500 0.017188 0.062500
9 0.244531 0.339062 0.001563 0.059375
12 0.197656 0.366406 0.023438 0.060937
9 0.166406 0.335938 0.001563 0.065625
9 0.127344 0.335938 0.001563 0.065625
12 0.080469 0.366406 0.023438 0.060937
9 0.049219 0.335938 0.001563 0.065625
9 0.010156 0.335938 0.001563 0.065625
0 0.821875 0.373437 0.021875 0.018750
0 0.742188 0.373437 0.021875 0.018750
0 0.665625 0.373437 0.021875 0.018750
0 0.626563 0.373437 0.021875 0.018750
0 0.548438 0.373437 0.021875 0.018750
0 0.509375 0.373437 0.021875 0.018750
0 0.470313 0.373437 0.021875 0.018750
0 0.390625 0.373437 0.021875 0.018750
0 0.314063 0.373437 0.021875 0.018750
0 0.234375 0.373437 0.021875 0.018750
0 0.157812 0.373437 0.021875 0.018750
0 0.118750 0.373437 0.021875 0.018750
0 0.040625 0.373437 0.021875 0.018750
0 0.006250 0.373437 0.012500 0.018750
