10 0.975781 0.319531 0.048438 0.032813
10 0.784375 0.319531 0.137500 0.032813
10 0.520312 0.319531 0.137500 0.032813
10 0.307031 0.319531 0.092188 0.032813
10 0.044531 0.319531 0.089063 0.032813
9 0.670312 0.364844 0.003125 0.067187
9 0.170313 0.364844 0.003125 0.067187
9 0.997656 0.335938 0.001563 0.065625
9 0.952344 0.335938 0.001563 0.065625
9 0.850781 0.335938 0.001563 0.065625
9 0.805469 0.335938 0.001563 0.065625
9 0.760156 0.335938 0.001563 0.065625
9 0.716406 0.335938 0.001563 0.065625
9 0.586719 0.335938 0.001563 0.065625
9 0.542969 0.335938 0.001563 0.065625
9 0.497656 0.335938 0.001563 0.065625
9 0.452344 0.335938 0.001563 0.065625
9 0.350781 0.335938 0.001563 0.065625
9 0.305469 0.335938 0.001563 0.065625
9 0.261719 0.335938 0.001563 0.065625
12 0.207031 0.366406 0.023438 0.060937
9 0.088281 0.335938 0.001563 0.065625
9 0.042969 0.335938 0.001563 0.065625
0 0.987500 0.373437 0.021875 0.018750
0 0.942187 0.373437 0.021875 0.018750
0 0.842187 0.373437 0.021875 0.018750
0 0.796875 0.373437 0.021875 0.018750
0 0.751563 0.373437 0.021875 0.018750
0 0.706250 0.373437 0.021875 0.018750
0 0.578125 0.373437 0.021875 0.018750
0 0.532813 0.373437 0.021875 0.018750
0 0.487500 0.373437 0.021875 0.018750
0 0.443750 0.373437 0.021875 0.018750
0 0.342187 0.373437 0.021875 0.018750
0 0.296875 0.373437 0.021875 0.018750
0 0.251563 0.373437 0.021875 0.018750
0 0.078125 0.373437 0.021875 0.018750
0 0.032813 0.373437 0.021875 0.018750
