7 0.262500 0.366406 0.043750 0.114062
10 0.759375 0.325781 0.068750 0.020313
10 0.392969 0.325781 0.035937 0.020313
9 0.679688 0.364844 0.003125 0.067187
9 0.992969 0.342969 0.001563 0.051562
9 0.917969 0.342969 0.001563 0.051562
12 0.846875 0.367188 0.015625 0.028125
8 0.867188 0.356250 0.006250 0.006250
9 0.792969 0.342187 0.001563 0.053125
9 0.758594 0.342187 0.001563 0.053125
9 0.725781 0.342187 0.001563 0.053125
12 0.639062 0.367188 0.015625 0.028125
9 0.608594 0.342969 0.001563 0.051562
9 0.533594 0.342969 0.001563 0.051562
12 0.462500 0.367188 0.015625 0.028125
8 0.482812 0.356250 0.006250 0.006250
9 0.408594 0.342187 0.001563 0.053125
9 0.375781 0.342187 0.001563 0.053125
0 0.984375 0.373437 0.021875 0.018750
0 0.909375 0.373437 0.021875 0.018750
0 0.782813 0.373437 0.021875 0.018750
0 0.750000 0.373437 0.021875 0.018750
0 0.715625 0.373437 0.021875 0.018750
0 0.600000 0.373437 0.021875 0.018750
0 0.525000 0.373437 0.021875 0.018750
0 0.400000 0.373437 0.021875 0.018750
0 0.365625 0.373437 0.021875 0.018750
