7 0.262500 0.366406 0.043750 0.114062
10 0.942969 0.319531 0.114062 0.032813
10 0.685156 0.319531 0.048438 0.032813
10 0.478125 0.319531 0.184375 0.032813
9 0.840625 0.364844 0.003125 0.067187
9 0.978906 0.335938 0.001563 0.065625
9 0.932031 0.335938 0.001563 0.065625
9 0.886719 0.335938 0.001563 0.065625
15 0.819531 0.337500 0.017188 0.062500
9 0.811719 0.339062 0.001563 0.059375
9 0.708594 0.335938 0.001563 0.065625
9 0.661719 0.335938 0.001563 0.065625
12 0.607031 0.366406 0.023438 0.060937
9 0.569531 0.335938 0.001563 0.065625
9 0.524219 0.335938 0.001563 0.065625
9 0.478906 0.335938 0.001563 0.065625
9 0.433594 0.335938 0.001563 0.065625
9 0.386719 0.335938 0.001563 0.065625
12 0.333594 0.366406 0.023438 0.060937
0 0.968750 0.373437 0.021875 0.018750
0 0.923438 0.373437 0.021875 0.018750
0 0.878125 0.373437 0.021875 0.018750
0 0.801562 0.373437 0.021875 0.018750
0 0.698438 0.373437 0.021875 0.018750
0 0.651563 0.373437 0.021875 0.018750
0 0.560937 0.373437 0.021875 0.018750
0 0.514062 0.373437 0.021875 0.018750
0 0.468750 0.373437 0.021875 0.018750
0 0.423438 0.373437 0.021875 0.018750
0 0.378125 0.373437 0.021875 0.018750
