7 0.262500 0.366406 0.043750 0.114062
9 0.664062 0.364844 0.003125 0.067187
12 0.988281 0.364844 0.017188 0.048438
9 0.958594 0.342969 0.001563 0.051562
12 0.895312 0.367188 0.015625 0.028125
9 0.864844 0.342969 0.001563 0.051562
9 0.824219 0.342969 0.001563 0.051562
9 0.746094 0.342969 0.001563 0.051562
12 0.599219 0.364844 0.017188 0.048438
9 0.567969 0.342969 0.001563 0.051562
12 0.504687 0.367188 0.015625 0.028125
9 0.475781 0.342969 0.001563 0.051562
9 0.433594 0.342969 0.001563 0.051562
12 0.370312 0.367188 0.015625 0.028125
9 0.341406 0.342969 0.001563 0.051562
0 0.948438 0.373437 0.021875 0.018750
0 0.856250 0.373437 0.021875 0.018750
0 0.814063 0.373437 0.021875 0.018750
0 0.735938 0.373437 0.021875 0.018750
0 0.559375 0.373437 0.021875 0.018750
0 0.467187 0.373437 0.021875 0.018750
0 0.425000 0.373437 0.021875 0.018750
0 0.332813 0.373437 0.021875 0.018750
