7 0.262500 0.366406 0.043750 0.114062
10 0.939844 0.325781 0.120313 0.020313
10 0.543750 0.325781 0.046875 0.020313
10 0.432031 0.325781 0.092188 0.020313
9 0.832812 0.364844 0.003125 0.067187
9 0.969531 0.342187 0.001563 0.053125
9 0.924219 0.342187 0.001563 0.053125
9 0.880469 0.342187 0.001563 0.053125
12 0.776563 0.367188 0.015625 0.028125
9 0.744531 0.342969 0.001563 0.051562
9 0.655469 0.342969 0.001563 0.051562
9 0.564844 0.342187 0.001563 0.053125
9 0.521094 0.342187 0.001563 0.053125
9 0.475781 0.342187 0.001563 0.053125
9 0.430469 0.342187 0.001563 0.053125
9 0.386719 0.342187 0.001563 0.053125
0 0.959375 0.373437 0.021875 0.018750
0 0.915625 0.373437 0.021875 0.018750
0 0.870313 0.373437 0.021875 0.018750
0 0.734375 0.373437 0.021875 0.018750
0 0.645312 0.373437 0.021875 0.018750
0 0.556250 0.373437 0.021875 0.018750
0 0.510938 0.373437 0.021875 0.018750
0 0.467187 0.373437 0.021875 0.018750
0 0.421875 0.373437 0.021875 0.018750
0 0.376563 0.373437 0.021875 0.018750
