7 0.262500 0.366406 0.043750 0.114062
10 0.539844 0.325781 0.120313 0.020313
14 0.779687 0.364844 0.003125 0.067187
9 0.988281 0.342187 0.001563 0.053125
9 0.946094 0.342969 0.001563 0.051562
9 0.866406 0.342969 0.001563 0.051562
9 0.717969 0.342969 0.001563 0.051562
9 0.636719 0.342969 0.001563 0.051562
9 0.597656 0.342187 0.001563 0.053125
9 0.558594 0.342187 0.001563 0.053125
9 0.519531 0.342187 0.001563 0.053125
9 0.480469 0.342187 0.001563 0.053125
9 0.438281 0.342969 0.001563 0.051562
11 0.370312 0.367188 0.015625 0.028125
9 0.341406 0.342969 0.001563 0.051562
0 0.979688 0.373437 0.021875 0.018750
0 0.937500 0.373437 0.021875 0.018750
0 0.856250 0.373437 0.021875 0.018750
0 0.709375 0.373437 0.021875 0.018750
0 0.628125 0.373437 0.021875 0.018750
0 0.589063 0.373437 0.021875 0.018750
0 0.550000 0.373437 0.021875 0.018750
0 0.510938 0.373437 0.021875 0.018750
0 0.470313 0.373437 0.021875 0.018750
0 0.429688 0.373437 0.021875 0.018750
0 0.332813 0.373437 0.021875 0.018750
