10 0.760156 0.319531 0.045312 0.032813
10 0.605469 0.319531 0.089063 0.032813
10 0.238281 0.319531 0.045312 0.032813
10 0.083594 0.319531 0.089063 0.032813
9 0.860938 0.364844 0.003125 0.067187
9 0.340625 0.364844 0.003125 0.067187
9 0.782031 0.335938 0.001563 0.065625
9 0.738281 0.335938 0.001563 0.065625
12 0.685156 0.366406 0.023438 0.060937
9 0.649219 0.335938 0.001563 0.065625
9 0.605469 0.335938 0.001563 0.065625
9 0.561719 0.335938 0.001563 0.065625
12 0.508594 0.366406 0.023438 0.060937
15 0.482031 0.337500 0.017188 0.062500
9 0.474219 0.339062 0.001563 0.059375
12 0.421094 0.366406 0.023438 0.060937
15 0.394531 0.337500 0.017188 0.062500
9 0.386719 0.339062 0.001563 0.059375
9 0.260156 0.335938 0.001563 0.065625
9 0.216406 0.335938 0.001563 0.065625
12 0.163281 0.366406 0.023438 0.060937
9 0.127344 0.335938 0.001563 0.065625
9 0.083594 0.335938 0.001563 0.065625
9 0.039844 0.335938 0.001563 0.065625
0 0.771875 0.373437 0.021875 0.018750
0 0.728125 0.373437 0.021875 0.018750
0 0.640625 0.373437 0.021875 0.018750
0 0.596875 0.373437 0.021875 0.018750
0 0.553125 0.373437 0.021875 0.018750
0 0.464062 0.373437 0.021875 0.018750
0 0.376563 0.373437 0.021875 0.018750
0 0.250000 0.373437 0.021875 0.018750
0 0.206250 0.373437 0.021875 0.018750
0 0.118750 0.373437 0.021875 0.018750
0 0.075000 0.373437 0.021875 0.018750
0 0.031250 0.373437 0.021875 0.018750
