10 0.821875 0.325781 0.040625 0.020313
10 0.703125 0.325781 0.040625 0.020313
10 0.546875 0.325781 0.040625 0.020313
10 0.429688 0.325781 0.040625 0.020313
10 0.323437 0.325781 0.040625 0.020313
10 0.206250 0.325781 0.040625 0.020313
10 0.048438 0.325781 0.040625 0.020313
9 0.860938 0.364844 0.003125 0.067187
9 0.364063 0.364844 0.003125 0.067187
9 0.841406 0.342187 0.001563 0.053125
9 0.802344 0.342187 0.001563 0.053125
9 0.724219 0.342187 0.001563 0.053125
9 0.683594 0.342187 0.001563 0.053125
9 0.566406 0.342187 0.001563 0.053125
9 0.527344 0.342187 0.001563 0.053125
9 0.449219 0.342187 0.001563 0.053125
9 0.410156 0.342187 0.001563 0.053125
9 0.342969 0.342187 0.001563 0.053125
9 0.303906 0.342187 0.001563 0.053125
9 0.225781 0.342187 0.001563 0.053125
9 0.186719 0.342187 0.001563 0.053125
9 0.067969 0.342187 0.001563 0.053125
9 0.028906 0.342187 0.001563 0.053125
0 0.831250 0.373437 0.021875 0.018750
0 0.792188 0.373437 0.021875 0.018750
0 0.714063 0.373437 0.021875 0.018750
0 0.675000 0.373437 0.021875 0.018750
0 0.557813 0.373437 0.021875 0.018750
0 0.518750 0.373437 0.021875 0.018750
0 0.439063 0.373437 0.021875 0.018750
0 0.400000 0.373437 0.021875 0.018750
0 0.334375 0.373437 0.021875 0.018750
0 0.293750 0.373437 0.021875 0.018750
0 0.215625 0.373437 0.021875 0.018750
0 0.176563 0.373437 0.021875 0.018750
0 0.059375 0.373437 0.021875 0.018750
0 0.020313 0.373437 0.021875 0.018750
