10 0.274219 0.642969 0.548438 0.032813
10 0.342969 0.798438 0.685937 0.043750
10 0.377344 0.953125 0.754687 0.056250
9 0.804688 0.665625 0.003125 0.668750
9 0.753906 0.962500 0.001563 0.075000
9 0.685156 0.962500 0.001563 0.075000
9 0.616406 0.962500 0.001563 0.075000
9 0.547656 0.962500 0.001563 0.075000
9 0.478906 0.962500 0.001563 0.075000
9 0.410156 0.962500 0.001563 0.075000
9 0.341406 0.962500 0.001563 0.075000
9 0.272656 0.962500 0.001563 0.075000
9 0.203906 0.962500 0.001563 0.075000
9 0.135156 0.962500 0.001563 0.075000
9 0.066406 0.962500 0.001563 0.075000
15 0.832031 0.989062 0.045312 0.021875
9 0.685156 0.815625 0.001563 0.078125
9 0.547656 0.815625 0.001563 0.078125
9 0.410156 0.815625 0.001563 0.078125
9 0.272656 0.815625 0.001563 0.078125
9 0.135156 0.815625 0.001563 0.078125
15 0.832812 0.865625 0.025000 0.034375
15 0.832031 0.832031 0.045312 0.032813
9 0.547656 0.659375 0.001563 0.065625
9 0.272656 0.659375 0.001563 0.065625
15 0.832812 0.704688 0.025000 0.034375
15 0.832031 0.671094 0.045312 0.032813
9 0.272656 0.504687 0.001563 0.053125
15 0.832812 0.543750 0.025000 0.034375
15 0.832031 0.510156 0.045312 0.032813
15 0.832812 0.381250 0.025000 0.034375
15 0.832031 0.347656 0.045312 0.032813
0 0.676562 0.857812 0.021875 0.018750
0 0.539062 0.857812 0.021875 0.018750
0 0.400000 0.857812 0.021875 0.018750
0 0.262500 0.857812 0.021875 0.018750
0 0.125000 0.857812 0.021875 0.018750
0 0.539062 0.695312 0.021875 0.018750
0 0.262500 0.695312 0.021875 0.018750
0 0.262500 0.534375 0.021875 0.018750
