10 0.889062 0.325781 0.037500 0.020313
10 0.737500 0.325781 0.071875 0.020313
10 0.343750 0.325781 0.071875 0.020313
9 0.789062 0.364844 0.003125 0.067187
9 0.395313 0.364844 0.003125 0.067187
9 0.029687 0.364844 0.003125 0.067187
12 0.964844 0.364844 0.017188 0.048438
9 0.905469 0.342187 0.001563 0.053125
9 0.871094 0.342187 0.001563 0.053125
9 0.772656 0.342187 0.001563 0.053125
9 0.736719 0.342187 0.001563 0.053125
9 0.702344 0.342187 0.001563 0.053125
12 0.585156 0.364844 0.017188 0.048438
9 0.519531 0.342969 0.001563 0.051562
9 0.442969 0.342969 0.001563 0.051562
9 0.378906 0.342187 0.001563 0.053125
9 0.344531 0.342187 0.001563 0.053125
9 0.308594 0.342187 0.001563 0.053125
12 0.191406 0.364844 0.017188 0.048438
9 0.125781 0.342969 0.001563 0.051562
12 0.064062 0.367188 0.015625 0.028125
9 0.013281 0.342187 0.001563 0.053125
0 0.896875 0.373437 0.021875 0.018750
0 0.860938 0.373437 0.021875 0.018750
0 0.762500 0.373437 0.021875 0.018750
0 0.728125 0.373437 0.021875 0.018750
0 0.692187 0.373437 0.021875 0.018750
0 0.509375 0.373437 0.021875 0.018750
0 0.432812 0.373437 0.021875 0.018750
0 0.370312 0.373437 0.021875 0.018750
0 0.334375 0.373437 0.021875 0.018750
0 0.300000 0.373437 0.021875 0.018750
0 0.117188 0.373437 0.021875 0.018750
0 0.007812 0.373437 0.015625 0.018750
