7 0.262500 0.366406 0.043750 0.114062
10 0.867188 0.325781 0.181250 0.020313
10 0.591406 0.325781 0.073438 0.020313
10 0.449219 0.325781 0.145313 0.020313
9 0.729688 0.364844 0.003125 0.067187
9 0.991406 0.342187 0.001563 0.053125
9 0.955469 0.342187 0.001563 0.053125
9 0.919531 0.342187 0.001563 0.053125
9 0.883594 0.342187 0.001563 0.053125
9 0.847656 0.342187 0.001563 0.053125
9 0.811719 0.342187 0.001563 0.053125
9 0.777344 0.342187 0.001563 0.053125
12 0.685937 0.367188 0.015625 0.028125
9 0.627344 0.342187 0.001563 0.053125
9 0.591406 0.342187 0.001563 0.053125
9 0.555469 0.342187 0.001563 0.053125
9 0.519531 0.342187 0.001563 0.053125
9 0.483594 0.342187 0.001563 0.053125
9 0.449219 0.342187 0.001563 0.053125
9 0.413281 0.342187 0.001563 0.053125
9 0.377344 0.342187 0.001563 0.053125
0 0.981250 0.373437 0.021875 0.018750
0 0.945312 0.373437 0.021875 0.018750
0 0.909375 0.373437 0.021875 0.018750
0 0.875000 0.373437 0.021875 0.018750
0 0.839063 0.373437 0.021875 0.018750
0 0.803125 0.373437 0.021875 0.018750
0 0.767188 0.373437 0.021875 0.018750
0 0.617188 0.373437 0.021875 0.018750
0 0.582812 0.373437 0.021875 0.018750
0 0.546875 0.373437 0.021875 0.018750
0 0.510938 0.373437 0.021875 0.018750
0 0.475000 0.373437 0.021875 0.018750
0 0.439063 0.373437 0.021875 0.018750
0 0.403125 0.373437 0.021875 0.018750
0 0.367188 0.373437 0.021875 0.018750
