10 0.989062 0.319531 0.021875 0.032813
10 0.505469 0.319531 0.054688 0.032813
10 0.242969 0.319531 0.054688 0.032813
10 0.016406 0.319531 0.032813 0.032813
14 0.670312 0.364844 0.003125 0.067187
14 0.170313 0.364844 0.003125 0.067187
9 0.978906 0.335938 0.001563 0.065625
11 0.873437 0.367188 0.015625 0.028125
11 0.825781 0.366406 0.023438 0.060937
14 0.789844 0.337500 0.017188 0.062500
9 0.782031 0.339062 0.001563 0.059375
14 0.644531 0.337500 0.017188 0.062500
9 0.636719 0.339062 0.001563 0.059375
11 0.575781 0.366406 0.023438 0.060937
9 0.532031 0.335938 0.001563 0.065625
9 0.478906 0.335938 0.001563 0.065625
11 0.373437 0.367188 0.015625 0.028125
9 0.267969 0.335938 0.001563 0.065625
9 0.216406 0.335938 0.001563 0.065625
14 0.144531 0.337500 0.017188 0.062500
9 0.136719 0.339062 0.001563 0.059375
11 0.075781 0.366406 0.023438 0.060937
9 0.032031 0.335938 0.001563 0.065625
0 0.968750 0.373437 0.021875 0.018750
0 0.771875 0.373437 0.021875 0.018750
0 0.626563 0.373437 0.021875 0.018750
0 0.521875 0.373437 0.021875 0.018750
0 0.470313 0.373437 0.021875 0.018750
0 0.259375 0.373437 0.021875 0.018750
0 0.206250 0.373437 0.021875 0.018750
0 0.126562 0.373437 0.021875 0.018750
0 0.021875 0.373437 0.021875 0.018750
