7 0.262500 0.366406 0.043750 0.114062
10 0.903125 0.319531 0.084375 0.032813
10 0.730469 0.319531 0.042188 0.032813
10 0.546875 0.319531 0.084375 0.032813
10 0.402344 0.319531 0.042188 0.032813
9 0.815625 0.364844 0.003125 0.067187
12 0.975781 0.366406 0.023438 0.060937
9 0.942969 0.335938 0.001563 0.065625
9 0.902344 0.335938 0.001563 0.065625
9 0.861719 0.335938 0.001563 0.065625
12 0.783594 0.366406 0.023438 0.060937
9 0.752344 0.335938 0.001563 0.065625
9 0.710156 0.335938 0.001563 0.065625
12 0.661719 0.366406 0.023438 0.060937
12 0.619531 0.366406 0.023438 0.060937
9 0.588281 0.335938 0.001563 0.065625
9 0.546094 0.335938 0.001563 0.065625
9 0.505469 0.335938 0.001563 0.065625
12 0.455469 0.366406 0.023438 0.060937
9 0.424219 0.335938 0.001563 0.065625
9 0.382031 0.335938 0.001563 0.065625
12 0.333594 0.366406 0.023438 0.060937
0 0.934375 0.373437 0.021875 0.018750
0 0.892188 0.373437 0.021875 0.018750
0 0.851562 0.373437 0.021875 0.018750
0 0.742188 0.373437 0.021875 0.018750
0 0.701562 0.373437 0.021875 0.018750
0 0.578125 0.373437 0.021875 0.018750
0 0.537500 0.373437 0.021875 0.018750
0 0.496875 0.373437 0.021875 0.018750
0 0.414062 0.373437 0.021875 0.018750
0 0.373437 0.373437 0.021875 0.018750
