10 0.908594 0.508594 0.048438 0.007812
10 0.817969 0.508594 0.048438 0.007812
10 0.278906 0.508594 0.048438 0.007812
10 0.008594 0.508594 0.017188 0.007812
9 0.959375 0.553906 0.003125 0.067187
9 0.707812 0.553906 0.003125 0.067187
9 0.542188 0.553906 0.003125 0.067187
9 0.375000 0.553906 0.003125 0.067187
9 0.209375 0.553906 0.003125 0.067187
9 0.042188 0.553906 0.003125 0.067187
12 0.992188 0.556250 0.015625 0.028125
9 0.932031 0.531250 0.001563 0.053125
9 0.885156 0.531250 0.001563 0.053125
9 0.839844 0.531250 0.001563 0.053125
9 0.794531 0.531250 0.001563 0.053125
12 0.668750 0.556250 0.015625 0.028125
12 0.621875 0.556250 0.015625 0.028125
15 0.596094 0.531250 0.017188 0.053125
9 0.588281 0.531250 0.001563 0.053125
15 0.521094 0.531250 0.017188 0.053125
9 0.513281 0.531250 0.001563 0.053125
12 0.454688 0.556250 0.015625 0.028125
12 0.409375 0.556250 0.015625 0.028125
12 0.335938 0.556250 0.015625 0.028125
9 0.302344 0.531250 0.001563 0.053125
9 0.255469 0.531250 0.001563 0.053125
15 0.188281 0.531250 0.017188 0.053125
9 0.180469 0.531250 0.001563 0.053125
12 0.121875 0.556250 0.015625 0.028125
15 0.096094 0.531250 0.017188 0.053125
9 0.088281 0.531250 0.001563 0.053125
9 0.014844 0.531250 0.001563 0.053125
15 0.728125 0.569531 0.028125 0.032813
15 0.727344 0.536719 0.026562 0.032813
0 0.921875 0.560937 0.021875 0.018750
0 0.876563 0.560937 0.021875 0.018750
0 0.831250 0.560937 0.021875 0.018750
0 0.784375 0.560937 0.021875 0.018750
0 0.579688 0.560937 0.021875 0.018750
0 0.503125 0.560937 0.021875 0.018750
0 0.292187 0.560937 0.021875 0.018750
0 0.246875 0.560937 0.021875 0.018750
0 0.170313 0.560937 0.021875 0.018750
0 0.079687 0.560937 0.021875 0.018750
0 0.008594 0.560937 0.017188 0.018750
