10 0.819531 0.325781 0.042188 0.020313
10 0.302344 0.325781 0.042188 0.020313
9 0.860938 0.364844 0.003125 0.067187
9 0.343750 0.364844 0.003125 0.067187
9 0.839844 0.342187 0.001563 0.053125
9 0.799219 0.342187 0.001563 0.053125
9 0.717969 0.342969 0.001563 0.051562
9 0.636719 0.342969 0.001563 0.051562
9 0.594531 0.342969 0.001563 0.051562
9 0.513281 0.342969 0.001563 0.051562
9 0.430469 0.342969 0.001563 0.051562
9 0.322656 0.342187 0.001563 0.053125
9 0.282031 0.342187 0.001563 0.053125
9 0.200781 0.342969 0.001563 0.051562
9 0.119531 0.342969 0.001563 0.051562
9 0.077344 0.342969 0.001563 0.051562
0 0.831250 0.373437 0.021875 0.018750
0 0.790625 0.373437 0.021875 0.018750
0 0.709375 0.373437 0.021875 0.018750
0 0.626563 0.373437 0.021875 0.018750
0 0.585938 0.373437 0.021875 0.018750
0 0.503125 0.373437 0.021875 0.018750
0 0.421875 0.373437 0.021875 0.018750
0 0.314063 0.373437 0.021875 0.018750
0 0.273438 0.373437 0.021875 0.018750
0 0.192188 0.373437 0.021875 0.018750
0 0.109375 0.373437 0.021875 0.018750
0 0.068750 0.373437 0.021875 0.018750
