10 0.833594 0.319531 0.235937 0.032813
10 0.353125 0.319531 0.196875 0.032813
9 0.670312 0.364844 0.003125 0.067187
9 0.170313 0.364844 0.003125 0.067187
12 0.982031 0.366406 0.023438 0.060937
9 0.950781 0.335938 0.001563 0.065625
9 0.911719 0.335938 0.001563 0.065625
9 0.872656 0.335938 0.001563 0.065625
9 0.833594 0.335938 0.001563 0.065625
9 0.794531 0.335938 0.001563 0.065625
9 0.755469 0.335938 0.001563 0.065625
9 0.716406 0.335938 0.001563 0.065625
12 0.641406 0.366406 0.023438 0.060937
15 0.616406 0.337500 0.017188 0.062500
9 0.608594 0.339062 0.001563 0.059375
12 0.561719 0.366406 0.023438 0.060937
15 0.538281 0.337500 0.017188 0.062500
9 0.530469 0.339062 0.001563 0.059375
12 0.482031 0.366406 0.023438 0.060937
9 0.450781 0.335938 0.001563 0.065625
9 0.411719 0.335938 0.001563 0.065625
9 0.372656 0.335938 0.001563 0.065625
9 0.333594 0.335938 0.001563 0.065625
9 0.294531 0.335938 0.001563 0.065625
9 0.255469 0.335938 0.001563 0.065625
12 0.208594 0.366406 0.023438 0.060937
12 0.141406 0.366406 0.023438 0.060937
15 0.117969 0.337500 0.017188 0.062500
9 0.110156 0.339062 0.001563 0.059375
12 0.061719 0.366406 0.023438 0.060937
15 0.038281 0.337500 0.017188 0.062500
9 0.030469 0.339062 0.001563 0.059375
0 0.942187 0.373437 0.021875 0.018750
0 0.903125 0.373437 0.021875 0.018750
0 0.864062 0.373437 0.021875 0.018750
0 0.823438 0.373437 0.021875 0.018750
0 0.784375 0.373437 0.021875 0.018750
0 0.745313 0.373437 0.021875 0.018750
0 0.706250 0.373437 0.021875 0.018750
0 0.600000 0.373437 0.021875 0.018750
0 0.520312 0.373437 0.021875 0.018750
0 0.442188 0.373437 0.021875 0.018750
0 0.403125 0.373437 0.021875 0.018750
0 0.364063 0.373437 0.021875 0.018750
0 0.325000 0.373437 0.021875 0.018750
0 0.285938 0.373437 0.021875 0.018750
0 0.246875 0.373437 0.021875 0.018750
0 0.100000 0.373437 0.021875 0.018750
0 0.021875 0.373437 0.021875 0.018750
