7 0.262500 0.366406 0.043750 0.114062
15 0.895312 0.364063 0.018750 0.025000
14 0.921875 0.370312 0.018750 0.012500
14 0.870313 0.370312 0.015625 0.012500
15 0.946875 0.364063 0.018750 0.025000
15 0.714063 0.364063 0.018750 0.025000
14 0.740625 0.370312 0.018750 0.012500
14 0.689063 0.370312 0.015625 0.012500
15 0.767188 0.364063 0.018750 0.025000
15 0.534375 0.364063 0.018750 0.025000
14 0.560937 0.370312 0.018750 0.012500
14 0.507812 0.370312 0.015625 0.012500
15 0.585938 0.364063 0.018750 0.025000
15 0.353125 0.364063 0.018750 0.025000
14 0.379688 0.370312 0.018750 0.012500
14 0.328125 0.370312 0.015625 0.012500
15 0.406250 0.364063 0.018750 0.025000
10 0.941406 0.325781 0.117188 0.020313
10 0.767188 0.325781 0.131250 0.020313
10 0.587500 0.325781 0.131250 0.020313
10 0.406250 0.325781 0.131250 0.020313
9 0.960156 0.342187 0.001563 0.053125
9 0.925781 0.342187 0.001563 0.053125
9 0.883594 0.342187 0.001563 0.053125
9 0.832031 0.342187 0.001563 0.053125
9 0.780469 0.342187 0.001563 0.053125
9 0.744531 0.342187 0.001563 0.053125
9 0.702344 0.342187 0.001563 0.053125
9 0.650781 0.342187 0.001563 0.053125
9 0.599219 0.342187 0.001563 0.053125
9 0.563281 0.342187 0.001563 0.053125
9 0.522656 0.342187 0.001563 0.053125
9 0.471094 0.342187 0.001563 0.053125
9 0.419531 0.342187 0.001563 0.053125
9 0.383594 0.342187 0.001563 0.053125
9 0.341406 0.342187 0.001563 0.053125
0 0.996094 0.373437 0.007812 0.018750
0 0.951562 0.373437 0.021875 0.018750
0 0.915625 0.373437 0.021875 0.018750
0 0.873437 0.373437 0.021875 0.018750
0 0.821875 0.373437 0.021875 0.018750
0 0.770312 0.373437 0.021875 0.018750
0 0.735938 0.373437 0.021875 0.018750
0 0.693750 0.373437 0.021875 0.018750
0 0.642188 0.373437 0.021875 0.018750
0 0.590625 0.373437 0.021875 0.018750
0 0.554688 0.373437 0.021875 0.018750
0 0.512500 0.373437 0.021875 0.018750
0 0.460938 0.373437 0.021875 0.018750
0 0.409375 0.373437 0.021875 0.018750
0 0.373437 0.373437 0.021875 0.018750
0 0.332813 0.373437 0.021875 0.018750
