7 0.262500 0.366406 0.043750 0.114062
10 0.960156 0.319531 0.079687 0.032813
10 0.473438 0.319531 0.106250 0.032813
9 0.756250 0.364844 0.003125 0.067187
9 0.972656 0.335938 0.001563 0.065625
9 0.921094 0.335938 0.001563 0.065625
15 0.811719 0.337500 0.017188 0.062500
9 0.803906 0.339062 0.001563 0.059375
15 0.730469 0.337500 0.017188 0.062500
9 0.722656 0.339062 0.001563 0.059375
8 0.654687 0.356250 0.006250 0.006250
9 0.525781 0.335938 0.001563 0.065625
9 0.474219 0.335938 0.001563 0.065625
9 0.421094 0.335938 0.001563 0.065625
8 0.353125 0.356250 0.006250 0.006250
0 0.964063 0.373437 0.021875 0.018750
0 0.910937 0.373437 0.021875 0.018750
0 0.793750 0.373437 0.021875 0.018750
0 0.714063 0.373437 0.021875 0.018750
0 0.517188 0.373437 0.021875 0.018750
0 0.464062 0.373437 0.021875 0.018750
0 0.412500 0.373437 0.021875 0.018750
