10 0.782813 0.325781 0.118750 0.020313
10 0.546875 0.325781 0.040625 0.020313
10 0.429688 0.325781 0.040625 0.020313
10 0.284375 0.325781 0.118750 0.020313
10 0.048438 0.325781 0.040625 0.020313
9 0.860938 0.364844 0.003125 0.067187
9 0.364063 0.364844 0.003125 0.067187
9 0.841406 0.342187 0.001563 0.053125
9 0.802344 0.342187 0.001563 0.053125
9 0.763281 0.342187 0.001563 0.053125
9 0.724219 0.342187 0.001563 0.053125
9 0.644531 0.342969 0.001563 0.051562
9 0.566406 0.342187 0.001563 0.053125
9 0.527344 0.342187 0.001563 0.053125
9 0.449219 0.342187 0.001563 0.053125
9 0.410156 0.342187 0.001563 0.053125
9 0.342969 0.342187 0.001563 0.053125
9 0.303906 0.342187 0.001563 0.053125
9 0.264844 0.342187 0.001563 0.053125
9 0.225781 0.342187 0.001563 0.053125
9 0.146094 0.342969 0.001563 0.051562
9 0.067969 0.342187 0.001563 0.053125
9 0.028906 0.342187 0.001563 0.053125
0 0.832812 0.373437 0.021875 0.018750
0 0.793750 0.373437 0.021875 0.018750
0 0.754687 0.373437 0.021875 0.018750
0 0.715625 0.373437 0.021875 0.018750
0 0.634375 0.373437 0.021875 0.018750
0 0.556250 0.373437 0.021875 0.018750
0 0.517188 0.373437 0.021875 0.018750
0 0.439063 0.373437 0.021875 0.018750
0 0.400000 0.373437 0.021875 0.018750
0 0.334375 0.373437 0.021875 0.018750
0 0.295312 0.373437 0.021875 0.018750
0 0.256250 0.373437 0.021875 0.018750
0 0.217188 0.373437 0.021875 0.018750
0 0.135937 0.373437 0.021875 0.018750
0 0.057813 0.373437 0.021875 0.018750
0 0.020313 0.373437 0.021875 0.018750
