10 0.675000 0.319531 0.159375 0.032813
10 0.418750 0.319531 0.040625 0.032813
10 0.167187 0.319531 0.159375 0.032813
9 0.860938 0.364844 0.003125 0.067187
9 0.353125 0.364844 0.003125 0.067187
15 0.839844 0.337500 0.017188 0.062500
9 0.832031 0.339062 0.001563 0.059375
12 0.783594 0.366406 0.023438 0.060937
9 0.753906 0.335938 0.001563 0.065625
9 0.714844 0.335938 0.001563 0.065625
9 0.674219 0.335938 0.001563 0.065625
9 0.635156 0.335938 0.001563 0.065625
9 0.596094 0.335938 0.001563 0.065625
12 0.549219 0.366406 0.023438 0.060937
15 0.524219 0.337500 0.017188 0.062500
9 0.516406 0.339062 0.001563 0.059375
12 0.469531 0.366406 0.023438 0.060937
9 0.438281 0.335938 0.001563 0.065625
9 0.399219 0.335938 0.001563 0.065625
15 0.330469 0.337500 0.017188 0.062500
9 0.322656 0.339062 0.001563 0.059375
12 0.275781 0.366406 0.023438 0.060937
9 0.244531 0.335938 0.001563 0.065625
9 0.205469 0.335938 0.001563 0.065625
9 0.166406 0.335938 0.001563 0.065625
9 0.127344 0.335938 0.001563 0.065625
9 0.088281 0.335938 0.001563 0.065625
12 0.039844 0.366406 0.023438 0.060937
15 0.016406 0.337500 0.017188 0.062500
9 0.008594 0.339062 0.001563 0.059375
0 0.821875 0.373437 0.021875 0.018750
0 0.743750 0.373437 0.021875 0.018750
0 0.704688 0.373437 0.021875 0.018750
0 0.665625 0.373437 0.021875 0.018750
0 0.626563 0.373437 0.021875 0.018750
0 0.587500 0.373437 0.021875 0.018750
0 0.507812 0.373437 0.021875 0.018750
0 0.429688 0.373437 0.021875 0.018750
0 0.389062 0.373437 0.021875 0.018750
0 0.314063 0.373437 0.021875 0.018750
0 0.235937 0.373437 0.021875 0.018750
0 0.196875 0.373437 0.021875 0.018750
0 0.156250 0.373437 0.021875 0.018750
0 0.117188 0.373437 0.021875 0.018750
0 0.078125 0.373437 0.021875 0.018750
0 0.004687 0.373437 0.009375 0.018750
