10 0.835938 0.319531 0.087500 0.032813
10 0.614844 0.319531 0.045312 0.032813
10 0.326562 0.319531 0.087500 0.032813
10 0.138281 0.319531 0.045312 0.032813
9 0.660937 0.364844 0.003125 0.067187
9 0.184375 0.364844 0.003125 0.067187
12 0.992969 0.366406 0.014063 0.060937
15 0.971094 0.337500 0.017188 0.062500
9 0.963281 0.339062 0.001563 0.059375
12 0.911719 0.366406 0.023438 0.060937
9 0.877344 0.335938 0.001563 0.065625
9 0.835156 0.335938 0.001563 0.065625
9 0.792969 0.335938 0.001563 0.065625
12 0.741406 0.366406 0.023438 0.060937
15 0.714844 0.337500 0.017188 0.062500
9 0.707031 0.339062 0.001563 0.059375
9 0.636719 0.335938 0.001563 0.065625
9 0.592969 0.335938 0.001563 0.065625
12 0.488281 0.366406 0.023438 0.060937
15 0.461719 0.337500 0.017188 0.062500
9 0.453906 0.339062 0.001563 0.059375
12 0.403906 0.366406 0.023438 0.060937
9 0.369531 0.335938 0.001563 0.065625
9 0.325781 0.335938 0.001563 0.065625
9 0.283594 0.335938 0.001563 0.065625
9 0.160156 0.335938 0.001563 0.065625
9 0.116406 0.335938 0.001563 0.065625
12 0.011719 0.366406 0.023438 0.060937
0 0.954688 0.373437 0.021875 0.018750
0 0.868750 0.373437 0.021875 0.018750
0 0.825000 0.373437 0.021875 0.018750
0 0.782813 0.373437 0.021875 0.018750
0 0.696875 0.373437 0.021875 0.018750
0 0.626563 0.373437 0.021875 0.018750
0 0.584375 0.373437 0.021875 0.018750
0 0.445312 0.373437 0.021875 0.018750
0 0.359375 0.373437 0.021875 0.018750
0 0.317188 0.373437 0.021875 0.018750
0 0.273438 0.373437 0.021875 0.018750
0 0.150000 0.373437 0.021875 0.018750
0 0.107813 0.373437 0.021875 0.018750
