10 0.852344 0.325781 0.126562 0.020313
10 0.389062 0.325781 0.084375 0.020313
10 0.245312 0.325781 0.043750 0.020313
9 0.685937 0.364844 0.003125 0.067187
9 0.178125 0.364844 0.003125 0.067187
12 0.943750 0.367188 0.015625 0.028125
9 0.914844 0.342187 0.001563 0.053125
9 0.872656 0.342187 0.001563 0.053125
9 0.832031 0.342187 0.001563 0.053125
9 0.789844 0.342187 0.001563 0.053125
12 0.720313 0.367188 0.015625 0.028125
9 0.655469 0.342969 0.001563 0.051562
9 0.530469 0.342969 0.001563 0.051562
12 0.459375 0.367188 0.015625 0.028125
9 0.430469 0.342187 0.001563 0.053125
9 0.389844 0.342187 0.001563 0.053125
9 0.347656 0.342187 0.001563 0.053125
9 0.266406 0.342187 0.001563 0.053125
9 0.224219 0.342187 0.001563 0.053125
9 0.147656 0.342969 0.001563 0.051562
9 0.022656 0.342969 0.001563 0.051562
0 0.904687 0.373437 0.021875 0.018750
0 0.864062 0.373437 0.021875 0.018750
0 0.821875 0.373437 0.021875 0.018750
0 0.781250 0.373437 0.021875 0.018750
0 0.645312 0.373437 0.021875 0.018750
0 0.521875 0.373437 0.021875 0.018750
0 0.421875 0.373437 0.021875 0.018750
0 0.379688 0.373437 0.021875 0.018750
0 0.339062 0.373437 0.021875 0.018750
0 0.256250 0.373437 0.021875 0.018750
0 0.215625 0.373437 0.021875 0.018750
0 0.137500 0.373437 0.021875 0.018750
0 0.014063 0.373437 0.021875 0.018750
