15 0.315625 0.892969 0.028125 0.032813
15 0.314844 0.858594 0.026562 0.032813
7 0.262500 0.877344 0.043750 0.114062
15 0.315625 0.730469 0.028125 0.032813
15 0.314844 0.697656 0.026562 0.032813
7 0.262500 0.716406 0.043750 0.114062
15 0.315625 0.569531 0.028125 0.032813
15 0.314844 0.536719 0.026562 0.032813
7 0.262500 0.555469 0.043750 0.114062
10 0.558594 0.508594 0.348438 0.007812
10 0.645312 0.675781 0.521875 0.020313
10 0.689063 0.832031 0.609375 0.032813
10 0.692187 0.982812 0.615625 0.034375
9 0.231250 0.760156 0.003125 0.479687
15 0.315625 0.569531 0.028125 0.032813
15 0.314844 0.536719 0.026562 0.032813
15 0.315625 0.730469 0.028125 0.032813
15 0.314844 0.697656 0.026562 0.032813
15 0.315625 0.892969 0.028125 0.032813
15 0.314844 0.858594 0.026562 0.032813
9 0.992969 0.982812 0.001563 0.034375
9 0.949219 0.982812 0.001563 0.034375
9 0.905469 0.982812 0.001563 0.034375
9 0.863281 0.982812 0.001563 0.034375
9 0.819531 0.982812 0.001563 0.034375
9 0.775781 0.982812 0.001563 0.034375
9 0.732031 0.982812 0.001563 0.034375
9 0.689844 0.982812 0.001563 0.034375
9 0.646094 0.982812 0.001563 0.034375
9 0.602344 0.982812 0.001563 0.034375
9 0.558594 0.982812 0.001563 0.034375
9 0.516406 0.982812 0.001563 0.034375
9 0.472656 0.982812 0.001563 0.034375
9 0.428906 0.982812 0.001563 0.034375
9 0.385156 0.982812 0.001563 0.034375
9 0.992969 0.848437 0.001563 0.065625
9 0.905469 0.848437 0.001563 0.065625
9 0.819531 0.848437 0.001563 0.065625
9 0.732031 0.848437 0.001563 0.065625
9 0.646094 0.848437 0.001563 0.065625
9 0.558594 0.848437 0.001563 0.065625
9 0.472656 0.848437 0.001563 0.065625
9 0.385156 0.848437 0.001563 0.065625
9 0.905469 0.692187 0.001563 0.053125
9 0.732031 0.692187 0.001563 0.053125
9 0.558594 0.692187 0.001563 0.053125
9 0.385156 0.692187 0.001563 0.053125
9 0.732031 0.531250 0.001563 0.053125
9 0.385156 0.531250 0.001563 0.053125
0 0.982812 0.884375 0.021875 0.018750
0 0.896875 0.884375 0.021875 0.018750
0 0.809375 0.884375 0.021875 0.018750
0 0.723437 0.884375 0.021875 0.018750
0 0.635938 0.884375 0.021875 0.018750
0 0.550000 0.884375 0.021875 0.018750
0 0.462500 0.884375 0.021875 0.018750
0 0.376563 0.884375 0.021875 0.018750
0 0.896875 0.723437 0.021875 0.018750
0 0.723437 0.723437 0.021875 0.018750
0 0.550000 0.723437 0.021875 0.018750
0 0.376563 0.723437 0.021875 0.018750
0 0.723437 0.560937 0.021875 0.018750
0 0.376563 0.560937 0.021875 0.018750
