10 0.465625 0.325781 0.046875 0.020313
9 0.860938 0.364844 0.003125 0.067187
9 0.353125 0.364844 0.003125 0.067187
12 0.804688 0.367188 0.015625 0.028125
9 0.728906 0.342969 0.001563 0.051562
12 0.653125 0.367188 0.015625 0.028125
9 0.577344 0.342969 0.001563 0.051562
9 0.488281 0.342187 0.001563 0.053125
9 0.442969 0.342187 0.001563 0.053125
12 0.296875 0.367188 0.015625 0.028125
9 0.219531 0.342969 0.001563 0.051562
12 0.145313 0.367188 0.015625 0.028125
9 0.067969 0.342969 0.001563 0.051562
0 0.718750 0.373437 0.021875 0.018750
0 0.567187 0.373437 0.021875 0.018750
0 0.478125 0.373437 0.021875 0.018750
0 0.434375 0.373437 0.021875 0.018750
0 0.210938 0.373437 0.021875 0.018750
0 0.059375 0.373437 0.021875 0.018750
