7 0.262500 0.366406 0.043750 0.114062
10 0.963281 0.319531 0.048438 0.032813
10 0.685937 0.319531 0.046875 0.032813
10 0.385937 0.319531 0.090625 0.032813
9 0.826562 0.364844 0.003125 0.067187
9 0.986719 0.335938 0.001563 0.065625
9 0.939844 0.335938 0.001563 0.065625
8 0.884375 0.356250 0.006250 0.006250
15 0.803906 0.337500 0.017188 0.062500
9 0.796094 0.339062 0.001563 0.059375
12 0.742969 0.366406 0.023438 0.060937
9 0.707031 0.335938 0.001563 0.065625
9 0.663281 0.335938 0.001563 0.065625
12 0.553906 0.366406 0.023438 0.060937
15 0.527344 0.337500 0.017188 0.062500
9 0.519531 0.339062 0.001563 0.059375
12 0.466406 0.366406 0.023438 0.060937
9 0.430469 0.335938 0.001563 0.065625
9 0.385156 0.335938 0.001563 0.065625
9 0.341406 0.335938 0.001563 0.065625
0 0.978125 0.373437 0.021875 0.018750
0 0.931250 0.373437 0.021875 0.018750
0 0.785937 0.373437 0.021875 0.018750
0 0.698438 0.373437 0.021875 0.018750
0 0.653125 0.373437 0.021875 0.018750
0 0.509375 0.373437 0.021875 0.018750
0 0.420312 0.373437 0.021875 0.018750
0 0.376563 0.373437 0.021875 0.018750
0 0.332813 0.373437 0.021875 0.018750
