9 0.642188 0.364844 0.003125 0.067187
9 0.115625 0.364844 0.003125 0.067187
12 0.958594 0.366406 0.023438 0.060937
12 0.856250 0.367188 0.015625 0.028125
15 0.752344 0.337500 0.017188 0.062500
9 0.744531 0.339062 0.001563 0.059375
12 0.680469 0.366406 0.023438 0.060937
15 0.613281 0.337500 0.017188 0.062500
9 0.605469 0.339062 0.001563 0.059375
12 0.541406 0.366406 0.023438 0.060937
15 0.502344 0.337500 0.017188 0.062500
9 0.494531 0.339062 0.001563 0.059375
12 0.430469 0.366406 0.023438 0.060937
12 0.329688 0.367188 0.015625 0.028125
12 0.208594 0.366406 0.023438 0.060937
15 0.169531 0.337500 0.017188 0.062500
9 0.161719 0.339062 0.001563 0.059375
15 0.086719 0.337500 0.017188 0.062500
9 0.078906 0.339062 0.001563 0.059375
12 0.014844 0.366406 0.023438 0.060937
0 0.734375 0.373437 0.021875 0.018750
0 0.596875 0.373437 0.021875 0.018750
0 0.485938 0.373437 0.021875 0.018750
0 0.151562 0.373437 0.021875 0.018750
0 0.068750 0.373437 0.021875 0.018750
