10 0.713281 0.081250 0.064062 0.037500
10 0.536719 0.093750 0.064062 0.037500
10 0.330469 0.096875 0.064062 0.037500
10 0.152344 0.104688 0.064062 0.037500
10 0.722656 0.234375 0.082812 0.053125
10 0.546094 0.260156 0.082812 0.048438
10 0.339844 0.250000 0.082812 0.053125
10 0.161719 0.260156 0.082812 0.048438
10 0.697656 0.410938 0.032813 0.053125
10 0.521094 0.425000 0.032813 0.046875
10 0.314844 0.430469 0.032813 0.042188
10 0.136719 0.438281 0.032813 0.042188
14 0.860938 0.209375 0.003125 0.418750
14 0.478125 0.209375 0.003125 0.418750
14 0.095312 0.209375 0.003125 0.418750
11 0.800000 0.387500 0.015625 0.028125
9 0.713281 0.370312 0.001563 0.093750
9 0.682031 0.403125 0.001563 0.062500
11 0.623437 0.387500 0.015625 0.028125
9 0.535156 0.381250 0.001563 0.100000
9 0.505469 0.411719 0.001563 0.064062
11 0.417187 0.387500 0.015625 0.028125
9 0.330469 0.388281 0.001563 0.098437
9 0.299219 0.417187 0.001563 0.059375
11 0.240625 0.387500 0.015625 0.028125
9 0.152344 0.397656 0.001563 0.098437
9 0.121094 0.426563 0.001563 0.059375
11 0.035937 0.387500 0.015625 0.028125
11 0.800000 0.226562 0.015625 0.028125
9 0.763281 0.200000 0.001563 0.075000
9 0.682031 0.234375 0.001563 0.046875
11 0.623437 0.226562 0.015625 0.028125
9 0.585156 0.217969 0.001563 0.095312
9 0.505469 0.250000 0.001563 0.062500
11 0.417187 0.226562 0.015625 0.028125
9 0.378906 0.215625 0.001563 0.075000
9 0.299219 0.250000 0.001563 0.046875
11 0.240625 0.226562 0.015625 0.028125
9 0.202344 0.225000 0.001563 0.078125
9 0.121094 0.257812 0.001563 0.046875
11 0.035937 0.226562 0.015625 0.028125
11 0.800000 0.065625 0.015625 0.028125
9 0.742969 0.039062 0.001563 0.078125
9 0.682031 0.071875 0.001563 0.046875
11 0.623437 0.065625 0.015625 0.028125
9 0.566406 0.050781 0.001563 0.082812
9 0.505469 0.082812 0.001563 0.050000
11 0.417187 0.065625 0.015625 0.028125
9 0.360156 0.056250 0.001563 0.078125
9 0.299219 0.089063 0.001563 0.046875
11 0.240625 0.065625 0.015625 0.028125
9 0.183594 0.064062 0.001563 0.078125
9 0.121094 0.096875 0.001563 0.046875
11 0.035937 0.065625 0.015625 0.028125
0 0.723437 0.320312 0.021875 0.018750
0 0.692187 0.368750 0.021875 0.018750
0 0.545312 0.329688 0.021875 0.018750
0 0.515625 0.378125 0.021875 0.018750
0 0.340625 0.337500 0.021875 0.018750
0 0.309375 0.385937 0.021875 0.018750
0 0.162500 0.345313 0.021875 0.018750
0 0.131250 0.393750 0.021875 0.018750
0 0.773438 0.159375 0.021875 0.018750
0 0.692187 0.207813 0.021875 0.018750
0 0.595313 0.167187 0.021875 0.018750
0 0.515625 0.215625 0.021875 0.018750
0 0.389062 0.175000 0.021875 0.018750
0 0.309375 0.223438 0.021875 0.018750
0 0.212500 0.184375 0.021875 0.018750
0 0.131250 0.232813 0.021875 0.018750
0 0.009375 0.192188 0.018750 0.018750
0 0.753125 0.003906 0.021875 0.007812
0 0.692187 0.046875 0.021875 0.018750
0 0.576562 0.007812 0.021875 0.015625
0 0.515625 0.054688 0.021875 0.018750
0 0.370312 0.014063 0.021875 0.018750
0 0.309375 0.062500 0.021875 0.018750
0 0.193750 0.021875 0.021875 0.018750
0 0.131250 0.070312 0.021875 0.018750
