10 0.782031 0.325781 0.067187 0.020313
10 0.403906 0.325781 0.067187 0.020313
10 0.029687 0.325781 0.059375 0.020313
9 0.860938 0.364844 0.003125 0.067187
9 0.484375 0.364844 0.003125 0.067187
9 0.106250 0.364844 0.003125 0.067187
9 0.814844 0.342187 0.001563 0.053125
9 0.782031 0.342187 0.001563 0.053125
9 0.749219 0.342187 0.001563 0.053125
9 0.707031 0.342969 0.001563 0.051562
12 0.637500 0.367188 0.015625 0.028125
8 0.657813 0.356250 0.006250 0.006250
12 0.592187 0.367188 0.015625 0.028125
9 0.563281 0.342969 0.001563 0.051562
9 0.436719 0.342187 0.001563 0.053125
9 0.403906 0.342187 0.001563 0.053125
9 0.371094 0.342187 0.001563 0.053125
9 0.328906 0.342969 0.001563 0.051562
12 0.260937 0.367188 0.015625 0.028125
8 0.279687 0.356250 0.006250 0.006250
12 0.214062 0.367188 0.015625 0.028125
9 0.152344 0.342969 0.001563 0.051562
9 0.058594 0.342187 0.001563 0.053125
9 0.025781 0.342187 0.001563 0.053125
0 0.804688 0.373437 0.021875 0.018750
0 0.771875 0.373437 0.021875 0.018750
0 0.739062 0.373437 0.021875 0.018750
0 0.698438 0.373437 0.021875 0.018750
0 0.553125 0.373437 0.021875 0.018750
0 0.428125 0.373437 0.021875 0.018750
0 0.395313 0.373437 0.021875 0.018750
0 0.362500 0.373437 0.021875 0.018750
0 0.320312 0.373437 0.021875 0.018750
0 0.142187 0.373437 0.021875 0.018750
0 0.050000 0.373437 0.021875 0.018750
0 0.017188 0.373437 0.021875 0.018750
