15 0.292969 0.989062 0.045312 0.021875
7 0.232813 0.977344 0.043750 0.045312
15 0.292187 0.704688 0.025000 0.034375
15 0.292969 0.671094 0.045312 0.032813
7 0.232813 0.688281 0.043750 0.114062
15 0.292187 0.543750 0.025000 0.034375
15 0.292969 0.510156 0.045312 0.032813
7 0.232813 0.527344 0.043750 0.114062
15 0.292187 0.865625 0.025000 0.034375
15 0.292969 0.832031 0.045312 0.032813
7 0.232813 0.850781 0.043750 0.114062
15 0.292187 0.381250 0.025000 0.034375
15 0.292969 0.347656 0.045312 0.032813
7 0.232813 0.366406 0.043750 0.114062
10 0.685937 0.319531 0.628125 0.007812
10 0.685937 0.488281 0.628125 0.020313
10 0.685937 0.642969 0.628125 0.032813
10 0.685937 0.798438 0.628125 0.043750
10 0.685937 0.953125 0.628125 0.056250
9 0.201563 0.665625 0.003125 0.668750
15 0.292187 0.381250 0.025000 0.034375
15 0.292969 0.347656 0.045312 0.032813
15 0.292187 0.865625 0.025000 0.034375
15 0.292969 0.832031 0.045312 0.032813
15 0.292187 0.543750 0.025000 0.034375
15 0.292969 0.510156 0.045312 0.032813
15 0.292187 0.704688 0.025000 0.034375
15 0.292969 0.671094 0.045312 0.032813
15 0.292969 0.989062 0.045312 0.021875
9 0.975781 0.962500 0.001563 0.075000
9 0.949219 0.962500 0.001563 0.075000
9 0.924219 0.962500 0.001563 0.075000
9 0.897656 0.962500 0.001563 0.075000
9 0.871094 0.962500 0.001563 0.075000
9 0.844531 0.962500 0.001563 0.075000
9 0.817969 0.962500 0.001563 0.075000
9 0.792969 0.962500 0.001563 0.075000
9 0.766406 0.962500 0.001563 0.075000
9 0.739844 0.962500 0.001563 0.075000
9 0.713281 0.962500 0.001563 0.075000
9 0.686719 0.962500 0.001563 0.075000
9 0.661719 0.962500 0.001563 0.075000
9 0.635156 0.962500 0.001563 0.075000
9 0.608594 0.962500 0.001563 0.075000
9 0.582031 0.962500 0.001563 0.075000
9 0.555469 0.962500 0.001563 0.075000
9 0.530469 0.962500 0.001563 0.075000
9 0.503906 0.962500 0.001563 0.075000
9 0.477344 0.962500 0.001563 0.075000
9 0.450781 0.962500 0.001563 0.075000
9 0.424219 0.962500 0.001563 0.075000
9 0.399219 0.962500 0.001563 0.075000
9 0.372656 0.962500 0.001563 0.075000
9 0.949219 0.815625 0.001563 0.078125
9 0.897656 0.815625 0.001563 0.078125
9 0.844531 0.815625 0.001563 0.078125
9 0.792969 0.815625 0.001563 0.078125
9 0.739844 0.815625 0.001563 0.078125
9 0.686719 0.815625 0.001563 0.078125
9 0.635156 0.815625 0.001563 0.078125
9 0.582031 0.815625 0.001563 0.078125
9 0.530469 0.815625 0.001563 0.078125
9 0.477344 0.815625 0.001563 0.078125
9 0.424219 0.815625 0.001563 0.078125
9 0.372656 0.815625 0.001563 0.078125
9 0.897656 0.659375 0.001563 0.065625
9 0.792969 0.659375 0.001563 0.065625
9 0.686719 0.659375 0.001563 0.065625
9 0.582031 0.659375 0.001563 0.065625
9 0.477344 0.659375 0.001563 0.065625
9 0.372656 0.659375 0.001563 0.065625
9 0.792969 0.504687 0.001563 0.053125
9 0.582031 0.504687 0.001563 0.053125
9 0.372656 0.504687 0.001563 0.053125
9 0.792969 0.342187 0.001563 0.053125
9 0.372656 0.342187 0.001563 0.053125
0 0.991406 0.857812 0.017188 0.018750
0 0.940625 0.857812 0.021875 0.018750
0 0.887500 0.857812 0.021875 0.018750
0 0.835938 0.857812 0.021875 0.018750
0 0.782813 0.857812 0.021875 0.018750
0 0.731250 0.857812 0.021875 0.018750
0 0.678125 0.857812 0.021875 0.018750
0 0.625000 0.857812 0.021875 0.018750
0 0.573438 0.857812 0.021875 0.018750
0 0.520312 0.857812 0.021875 0.018750
0 0.468750 0.857812 0.021875 0.018750
0 0.415625 0.857812 0.021875 0.018750
0 0.362500 0.857812 0.021875 0.018750
0 0.991406 0.695312 0.017188 0.018750
0 0.887500 0.695312 0.021875 0.018750
0 0.782813 0.695312 0.021875 0.018750
0 0.678125 0.695312 0.021875 0.018750
0 0.573438 0.695312 0.021875 0.018750
0 0.468750 0.695312 0.021875 0.018750
0 0.362500 0.695312 0.021875 0.018750
0 0.991406 0.534375 0.017188 0.018750
0 0.782813 0.534375 0.021875 0.018750
0 0.573438 0.534375 0.021875 0.018750
0 0.362500 0.534375 0.021875 0.018750
0 0.782813 0.373437 0.021875 0.018750
0 0.362500 0.373437 0.021875 0.018750
