7 0.262500 0.366406 0.043750 0.114062
10 0.789062 0.325781 0.037500 0.020313
9 0.689063 0.364844 0.003125 0.067187
12 0.965625 0.367188 0.015625 0.028125
8 0.985938 0.356250 0.006250 0.006250
9 0.936719 0.342969 0.001563 0.051562
12 0.864062 0.367188 0.015625 0.028125
8 0.882812 0.356250 0.006250 0.006250
9 0.805469 0.342187 0.001563 0.053125
9 0.771094 0.342187 0.001563 0.053125
9 0.658594 0.342969 0.001563 0.051562
12 0.584375 0.367188 0.015625 0.028125
8 0.604688 0.356250 0.006250 0.006250
9 0.555469 0.342969 0.001563 0.051562
12 0.482812 0.367188 0.015625 0.028125
8 0.501563 0.356250 0.006250 0.006250
9 0.417969 0.342969 0.001563 0.051562
9 0.341406 0.342969 0.001563 0.051562
0 0.928125 0.373437 0.021875 0.018750
0 0.796875 0.373437 0.021875 0.018750
0 0.760938 0.373437 0.021875 0.018750
0 0.648438 0.373437 0.021875 0.018750
0 0.546875 0.373437 0.021875 0.018750
0 0.409375 0.373437 0.021875 0.018750
0 0.332813 0.373437 0.021875 0.018750
