7 0.262500 0.366406 0.043750 0.114062
10 0.923438 0.325781 0.040625 0.020313
10 0.676562 0.325781 0.040625 0.020313
10 0.360938 0.325781 0.040625 0.020313
9 0.803125 0.364844 0.003125 0.067187
9 0.980469 0.342969 0.001563 0.051562
9 0.941406 0.342187 0.001563 0.053125
9 0.903906 0.342187 0.001563 0.053125
12 0.837500 0.367188 0.015625 0.028125
9 0.772656 0.342969 0.001563 0.051562
9 0.696094 0.342187 0.001563 0.053125
9 0.657031 0.342187 0.001563 0.053125
9 0.577344 0.342969 0.001563 0.051562
9 0.497656 0.342969 0.001563 0.051562
9 0.457031 0.342969 0.001563 0.051562
9 0.380469 0.342187 0.001563 0.053125
9 0.341406 0.342187 0.001563 0.053125
0 0.970313 0.373437 0.021875 0.018750
0 0.932813 0.373437 0.021875 0.018750
0 0.893750 0.373437 0.021875 0.018750
0 0.762500 0.373437 0.021875 0.018750
0 0.685937 0.373437 0.021875 0.018750
0 0.648438 0.373437 0.021875 0.018750
0 0.568750 0.373437 0.021875 0.018750
0 0.489063 0.373437 0.021875 0.018750
0 0.446875 0.373437 0.021875 0.018750
0 0.370312 0.373437 0.021875 0.018750
0 0.332813 0.373437 0.021875 0.018750
