7 0.262500 0.366406 0.043750 0.114062
10 0.645312 0.325781 0.043750 0.020313
9 0.779687 0.364844 0.003125 0.067187
9 0.991406 0.342969 0.001563 0.051562
9 0.949219 0.342969 0.001563 0.051562
9 0.866406 0.342969 0.001563 0.051562
9 0.747656 0.342969 0.001563 0.051562
9 0.664844 0.342187 0.001563 0.053125
9 0.624219 0.342187 0.001563 0.053125
12 0.553125 0.367188 0.015625 0.028125
9 0.483594 0.342969 0.001563 0.051562
9 0.441406 0.342969 0.001563 0.051562
12 0.370312 0.367188 0.015625 0.028125
9 0.341406 0.342969 0.001563 0.051562
0 0.981250 0.373437 0.021875 0.018750
0 0.940625 0.373437 0.021875 0.018750
0 0.857812 0.373437 0.021875 0.018750
0 0.739062 0.373437 0.021875 0.018750
0 0.656250 0.373437 0.021875 0.018750
0 0.615625 0.373437 0.021875 0.018750
0 0.473438 0.373437 0.021875 0.018750
0 0.432812 0.373437 0.021875 0.018750
0 0.332813 0.373437 0.021875 0.018750
