10 0.310937 0.319531 0.143750 0.032813
9 0.715625 0.364844 0.003125 0.067187
9 0.193750 0.364844 0.003125 0.067187
12 0.978906 0.366406 0.023438 0.060937
15 0.947656 0.337500 0.017188 0.062500
9 0.939844 0.339062 0.001563 0.059375
12 0.885156 0.366406 0.023438 0.060937
15 0.853906 0.337500 0.017188 0.062500
9 0.846094 0.339062 0.001563 0.059375
12 0.750000 0.367188 0.015625 0.028125
12 0.678906 0.366406 0.023438 0.060937
15 0.649219 0.337500 0.017188 0.062500
9 0.641406 0.339062 0.001563 0.059375
12 0.525781 0.366406 0.023438 0.060937
15 0.494531 0.337500 0.017188 0.062500
9 0.486719 0.339062 0.001563 0.059375
9 0.380469 0.335938 0.001563 0.065625
9 0.333594 0.335938 0.001563 0.065625
9 0.286719 0.335938 0.001563 0.065625
9 0.239844 0.335938 0.001563 0.065625
12 0.157031 0.366406 0.023438 0.060937
15 0.125781 0.337500 0.017188 0.062500
9 0.117969 0.339062 0.001563 0.059375
12 0.007031 0.366406 0.014063 0.060937
0 0.931250 0.373437 0.021875 0.018750
0 0.835938 0.373437 0.021875 0.018750
0 0.631250 0.373437 0.021875 0.018750
0 0.478125 0.373437 0.021875 0.018750
0 0.371875 0.373437 0.021875 0.018750
0 0.325000 0.373437 0.021875 0.018750
0 0.278125 0.373437 0.021875 0.018750
0 0.229687 0.373437 0.021875 0.018750
0 0.107813 0.373437 0.021875 0.018750
