10 0.727344 0.319531 0.132812 0.032813
10 0.539844 0.319531 0.048438 0.032813
10 0.267969 0.319531 0.132812 0.032813
9 0.860938 0.364844 0.003125 0.067187
9 0.403125 0.364844 0.003125 0.067187
12 0.827344 0.366406 0.023438 0.060937
9 0.792969 0.335938 0.001563 0.065625
9 0.749219 0.335938 0.001563 0.065625
9 0.705469 0.335938 0.001563 0.065625
9 0.661719 0.335938 0.001563 0.065625
9 0.563281 0.335938 0.001563 0.065625
9 0.516406 0.335938 0.001563 0.065625
8 0.460938 0.356250 0.006250 0.006250
12 0.369531 0.366406 0.023438 0.060937
9 0.333594 0.335938 0.001563 0.065625
9 0.289844 0.335938 0.001563 0.065625
9 0.246094 0.335938 0.001563 0.065625
9 0.202344 0.335938 0.001563 0.065625
15 0.111719 0.337500 0.017188 0.062500
9 0.103906 0.339062 0.001563 0.059375
12 0.050781 0.366406 0.023438 0.060937
9 0.016406 0.335938 0.001563 0.065625
0 0.782813 0.373437 0.021875 0.018750
0 0.739062 0.373437 0.021875 0.018750
0 0.695312 0.373437 0.021875 0.018750
0 0.651563 0.373437 0.021875 0.018750
0 0.553125 0.373437 0.021875 0.018750
0 0.506250 0.373437 0.021875 0.018750
0 0.325000 0.373437 0.021875 0.018750
0 0.281250 0.373437 0.021875 0.018750
0 0.237500 0.373437 0.021875 0.018750
0 0.193750 0.373437 0.021875 0.018750
0 0.093750 0.373437 0.021875 0.018750
0 0.008594 0.373437 0.017188 0.018750
