10 0.768750 0.319531 0.106250 0.032813
10 0.294531 0.319531 0.054688 0.032813
9 0.670312 0.364844 0.003125 0.067187
9 0.170313 0.364844 0.003125 0.067187
12 0.912500 0.367188 0.015625 0.028125
12 0.864844 0.366406 0.023438 0.060937
9 0.821094 0.335938 0.001563 0.065625
9 0.767969 0.335938 0.001563 0.065625
9 0.716406 0.335938 0.001563 0.065625
15 0.578906 0.337500 0.017188 0.062500
9 0.571094 0.339062 0.001563 0.059375
12 0.510156 0.366406 0.023438 0.060937
12 0.412500 0.367188 0.015625 0.028125
12 0.364844 0.366406 0.023438 0.060937
9 0.321094 0.335938 0.001563 0.065625
9 0.267969 0.335938 0.001563 0.065625
12 0.207031 0.366406 0.023438 0.060937
15 0.078906 0.337500 0.017188 0.062500
9 0.071094 0.339062 0.001563 0.059375
12 0.010937 0.366406 0.021875 0.060937
0 0.810937 0.373437 0.021875 0.018750
0 0.759375 0.373437 0.021875 0.018750
0 0.706250 0.373437 0.021875 0.018750
0 0.560937 0.373437 0.021875 0.018750
0 0.310937 0.373437 0.021875 0.018750
0 0.259375 0.373437 0.021875 0.018750
0 0.060937 0.373437 0.021875 0.018750
