10 0.449219 0.325781 0.082812 0.020313
9 0.860938 0.364844 0.003125 0.067187
9 0.362500 0.364844 0.003125 0.067187
9 0.830469 0.342969 0.001563 0.051562
9 0.749219 0.342969 0.001563 0.051562
12 0.639062 0.367188 0.015625 0.028125
9 0.610156 0.342969 0.001563 0.051562
9 0.489844 0.342187 0.001563 0.053125
9 0.449219 0.342187 0.001563 0.053125
9 0.408594 0.342187 0.001563 0.053125
9 0.332031 0.342969 0.001563 0.051562
9 0.249219 0.342969 0.001563 0.051562
12 0.140625 0.367188 0.015625 0.028125
9 0.111719 0.342969 0.001563 0.051562
0 0.821875 0.373437 0.021875 0.018750
0 0.739062 0.373437 0.021875 0.018750
0 0.600000 0.373437 0.021875 0.018750
0 0.479687 0.373437 0.021875 0.018750
0 0.440625 0.373437 0.021875 0.018750
0 0.400000 0.373437 0.021875 0.018750
0 0.321875 0.373437 0.021875 0.018750
0 0.240625 0.373437 0.021875 0.018750
0 0.101562 0.373437 0.021875 0.018750
