7 0.262500 0.366406 0.043750 0.114062
10 0.945312 0.325781 0.109375 0.020313
10 0.471094 0.325781 0.173437 0.020313
9 0.845313 0.364844 0.003125 0.067187
9 0.978906 0.342187 0.001563 0.053125
9 0.935156 0.342187 0.001563 0.053125
9 0.891406 0.342187 0.001563 0.053125
9 0.814844 0.342969 0.001563 0.051562
9 0.728906 0.342969 0.001563 0.051562
9 0.642969 0.342969 0.001563 0.051562
9 0.557031 0.342187 0.001563 0.053125
9 0.513281 0.342187 0.001563 0.053125
9 0.471094 0.342187 0.001563 0.053125
9 0.427344 0.342187 0.001563 0.053125
9 0.385156 0.342187 0.001563 0.053125
0 0.968750 0.373437 0.021875 0.018750
0 0.926562 0.373437 0.021875 0.018750
0 0.882812 0.373437 0.021875 0.018750
0 0.806250 0.373437 0.021875 0.018750
0 0.718750 0.373437 0.021875 0.018750
0 0.632812 0.373437 0.021875 0.018750
0 0.546875 0.373437 0.021875 0.018750
0 0.504687 0.373437 0.021875 0.018750
0 0.460938 0.373437 0.021875 0.018750
0 0.418750 0.373437 0.021875 0.018750
0 0.375000 0.373437 0.021875 0.018750
