10 0.178906 0.325781 0.035937 0.020313
9 0.860938 0.364844 0.003125 0.067187
9 0.484375 0.364844 0.003125 0.067187
9 0.115625 0.364844 0.003125 0.067187
12 0.818750 0.367188 0.015625 0.028125
9 0.755469 0.342969 0.001563 0.051562
12 0.693750 0.367188 0.015625 0.028125
12 0.643750 0.367188 0.015625 0.028125
9 0.580469 0.342969 0.001563 0.051562
12 0.518750 0.367188 0.015625 0.028125
12 0.442188 0.367188 0.015625 0.028125
9 0.378906 0.342969 0.001563 0.051562
12 0.317188 0.367188 0.015625 0.028125
12 0.267188 0.367188 0.015625 0.028125
12 0.218750 0.367188 0.015625 0.028125
9 0.196094 0.342187 0.001563 0.053125
9 0.161719 0.342187 0.001563 0.053125
12 0.073438 0.367188 0.015625 0.028125
9 0.008594 0.342969 0.001563 0.051562
0 0.745313 0.373437 0.021875 0.018750
0 0.570312 0.373437 0.021875 0.018750
0 0.368750 0.373437 0.021875 0.018750
0 0.187500 0.373437 0.021875 0.018750
0 0.153125 0.373437 0.021875 0.018750
0 0.005469 0.373437 0.010937 0.018750
