10 0.962500 0.325781 0.046875 0.020313
10 0.443750 0.325781 0.046875 0.020313
9 0.650000 0.364844 0.003125 0.067187
9 0.189062 0.364844 0.003125 0.067187
9 0.985156 0.342187 0.001563 0.053125
9 0.939844 0.342187 0.001563 0.053125
12 0.864062 0.367188 0.015625 0.028125
9 0.832031 0.342969 0.001563 0.051562
9 0.697656 0.342969 0.001563 0.051562
9 0.619531 0.342969 0.001563 0.051562
12 0.498437 0.367188 0.015625 0.028125
9 0.466406 0.342187 0.001563 0.053125
9 0.421094 0.342187 0.001563 0.053125
12 0.345313 0.367188 0.015625 0.028125
9 0.313281 0.342969 0.001563 0.051562
12 0.223438 0.367188 0.015625 0.028125
8 0.242188 0.356250 0.006250 0.006250
9 0.158594 0.342969 0.001563 0.051562
12 0.037500 0.367188 0.015625 0.028125
9 0.003906 0.342187 0.001563 0.053125
0 0.975000 0.373437 0.021875 0.018750
0 0.931250 0.373437 0.021875 0.018750
0 0.821875 0.373437 0.021875 0.018750
0 0.687500 0.373437 0.021875 0.018750
0 0.610938 0.373437 0.021875 0.018750
0 0.456250 0.373437 0.021875 0.018750
0 0.412500 0.373437 0.021875 0.018750
0 0.303125 0.373437 0.021875 0.018750
0 0.148438 0.373437 0.021875 0.018750
