10 0.914844 0.325781 0.123438 0.020313
10 0.535156 0.325781 0.042188 0.020313
10 0.413281 0.325781 0.123438 0.020313
10 0.061719 0.325781 0.042188 0.020313
14 0.667188 0.364844 0.003125 0.067187
14 0.193750 0.364844 0.003125 0.067187
9 0.975781 0.342187 0.001563 0.053125
9 0.935156 0.342187 0.001563 0.053125
9 0.894531 0.342187 0.001563 0.053125
9 0.853906 0.342187 0.001563 0.053125
9 0.813281 0.342969 0.001563 0.051562
11 0.742188 0.367188 0.015625 0.028125
9 0.713281 0.342969 0.001563 0.051562
9 0.636719 0.342969 0.001563 0.051562
9 0.555469 0.342187 0.001563 0.053125
9 0.514844 0.342187 0.001563 0.053125
9 0.474219 0.342187 0.001563 0.053125
9 0.433594 0.342187 0.001563 0.053125
9 0.392969 0.342187 0.001563 0.053125
9 0.352344 0.342187 0.001563 0.053125
9 0.310156 0.342969 0.001563 0.051562
11 0.228125 0.367188 0.015625 0.028125
8 0.246875 0.356250 0.006250 0.006250
9 0.163281 0.342969 0.001563 0.051562
9 0.082031 0.342187 0.001563 0.053125
9 0.041406 0.342187 0.001563 0.053125
9 0.000781 0.342187 0.001563 0.053125
0 0.967187 0.373437 0.021875 0.018750
0 0.926562 0.373437 0.021875 0.018750
0 0.885938 0.373437 0.021875 0.018750
0 0.845313 0.373437 0.021875 0.018750
0 0.803125 0.373437 0.021875 0.018750
0 0.704688 0.373437 0.021875 0.018750
0 0.626563 0.373437 0.021875 0.018750
0 0.545312 0.373437 0.021875 0.018750
0 0.504687 0.373437 0.021875 0.018750
0 0.464062 0.373437 0.021875 0.018750
0 0.423438 0.373437 0.021875 0.018750
0 0.382812 0.373437 0.021875 0.018750
0 0.342187 0.373437 0.021875 0.018750
0 0.301563 0.373437 0.021875 0.018750
0 0.153125 0.373437 0.021875 0.018750
0 0.071875 0.373437 0.021875 0.018750
0 0.031250 0.373437 0.021875 0.018750
