9 0.860938 0.364844 0.003125 0.067187
9 0.481250 0.364844 0.003125 0.067187
9 0.131250 0.364844 0.003125 0.067187
12 0.820312 0.367188 0.015625 0.028125
9 0.791406 0.342969 0.001563 0.051562
9 0.716406 0.342969 0.001563 0.051562
12 0.645312 0.367188 0.015625 0.028125
8 0.664062 0.356250 0.006250 0.006250
9 0.616406 0.342969 0.001563 0.051562
12 0.556250 0.367188 0.015625 0.028125
9 0.527344 0.342969 0.001563 0.051562
12 0.439063 0.367188 0.015625 0.028125
9 0.410156 0.342969 0.001563 0.051562
9 0.335156 0.342969 0.001563 0.051562
12 0.264062 0.367188 0.015625 0.028125
8 0.284375 0.356250 0.006250 0.006250
9 0.235156 0.342969 0.001563 0.051562
12 0.164062 0.367188 0.015625 0.028125
8 0.184375 0.356250 0.006250 0.006250
12 0.089063 0.367188 0.015625 0.028125
9 0.060156 0.342969 0.001563 0.051562
0 0.781250 0.373437 0.021875 0.018750
0 0.706250 0.373437 0.021875 0.018750
0 0.606250 0.373437 0.021875 0.018750
0 0.517188 0.373437 0.021875 0.018750
0 0.401562 0.373437 0.021875 0.018750
0 0.325000 0.373437 0.021875 0.018750
0 0.226562 0.373437 0.021875 0.018750
0 0.051562 0.373437 0.021875 0.018750
