10 0.926562 0.325781 0.040625 0.020313
10 0.773438 0.325781 0.115625 0.020313
10 0.428125 0.325781 0.040625 0.020313
10 0.295312 0.325781 0.078125 0.020313
9 0.670312 0.364844 0.003125 0.067187
9 0.171875 0.364844 0.003125 0.067187
9 0.944531 0.342187 0.001563 0.053125
9 0.907031 0.342187 0.001563 0.053125
9 0.830469 0.342187 0.001563 0.053125
9 0.792969 0.342187 0.001563 0.053125
9 0.755469 0.342187 0.001563 0.053125
9 0.716406 0.342187 0.001563 0.053125
9 0.639844 0.342969 0.001563 0.051562
9 0.560156 0.342969 0.001563 0.051562
9 0.446094 0.342187 0.001563 0.053125
9 0.408594 0.342187 0.001563 0.053125
9 0.332031 0.342187 0.001563 0.053125
9 0.294531 0.342187 0.001563 0.053125
9 0.257031 0.342187 0.001563 0.053125
9 0.141406 0.342969 0.001563 0.051562
9 0.061719 0.342969 0.001563 0.051562
0 0.935937 0.373437 0.021875 0.018750
0 0.896875 0.373437 0.021875 0.018750
0 0.821875 0.373437 0.021875 0.018750
0 0.784375 0.373437 0.021875 0.018750
0 0.745313 0.373437 0.021875 0.018750
0 0.707812 0.373437 0.021875 0.018750
0 0.631250 0.373437 0.021875 0.018750
0 0.551562 0.373437 0.021875 0.018750
0 0.437500 0.373437 0.021875 0.018750
0 0.398438 0.373437 0.021875 0.018750
0 0.323437 0.373437 0.021875 0.018750
0 0.285938 0.373437 0.021875 0.018750
0 0.246875 0.373437 0.021875 0.018750
0 0.132812 0.373437 0.021875 0.018750
0 0.053125 0.373437 0.021875 0.018750
