7 0.262500 0.366406 0.043750 0.114062
10 0.462500 0.319531 0.243750 0.032813
9 0.867188 0.364844 0.003125 0.067187
12 0.901563 0.367188 0.015625 0.028125
15 0.785156 0.337500 0.017188 0.062500
9 0.777344 0.339062 0.001563 0.059375
12 0.719531 0.366406 0.023438 0.060937
15 0.688281 0.337500 0.017188 0.062500
9 0.680469 0.339062 0.001563 0.059375
12 0.622656 0.366406 0.023438 0.060937
9 0.583594 0.335938 0.001563 0.065625
9 0.535156 0.335938 0.001563 0.065625
9 0.486719 0.335938 0.001563 0.065625
9 0.438281 0.335938 0.001563 0.065625
9 0.389844 0.335938 0.001563 0.065625
9 0.341406 0.335938 0.001563 0.065625
0 0.767188 0.373437 0.021875 0.018750
0 0.670312 0.373437 0.021875 0.018750
0 0.575000 0.373437 0.021875 0.018750
0 0.526563 0.373437 0.021875 0.018750
0 0.478125 0.373437 0.021875 0.018750
0 0.429688 0.373437 0.021875 0.018750
0 0.381250 0.373437 0.021875 0.018750
0 0.332813 0.373437 0.021875 0.018750
