7 0.262500 0.366406 0.043750 0.114062
10 0.743750 0.325781 0.040625 0.020313
9 0.678125 0.364844 0.003125 0.067187
12 0.948438 0.367188 0.015625 0.028125
8 0.967187 0.356250 0.006250 0.006250
12 0.871094 0.364844 0.017188 0.048438
9 0.841406 0.342969 0.001563 0.051562
9 0.763281 0.342187 0.001563 0.053125
9 0.724219 0.342187 0.001563 0.053125
9 0.647656 0.342969 0.001563 0.051562
12 0.567187 0.367188 0.015625 0.028125
8 0.587500 0.356250 0.006250 0.006250
12 0.491406 0.364844 0.017188 0.048438
9 0.460156 0.342969 0.001563 0.051562
9 0.380469 0.342969 0.001563 0.051562
0 0.831250 0.373437 0.021875 0.018750
0 0.754687 0.373437 0.021875 0.018750
0 0.715625 0.373437 0.021875 0.018750
0 0.637500 0.373437 0.021875 0.018750
0 0.451562 0.373437 0.021875 0.018750
0 0.370312 0.373437 0.021875 0.018750
