10 0.556250 0.319531 0.159375 0.032813
10 0.062500 0.319531 0.125000 0.032813
9 0.860938 0.364844 0.003125 0.067187
9 0.351562 0.364844 0.003125 0.067187
15 0.839844 0.337500 0.017188 0.062500
9 0.832031 0.339062 0.001563 0.059375
12 0.783594 0.366406 0.023438 0.060937
15 0.760156 0.337500 0.017188 0.062500
9 0.752344 0.339062 0.001563 0.059375
12 0.703906 0.366406 0.023438 0.060937
12 0.664844 0.366406 0.023438 0.060937
9 0.633594 0.335938 0.001563 0.065625
9 0.594531 0.335938 0.001563 0.065625
9 0.555469 0.335938 0.001563 0.065625
9 0.516406 0.335938 0.001563 0.065625
9 0.477344 0.335938 0.001563 0.065625
12 0.428906 0.366406 0.023438 0.060937
15 0.405469 0.337500 0.017188 0.062500
9 0.397656 0.339062 0.001563 0.059375
15 0.328906 0.337500 0.017188 0.062500
9 0.321094 0.339062 0.001563 0.059375
12 0.274219 0.366406 0.023438 0.060937
15 0.249219 0.337500 0.017188 0.062500
9 0.241406 0.339062 0.001563 0.059375
12 0.194531 0.366406 0.023438 0.060937
12 0.153906 0.366406 0.023438 0.060937
9 0.124219 0.335938 0.001563 0.065625
9 0.085156 0.335938 0.001563 0.065625
9 0.044531 0.335938 0.001563 0.065625
9 0.005469 0.335938 0.001563 0.065625
0 0.821875 0.373437 0.021875 0.018750
0 0.742188 0.373437 0.021875 0.018750
0 0.625000 0.373437 0.021875 0.018750
0 0.585938 0.373437 0.021875 0.018750
0 0.546875 0.373437 0.021875 0.018750
0 0.507812 0.373437 0.021875 0.018750
0 0.467187 0.373437 0.021875 0.018750
0 0.387500 0.373437 0.021875 0.018750
0 0.312500 0.373437 0.021875 0.018750
0 0.232813 0.373437 0.021875 0.018750
0 0.114062 0.373437 0.021875 0.018750
0 0.075000 0.373437 0.021875 0.018750
0 0.035937 0.373437 0.021875 0.018750
0 0.003906 0.373437 0.007812 0.018750
