10 0.563281 0.319531 0.126562 0.032813
10 0.048438 0.319531 0.096875 0.032813
9 0.860938 0.364844 0.003125 0.067187
9 0.331250 0.364844 0.003125 0.067187
15 0.839844 0.337500 0.017188 0.062500
9 0.832031 0.339062 0.001563 0.059375
12 0.782031 0.366406 0.023438 0.060937
15 0.757031 0.337500 0.017188 0.062500
9 0.749219 0.339062 0.001563 0.059375
12 0.699219 0.366406 0.023438 0.060937
12 0.658594 0.366406 0.023438 0.060937
9 0.625781 0.335938 0.001563 0.065625
9 0.583594 0.335938 0.001563 0.065625
9 0.542969 0.335938 0.001563 0.065625
9 0.500781 0.335938 0.001563 0.065625
12 0.450781 0.366406 0.023438 0.060937
15 0.427344 0.337500 0.017188 0.062500
9 0.419531 0.339062 0.001563 0.059375
12 0.369531 0.366406 0.023438 0.060937
15 0.308594 0.337500 0.017188 0.062500
9 0.300781 0.339062 0.001563 0.059375
12 0.252344 0.366406 0.023438 0.060937
15 0.227344 0.337500 0.017188 0.062500
9 0.219531 0.339062 0.001563 0.059375
12 0.169531 0.366406 0.023438 0.060937
12 0.127344 0.366406 0.023438 0.060937
9 0.094531 0.335938 0.001563 0.065625
9 0.053906 0.335938 0.001563 0.065625
9 0.011719 0.335938 0.001563 0.065625
0 0.821875 0.373437 0.021875 0.018750
0 0.739062 0.373437 0.021875 0.018750
0 0.615625 0.373437 0.021875 0.018750
0 0.575000 0.373437 0.021875 0.018750
0 0.532813 0.373437 0.021875 0.018750
0 0.492188 0.373437 0.021875 0.018750
0 0.409375 0.373437 0.021875 0.018750
0 0.292187 0.373437 0.021875 0.018750
0 0.209375 0.373437 0.021875 0.018750
0 0.085938 0.373437 0.021875 0.018750
0 0.043750 0.373437 0.021875 0.018750
0 0.007031 0.373437 0.014063 0.018750
