10 0.707031 0.319531 0.051562 0.032813
10 0.232031 0.319531 0.051562 0.032813
10 0.035937 0.319531 0.071875 0.032813
9 0.860938 0.364844 0.003125 0.067187
9 0.387500 0.364844 0.003125 0.067187
15 0.838281 0.337500 0.017188 0.062500
9 0.830469 0.339062 0.001563 0.059375
12 0.772656 0.366406 0.023438 0.060937
9 0.732031 0.335938 0.001563 0.065625
9 0.682031 0.335938 0.001563 0.065625
12 0.561719 0.366406 0.023438 0.060937
15 0.528906 0.337500 0.017188 0.062500
9 0.521094 0.339062 0.001563 0.059375
12 0.420312 0.367188 0.015625 0.028125
15 0.363281 0.337500 0.017188 0.062500
9 0.355469 0.339062 0.001563 0.059375
12 0.297656 0.366406 0.023438 0.060937
9 0.257031 0.335938 0.001563 0.065625
9 0.207031 0.335938 0.001563 0.065625
12 0.106250 0.367188 0.015625 0.028125
9 0.069531 0.335938 0.001563 0.065625
9 0.019531 0.335938 0.001563 0.065625
0 0.821875 0.373437 0.021875 0.018750
0 0.721875 0.373437 0.021875 0.018750
0 0.671875 0.373437 0.021875 0.018750
0 0.510938 0.373437 0.021875 0.018750
0 0.346875 0.373437 0.021875 0.018750
0 0.246875 0.373437 0.021875 0.018750
0 0.198437 0.373437 0.021875 0.018750
0 0.060937 0.373437 0.021875 0.018750
0 0.010937 0.373437 0.021875 0.018750
