10 0.623437 0.325781 0.037500 0.020313
10 0.243750 0.325781 0.037500 0.020313
9 0.860938 0.364844 0.003125 0.067187
9 0.481250 0.364844 0.003125 0.067187
9 0.128125 0.364844 0.003125 0.067187
9 0.802344 0.342969 0.001563 0.051562
12 0.717969 0.364844 0.017188 0.048438
12 0.665625 0.367188 0.015625 0.028125
9 0.641406 0.342187 0.001563 0.053125
9 0.605469 0.342187 0.001563 0.053125
9 0.527344 0.342969 0.001563 0.051562
9 0.422656 0.342969 0.001563 0.051562
12 0.338281 0.364844 0.017188 0.048438
12 0.285938 0.367188 0.015625 0.028125
9 0.261719 0.342187 0.001563 0.053125
9 0.225781 0.342187 0.001563 0.053125
12 0.162500 0.367188 0.015625 0.028125
9 0.067969 0.342969 0.001563 0.051562
0 0.793750 0.373437 0.021875 0.018750
0 0.632812 0.373437 0.021875 0.018750
0 0.596875 0.373437 0.021875 0.018750
0 0.518750 0.373437 0.021875 0.018750
0 0.412500 0.373437 0.021875 0.018750
0 0.253125 0.373437 0.021875 0.018750
0 0.215625 0.373437 0.021875 0.018750
0 0.059375 0.373437 0.021875 0.018750
