10 0.643750 0.325781 0.034375 0.020313
10 0.487500 0.325781 0.034375 0.020313
10 0.275000 0.325781 0.034375 0.020313
9 0.792188 0.364844 0.003125 0.067187
9 0.425000 0.364844 0.003125 0.067187
9 0.046875 0.364844 0.003125 0.067187
12 0.945312 0.367188 0.015625 0.028125
9 0.883594 0.342969 0.001563 0.051562
12 0.826562 0.367188 0.015625 0.028125
12 0.753125 0.367188 0.015625 0.028125
9 0.724219 0.342969 0.001563 0.051562
9 0.658594 0.342187 0.001563 0.053125
9 0.627344 0.342187 0.001563 0.053125
12 0.568750 0.367188 0.015625 0.028125
12 0.523438 0.367188 0.015625 0.028125
9 0.502344 0.342187 0.001563 0.053125
9 0.471094 0.342187 0.001563 0.053125
12 0.384375 0.367188 0.015625 0.028125
9 0.355469 0.342969 0.001563 0.051562
9 0.291406 0.342187 0.001563 0.053125
9 0.258594 0.342187 0.001563 0.053125
12 0.201563 0.367188 0.015625 0.028125
12 0.154688 0.367188 0.015625 0.028125
9 0.125781 0.342969 0.001563 0.051562
12 0.007812 0.367188 0.015625 0.028125
0 0.991406 0.373437 0.017188 0.018750
0 0.875000 0.373437 0.021875 0.018750
0 0.714063 0.373437 0.021875 0.018750
0 0.650000 0.373437 0.021875 0.018750
0 0.617188 0.373437 0.021875 0.018750
0 0.493750 0.373437 0.021875 0.018750
0 0.460938 0.373437 0.021875 0.018750
0 0.346875 0.373437 0.021875 0.018750
0 0.281250 0.373437 0.021875 0.018750
0 0.250000 0.373437 0.021875 0.018750
0 0.117188 0.373437 0.021875 0.018750
