10 0.732031 0.319531 0.101562 0.032813
10 0.421094 0.319531 0.051562 0.032813
10 0.219531 0.319531 0.101562 0.032813
9 0.860938 0.364844 0.003125 0.067187
9 0.350000 0.364844 0.003125 0.067187
12 0.822656 0.366406 0.023438 0.060937
9 0.780469 0.335938 0.001563 0.065625
9 0.732031 0.335938 0.001563 0.065625
9 0.682031 0.335938 0.001563 0.065625
12 0.581250 0.367188 0.015625 0.028125
15 0.552344 0.337500 0.017188 0.062500
9 0.544531 0.339062 0.001563 0.059375
12 0.486719 0.366406 0.023438 0.060937
9 0.444531 0.335938 0.001563 0.065625
9 0.396094 0.335938 0.001563 0.065625
12 0.310156 0.366406 0.023438 0.060937
9 0.269531 0.335938 0.001563 0.065625
9 0.219531 0.335938 0.001563 0.065625
9 0.169531 0.335938 0.001563 0.065625
12 0.070312 0.367188 0.015625 0.028125
15 0.039844 0.337500 0.017188 0.062500
9 0.032031 0.339062 0.001563 0.059375
0 0.771875 0.373437 0.021875 0.018750
0 0.721875 0.373437 0.021875 0.018750
0 0.671875 0.373437 0.021875 0.018750
0 0.535937 0.373437 0.021875 0.018750
0 0.435937 0.373437 0.021875 0.018750
0 0.385937 0.373437 0.021875 0.018750
0 0.259375 0.373437 0.021875 0.018750
0 0.209375 0.373437 0.021875 0.018750
0 0.160938 0.373437 0.021875 0.018750
0 0.023438 0.373437 0.021875 0.018750
