7 0.262500 0.366406 0.043750 0.114062
10 0.870313 0.325781 0.043750 0.020313
10 0.670312 0.325781 0.043750 0.020313
14 0.803125 0.364844 0.003125 0.067187
9 0.972656 0.342969 0.001563 0.051562
9 0.891406 0.342187 0.001563 0.053125
9 0.849219 0.342187 0.001563 0.053125
9 0.772656 0.342969 0.001563 0.051562
9 0.689844 0.342187 0.001563 0.053125
9 0.649219 0.342187 0.001563 0.053125
9 0.607031 0.342969 0.001563 0.051562
11 0.535937 0.367188 0.015625 0.028125
9 0.507031 0.342969 0.001563 0.051562
9 0.464844 0.342969 0.001563 0.051562
9 0.382031 0.342969 0.001563 0.051562
0 0.964063 0.373437 0.021875 0.018750
0 0.881250 0.373437 0.021875 0.018750
0 0.840625 0.373437 0.021875 0.018750
0 0.762500 0.373437 0.021875 0.018750
0 0.681250 0.373437 0.021875 0.018750
0 0.639062 0.373437 0.021875 0.018750
0 0.598437 0.373437 0.021875 0.018750
0 0.498437 0.373437 0.021875 0.018750
0 0.456250 0.373437 0.021875 0.018750
0 0.373437 0.373437 0.021875 0.018750
