10 0.530469 0.325781 0.042188 0.020313
9 0.860938 0.364844 0.003125 0.067187
9 0.464062 0.364844 0.003125 0.067187
9 0.064062 0.364844 0.003125 0.067187
9 0.830469 0.342969 0.001563 0.051562
12 0.748437 0.367188 0.015625 0.028125
8 0.767188 0.356250 0.006250 0.006250
12 0.692187 0.367188 0.015625 0.028125
12 0.634375 0.367188 0.015625 0.028125
12 0.578125 0.367188 0.015625 0.028125
9 0.550781 0.342187 0.001563 0.053125
9 0.510156 0.342187 0.001563 0.053125
9 0.432031 0.342969 0.001563 0.051562
12 0.350000 0.367188 0.015625 0.028125
8 0.370312 0.356250 0.006250 0.006250
12 0.293750 0.367188 0.015625 0.028125
12 0.237500 0.367188 0.015625 0.028125
12 0.179688 0.367188 0.015625 0.028125
9 0.150781 0.342969 0.001563 0.051562
9 0.033594 0.342969 0.001563 0.051562
0 0.821875 0.373437 0.021875 0.018750
0 0.540625 0.373437 0.021875 0.018750
0 0.500000 0.373437 0.021875 0.018750
0 0.423438 0.373437 0.021875 0.018750
0 0.140625 0.373437 0.021875 0.018750
0 0.023438 0.373437 0.021875 0.018750
