10 0.775000 0.325781 0.046875 0.020313
10 0.614062 0.325781 0.046875 0.020313
10 0.104688 0.325781 0.046875 0.020313
14 0.660937 0.364844 0.003125 0.067187
14 0.153125 0.364844 0.003125 0.067187
9 0.947656 0.342969 0.001563 0.051562
11 0.871875 0.367188 0.015625 0.028125
9 0.796094 0.342187 0.001563 0.053125
9 0.752344 0.342187 0.001563 0.053125
9 0.635156 0.342187 0.001563 0.053125
9 0.591406 0.342187 0.001563 0.053125
11 0.515625 0.367188 0.015625 0.028125
9 0.439844 0.342969 0.001563 0.051562
11 0.364063 0.367188 0.015625 0.028125
9 0.288281 0.342969 0.001563 0.051562
9 0.199219 0.342969 0.001563 0.051562
9 0.127344 0.342187 0.001563 0.053125
9 0.082031 0.342187 0.001563 0.053125
11 0.007812 0.367188 0.015625 0.028125
0 0.939063 0.373437 0.021875 0.018750
0 0.785937 0.373437 0.021875 0.018750
0 0.742188 0.373437 0.021875 0.018750
0 0.626563 0.373437 0.021875 0.018750
0 0.581250 0.373437 0.021875 0.018750
0 0.429688 0.373437 0.021875 0.018750
0 0.278125 0.373437 0.021875 0.018750
0 0.189062 0.373437 0.021875 0.018750
0 0.117188 0.373437 0.021875 0.018750
0 0.073438 0.373437 0.021875 0.018750
