10 0.973437 0.325781 0.043750 0.020313
10 0.457813 0.325781 0.043750 0.020313
9 0.653125 0.364844 0.003125 0.067187
9 0.162500 0.364844 0.003125 0.067187
9 0.994531 0.342187 0.001563 0.053125
9 0.952344 0.342187 0.001563 0.053125
9 0.867969 0.342969 0.001563 0.051562
9 0.783594 0.342969 0.001563 0.051562
9 0.699219 0.342969 0.001563 0.051562
9 0.622656 0.342969 0.001563 0.051562
12 0.507812 0.367188 0.015625 0.028125
9 0.478906 0.342187 0.001563 0.053125
9 0.436719 0.342187 0.001563 0.053125
9 0.352344 0.342969 0.001563 0.051562
9 0.267969 0.342969 0.001563 0.051562
12 0.195312 0.367188 0.015625 0.028125
9 0.130469 0.342969 0.001563 0.051562
12 0.017188 0.367188 0.015625 0.028125
0 0.984375 0.373437 0.021875 0.018750
0 0.942187 0.373437 0.021875 0.018750
0 0.859375 0.373437 0.021875 0.018750
0 0.775000 0.373437 0.021875 0.018750
0 0.690625 0.373437 0.021875 0.018750
0 0.612500 0.373437 0.021875 0.018750
0 0.468750 0.373437 0.021875 0.018750
0 0.426563 0.373437 0.021875 0.018750
0 0.342187 0.373437 0.021875 0.018750
0 0.257812 0.373437 0.021875 0.018750
0 0.121875 0.373437 0.021875 0.018750
