10 0.751563 0.319531 0.087500 0.032813
10 0.579688 0.319531 0.087500 0.032813
10 0.242188 0.319531 0.087500 0.032813
10 0.070312 0.319531 0.087500 0.032813
9 0.860938 0.364844 0.003125 0.067187
9 0.351562 0.364844 0.003125 0.067187
12 0.828906 0.366406 0.023438 0.060937
9 0.794531 0.335938 0.001563 0.065625
9 0.752344 0.335938 0.001563 0.065625
9 0.708594 0.335938 0.001563 0.065625
12 0.657031 0.366406 0.023438 0.060937
9 0.622656 0.335938 0.001563 0.065625
9 0.580469 0.335938 0.001563 0.065625
9 0.536719 0.335938 0.001563 0.065625
12 0.432031 0.366406 0.023438 0.060937
15 0.405469 0.337500 0.017188 0.062500
9 0.397656 0.339062 0.001563 0.059375
12 0.317969 0.366406 0.023438 0.060937
9 0.283594 0.335938 0.001563 0.065625
9 0.241406 0.335938 0.001563 0.065625
9 0.199219 0.335938 0.001563 0.065625
12 0.147656 0.366406 0.023438 0.060937
9 0.113281 0.335938 0.001563 0.065625
9 0.069531 0.335938 0.001563 0.065625
9 0.027344 0.335938 0.001563 0.065625
0 0.785937 0.373437 0.021875 0.018750
0 0.742188 0.373437 0.021875 0.018750
0 0.700000 0.373437 0.021875 0.018750
0 0.614062 0.373437 0.021875 0.018750
0 0.570312 0.373437 0.021875 0.018750
0 0.528125 0.373437 0.021875 0.018750
0 0.389062 0.373437 0.021875 0.018750
0 0.275000 0.373437 0.021875 0.018750
0 0.232813 0.373437 0.021875 0.018750
0 0.189062 0.373437 0.021875 0.018750
0 0.103125 0.373437 0.021875 0.018750
0 0.060937 0.373437 0.021875 0.018750
0 0.017188 0.373437 0.021875 0.018750
