7 0.262500 0.366406 0.043750 0.114062
10 0.382812 0.325781 0.084375 0.020313
14 0.820312 0.364844 0.003125 0.067187
9 0.978906 0.342969 0.001563 0.051562
9 0.938281 0.342969 0.001563 0.051562
11 0.853125 0.367188 0.015625 0.028125
8 0.873437 0.356250 0.006250 0.006250
9 0.755469 0.342969 0.001563 0.051562
9 0.672656 0.342969 0.001563 0.051562
9 0.589844 0.342969 0.001563 0.051562
9 0.507031 0.342969 0.001563 0.051562
9 0.424219 0.342187 0.001563 0.053125
9 0.383594 0.342187 0.001563 0.053125
9 0.341406 0.342187 0.001563 0.053125
0 0.970313 0.373437 0.021875 0.018750
0 0.928125 0.373437 0.021875 0.018750
0 0.746875 0.373437 0.021875 0.018750
0 0.664062 0.373437 0.021875 0.018750
0 0.581250 0.373437 0.021875 0.018750
0 0.496875 0.373437 0.021875 0.018750
0 0.415625 0.373437 0.021875 0.018750
0 0.373437 0.373437 0.021875 0.018750
0 0.332813 0.373437 0.021875 0.018750
