10 0.912500 0.319531 0.043750 0.032813
10 0.506250 0.319531 0.043750 0.032813
10 0.382812 0.319531 0.043750 0.032813
10 0.014844 0.319531 0.029687 0.032813
9 0.639062 0.364844 0.003125 0.067187
9 0.140625 0.364844 0.003125 0.067187
12 0.966406 0.366406 0.023438 0.060937
9 0.933594 0.335938 0.001563 0.065625
9 0.891406 0.335938 0.001563 0.065625
12 0.841406 0.366406 0.023438 0.060937
15 0.816406 0.337500 0.017188 0.062500
9 0.808594 0.339062 0.001563 0.059375
12 0.760156 0.366406 0.023438 0.060937
15 0.735156 0.337500 0.017188 0.062500
9 0.727344 0.339062 0.001563 0.059375
12 0.677344 0.366406 0.023438 0.060937
15 0.616406 0.337500 0.017188 0.062500
9 0.608594 0.339062 0.001563 0.059375
12 0.560156 0.366406 0.023438 0.060937
9 0.527344 0.335938 0.001563 0.065625
9 0.485156 0.335938 0.001563 0.065625
12 0.435156 0.366406 0.023438 0.060937
9 0.402344 0.335938 0.001563 0.065625
9 0.361719 0.335938 0.001563 0.065625
12 0.311719 0.366406 0.023438 0.060937
15 0.286719 0.337500 0.017188 0.062500
9 0.278906 0.339062 0.001563 0.059375
15 0.194531 0.337500 0.017188 0.062500
9 0.186719 0.339062 0.001563 0.059375
15 0.117969 0.337500 0.017188 0.062500
9 0.110156 0.339062 0.001563 0.059375
12 0.060156 0.366406 0.023438 0.060937
9 0.027344 0.335938 0.001563 0.065625
0 0.923438 0.373437 0.021875 0.018750
0 0.882812 0.373437 0.021875 0.018750
0 0.800000 0.373437 0.021875 0.018750
0 0.717187 0.373437 0.021875 0.018750
0 0.600000 0.373437 0.021875 0.018750
0 0.517188 0.373437 0.021875 0.018750
0 0.476562 0.373437 0.021875 0.018750
0 0.393750 0.373437 0.021875 0.018750
0 0.351562 0.373437 0.021875 0.018750
0 0.270313 0.373437 0.021875 0.018750
0 0.176563 0.373437 0.021875 0.018750
0 0.100000 0.373437 0.021875 0.018750
0 0.018750 0.373437 0.021875 0.018750
