10 0.755469 0.319531 0.085938 0.032813
10 0.565625 0.319531 0.128125 0.032813
10 0.224219 0.319531 0.085938 0.032813
10 0.050000 0.319531 0.100000 0.032813
9 0.860938 0.364844 0.003125 0.067187
9 0.331250 0.364844 0.003125 0.067187
12 0.830469 0.366406 0.023438 0.060937
9 0.796094 0.335938 0.001563 0.065625
9 0.753906 0.335938 0.001563 0.065625
9 0.713281 0.335938 0.001563 0.065625
12 0.661719 0.366406 0.023438 0.060937
9 0.628906 0.335938 0.001563 0.065625
9 0.586719 0.335938 0.001563 0.065625
9 0.544531 0.335938 0.001563 0.065625
9 0.502344 0.335938 0.001563 0.065625
12 0.452344 0.366406 0.023438 0.060937
15 0.427344 0.337500 0.017188 0.062500
9 0.419531 0.339062 0.001563 0.059375
12 0.367969 0.366406 0.023438 0.060937
12 0.299219 0.366406 0.023438 0.060937
9 0.266406 0.335938 0.001563 0.065625
9 0.224219 0.335938 0.001563 0.065625
9 0.182031 0.335938 0.001563 0.065625
12 0.132031 0.366406 0.023438 0.060937
9 0.097656 0.335938 0.001563 0.065625
9 0.055469 0.335938 0.001563 0.065625
9 0.014844 0.335938 0.001563 0.065625
0 0.787500 0.373437 0.021875 0.018750
0 0.745313 0.373437 0.021875 0.018750
0 0.703125 0.373437 0.021875 0.018750
0 0.618750 0.373437 0.021875 0.018750
0 0.578125 0.373437 0.021875 0.018750
0 0.535937 0.373437 0.021875 0.018750
0 0.493750 0.373437 0.021875 0.018750
0 0.409375 0.373437 0.021875 0.018750
0 0.256250 0.373437 0.021875 0.018750
0 0.214062 0.373437 0.021875 0.018750
0 0.171875 0.373437 0.021875 0.018750
0 0.089063 0.373437 0.021875 0.018750
0 0.046875 0.373437 0.021875 0.018750
0 0.007812 0.373437 0.015625 0.018750
