10 0.552344 0.319531 0.054688 0.032813
10 0.021094 0.319531 0.042188 0.032813
9 0.860938 0.364844 0.003125 0.067187
9 0.323437 0.364844 0.003125 0.067187
12 0.775000 0.367188 0.015625 0.028125
12 0.727344 0.366406 0.023438 0.060937
15 0.691406 0.337500 0.017188 0.062500
9 0.683594 0.339062 0.001563 0.059375
12 0.622656 0.366406 0.023438 0.060937
9 0.578906 0.335938 0.001563 0.065625
9 0.525781 0.335938 0.001563 0.065625
12 0.464844 0.366406 0.023438 0.060937
15 0.428906 0.337500 0.017188 0.062500
9 0.421094 0.339062 0.001563 0.059375
12 0.360156 0.366406 0.023438 0.060937
12 0.237500 0.367188 0.015625 0.028125
12 0.188281 0.366406 0.023438 0.060937
15 0.152344 0.337500 0.017188 0.062500
9 0.144531 0.339062 0.001563 0.059375
12 0.083594 0.366406 0.023438 0.060937
9 0.039844 0.335938 0.001563 0.065625
0 0.673438 0.373437 0.021875 0.018750
0 0.568750 0.373437 0.021875 0.018750
0 0.517188 0.373437 0.021875 0.018750
0 0.412500 0.373437 0.021875 0.018750
0 0.135937 0.373437 0.021875 0.018750
0 0.031250 0.373437 0.021875 0.018750
