10 0.925781 0.325781 0.035937 0.020313
10 0.782031 0.325781 0.035937 0.020313
10 0.494531 0.325781 0.035937 0.020313
10 0.399219 0.325781 0.035937 0.020313
10 0.013281 0.325781 0.026562 0.020313
9 0.814063 0.364844 0.003125 0.067187
9 0.431250 0.364844 0.003125 0.067187
9 0.040625 0.364844 0.003125 0.067187
12 0.964844 0.364844 0.017188 0.048438
9 0.942969 0.342187 0.001563 0.053125
9 0.908594 0.342187 0.001563 0.053125
12 0.848437 0.367188 0.015625 0.028125
9 0.799219 0.342187 0.001563 0.053125
9 0.764844 0.342187 0.001563 0.053125
9 0.689844 0.342969 0.001563 0.051562
12 0.610156 0.364844 0.017188 0.048438
9 0.578906 0.342969 0.001563 0.051562
9 0.511719 0.342187 0.001563 0.053125
9 0.477344 0.342187 0.001563 0.053125
9 0.416406 0.342187 0.001563 0.053125
9 0.382031 0.342187 0.001563 0.053125
9 0.307031 0.342969 0.001563 0.051562
12 0.227344 0.364844 0.017188 0.048438
9 0.196094 0.342969 0.001563 0.051562
9 0.121094 0.342969 0.001563 0.051562
9 0.025781 0.342187 0.001563 0.053125
0 0.932813 0.373437 0.021875 0.018750
0 0.898438 0.373437 0.021875 0.018750
0 0.789062 0.373437 0.021875 0.018750
0 0.756250 0.373437 0.021875 0.018750
0 0.679688 0.373437 0.021875 0.018750
0 0.570312 0.373437 0.021875 0.018750
0 0.501563 0.373437 0.021875 0.018750
0 0.468750 0.373437 0.021875 0.018750
0 0.406250 0.373437 0.021875 0.018750
0 0.373437 0.373437 0.021875 0.018750
0 0.296875 0.373437 0.021875 0.018750
0 0.187500 0.373437 0.021875 0.018750
0 0.112500 0.373437 0.021875 0.018750
0 0.015625 0.373437 0.021875 0.018750
