10 0.692187 0.319531 0.212500 0.032813
10 0.275781 0.319531 0.170313 0.032813
10 0.054688 0.319531 0.109375 0.032813
9 0.860938 0.364844 0.003125 0.067187
9 0.425000 0.364844 0.003125 0.067187
12 0.830469 0.366406 0.023438 0.060937
9 0.796094 0.335938 0.001563 0.065625
9 0.753906 0.335938 0.001563 0.065625
9 0.711719 0.335938 0.001563 0.065625
9 0.671094 0.335938 0.001563 0.065625
9 0.628906 0.335938 0.001563 0.065625
9 0.586719 0.335938 0.001563 0.065625
12 0.536719 0.366406 0.023438 0.060937
12 0.457813 0.367188 0.015625 0.028125
12 0.392969 0.366406 0.023438 0.060937
9 0.358594 0.335938 0.001563 0.065625
9 0.316406 0.335938 0.001563 0.065625
9 0.275781 0.335938 0.001563 0.065625
9 0.233594 0.335938 0.001563 0.065625
9 0.191406 0.335938 0.001563 0.065625
12 0.141406 0.366406 0.023438 0.060937
9 0.107031 0.335938 0.001563 0.065625
9 0.064844 0.335938 0.001563 0.065625
9 0.024219 0.335938 0.001563 0.065625
0 0.787500 0.373437 0.021875 0.018750
0 0.745313 0.373437 0.021875 0.018750
0 0.703125 0.373437 0.021875 0.018750
0 0.660937 0.373437 0.021875 0.018750
0 0.618750 0.373437 0.021875 0.018750
0 0.576562 0.373437 0.021875 0.018750
0 0.350000 0.373437 0.021875 0.018750
0 0.307812 0.373437 0.021875 0.018750
0 0.265625 0.373437 0.021875 0.018750
0 0.223438 0.373437 0.021875 0.018750
0 0.181250 0.373437 0.021875 0.018750
0 0.098437 0.373437 0.021875 0.018750
0 0.056250 0.373437 0.021875 0.018750
0 0.014063 0.373437 0.021875 0.018750
