10 0.966406 0.325781 0.067187 0.020313
10 0.715625 0.325781 0.034375 0.020313
10 0.577344 0.325781 0.067187 0.020313
10 0.326562 0.325781 0.034375 0.020313
10 0.186719 0.325781 0.067187 0.020313
9 0.779687 0.364844 0.003125 0.067187
9 0.390625 0.364844 0.003125 0.067187
9 0.051562 0.364844 0.003125 0.067187
9 0.999219 0.342187 0.001563 0.053125
9 0.966406 0.342187 0.001563 0.053125
9 0.933594 0.342187 0.001563 0.053125
9 0.858594 0.342969 0.001563 0.051562
9 0.732031 0.342187 0.001563 0.053125
9 0.699219 0.342187 0.001563 0.053125
12 0.629687 0.367188 0.015625 0.028125
8 0.650000 0.356250 0.006250 0.006250
9 0.610156 0.342187 0.001563 0.053125
9 0.577344 0.342187 0.001563 0.053125
9 0.544531 0.342187 0.001563 0.053125
9 0.436719 0.342969 0.001563 0.051562
9 0.342969 0.342187 0.001563 0.053125
9 0.310156 0.342187 0.001563 0.053125
12 0.240625 0.367188 0.015625 0.028125
8 0.259375 0.356250 0.006250 0.006250
9 0.219531 0.342187 0.001563 0.053125
9 0.186719 0.342187 0.001563 0.053125
9 0.153906 0.342187 0.001563 0.053125
12 0.084375 0.367188 0.015625 0.028125
8 0.104688 0.356250 0.006250 0.006250
9 0.003906 0.342187 0.001563 0.053125
0 0.989844 0.373437 0.020313 0.018750
0 0.957812 0.373437 0.021875 0.018750
0 0.925000 0.373437 0.021875 0.018750
0 0.850000 0.373437 0.021875 0.018750
0 0.723437 0.373437 0.021875 0.018750
0 0.690625 0.373437 0.021875 0.018750
0 0.600000 0.373437 0.021875 0.018750
0 0.567187 0.373437 0.021875 0.018750
0 0.534375 0.373437 0.021875 0.018750
0 0.426563 0.373437 0.021875 0.018750
0 0.334375 0.373437 0.021875 0.018750
0 0.301563 0.373437 0.021875 0.018750
0 0.210938 0.373437 0.021875 0.018750
0 0.178125 0.373437 0.021875 0.018750
0 0.145313 0.373437 0.021875 0.018750
