10 0.540625 0.325781 0.037500 0.020313
14 0.860938 0.364844 0.003125 0.067187
14 0.476562 0.364844 0.003125 0.067187
14 0.085938 0.364844 0.003125 0.067187
11 0.817187 0.367188 0.015625 0.028125
9 0.750781 0.342969 0.001563 0.051562
9 0.710156 0.342969 0.001563 0.051562
11 0.634375 0.367188 0.015625 0.028125
8 0.653125 0.356250 0.006250 0.006250
11 0.582812 0.367188 0.015625 0.028125
9 0.558594 0.342187 0.001563 0.053125
9 0.522656 0.342187 0.001563 0.053125
11 0.431250 0.367188 0.015625 0.028125
9 0.366406 0.342969 0.001563 0.051562
9 0.324219 0.342969 0.001563 0.051562
11 0.250000 0.367188 0.015625 0.028125
8 0.268750 0.356250 0.006250 0.006250
11 0.198437 0.367188 0.015625 0.028125
9 0.169531 0.342969 0.001563 0.051562
11 0.040625 0.367188 0.015625 0.028125
0 0.742188 0.373437 0.021875 0.018750
0 0.700000 0.373437 0.021875 0.018750
0 0.550000 0.373437 0.021875 0.018750
0 0.514062 0.373437 0.021875 0.018750
0 0.356250 0.373437 0.021875 0.018750
0 0.315625 0.373437 0.021875 0.018750
0 0.159375 0.373437 0.021875 0.018750
