10 0.804688 0.319531 0.040625 0.032813
10 0.293750 0.319531 0.040625 0.032813
9 0.659375 0.364844 0.003125 0.067187
9 0.179688 0.364844 0.003125 0.067187
15 0.988281 0.337500 0.017188 0.062500
9 0.980469 0.339062 0.001563 0.059375
12 0.933594 0.366406 0.023438 0.060937
15 0.908594 0.337500 0.017188 0.062500
9 0.900781 0.339062 0.001563 0.059375
12 0.853906 0.366406 0.023438 0.060937
9 0.824219 0.335938 0.001563 0.065625
9 0.785156 0.335938 0.001563 0.065625
12 0.738281 0.366406 0.023438 0.060937
15 0.713281 0.337500 0.017188 0.062500
9 0.705469 0.339062 0.001563 0.059375
15 0.636719 0.337500 0.017188 0.062500
9 0.628906 0.339062 0.001563 0.059375
12 0.582031 0.366406 0.023438 0.060937
15 0.558594 0.337500 0.017188 0.062500
9 0.550781 0.339062 0.001563 0.059375
12 0.502344 0.366406 0.023438 0.060937
15 0.478906 0.337500 0.017188 0.062500
9 0.471094 0.339062 0.001563 0.059375
12 0.424219 0.366406 0.023438 0.060937
15 0.399219 0.337500 0.017188 0.062500
9 0.391406 0.339062 0.001563 0.059375
12 0.344531 0.366406 0.023438 0.060937
9 0.313281 0.335938 0.001563 0.065625
9 0.274219 0.335938 0.001563 0.065625
15 0.158594 0.337500 0.017188 0.062500
9 0.150781 0.339062 0.001563 0.059375
12 0.102344 0.366406 0.023438 0.060937
15 0.078906 0.337500 0.017188 0.062500
9 0.071094 0.339062 0.001563 0.059375
12 0.024219 0.366406 0.023438 0.060937
15 0.003906 0.337500 0.007812 0.062500
0 0.971875 0.373437 0.021875 0.018750
0 0.892188 0.373437 0.021875 0.018750
0 0.814063 0.373437 0.021875 0.018750
0 0.775000 0.373437 0.021875 0.018750
0 0.696875 0.373437 0.021875 0.018750
0 0.620313 0.373437 0.021875 0.018750
0 0.540625 0.373437 0.021875 0.018750
0 0.460938 0.373437 0.021875 0.018750
0 0.382812 0.373437 0.021875 0.018750
0 0.304688 0.373437 0.021875 0.018750
0 0.265625 0.373437 0.021875 0.018750
0 0.140625 0.373437 0.021875 0.018750
0 0.060937 0.373437 0.021875 0.018750
