10 0.944531 0.325781 0.045312 0.020313
10 0.738281 0.325781 0.045312 0.020313
10 0.446094 0.325781 0.045312 0.020313
9 0.670312 0.364844 0.003125 0.067187
9 0.170313 0.364844 0.003125 0.067187
9 0.966406 0.342187 0.001563 0.053125
9 0.922656 0.342187 0.001563 0.053125
12 0.850000 0.367188 0.015625 0.028125
12 0.789062 0.367188 0.015625 0.028125
9 0.758594 0.342187 0.001563 0.053125
9 0.716406 0.342187 0.001563 0.053125
9 0.638281 0.342969 0.001563 0.051562
9 0.552344 0.342969 0.001563 0.051562
9 0.466406 0.342187 0.001563 0.053125
9 0.424219 0.342187 0.001563 0.053125
12 0.350000 0.367188 0.015625 0.028125
12 0.289062 0.367188 0.015625 0.028125
9 0.258594 0.342969 0.001563 0.051562
9 0.138281 0.342969 0.001563 0.051562
9 0.052344 0.342969 0.001563 0.051562
0 0.957812 0.373437 0.021875 0.018750
0 0.914062 0.373437 0.021875 0.018750
0 0.750000 0.373437 0.021875 0.018750
0 0.706250 0.373437 0.021875 0.018750
0 0.629687 0.373437 0.021875 0.018750
0 0.543750 0.373437 0.021875 0.018750
0 0.457813 0.373437 0.021875 0.018750
0 0.414062 0.373437 0.021875 0.018750
0 0.250000 0.373437 0.021875 0.018750
0 0.129688 0.373437 0.021875 0.018750
0 0.043750 0.373437 0.021875 0.018750
