10 0.782031 0.325781 0.067187 0.020313
10 0.558594 0.325781 0.067187 0.020313
10 0.308594 0.325781 0.067187 0.020313
9 0.860938 0.364844 0.003125 0.067187
9 0.387500 0.364844 0.003125 0.067187
9 0.814844 0.342187 0.001563 0.053125
9 0.749219 0.342187 0.001563 0.053125
12 0.645312 0.367188 0.015625 0.028125
9 0.591406 0.342187 0.001563 0.053125
9 0.525781 0.342187 0.001563 0.053125
12 0.421875 0.367188 0.015625 0.028125
9 0.341406 0.342187 0.001563 0.053125
9 0.275781 0.342187 0.001563 0.053125
12 0.170313 0.367188 0.015625 0.028125
9 0.117969 0.342969 0.001563 0.051562
0 0.806250 0.373437 0.021875 0.018750
0 0.740625 0.373437 0.021875 0.018750
0 0.582812 0.373437 0.021875 0.018750
0 0.517188 0.373437 0.021875 0.018750
0 0.331250 0.373437 0.021875 0.018750
0 0.265625 0.373437 0.021875 0.018750
0 0.107813 0.373437 0.021875 0.018750
