15 0.293750 0.401562 0.025000 0.034375
15 0.294531 0.367969 0.048438 0.032813
7 0.232813 0.386719 0.043750 0.114062
15 0.293750 0.079687 0.025000 0.034375
15 0.294531 0.046094 0.048438 0.032813
7 0.232813 0.063281 0.043750 0.114062
15 0.293750 0.240625 0.025000 0.034375
15 0.294531 0.207031 0.048438 0.032813
7 0.232813 0.225781 0.043750 0.114062
10 0.687500 0.017969 0.625000 0.032813
10 0.687500 0.173437 0.625000 0.043750
10 0.687500 0.328125 0.625000 0.056250
9 0.201563 0.209375 0.003125 0.418750
15 0.293750 0.240625 0.025000 0.034375
15 0.294531 0.207031 0.048438 0.032813
15 0.293750 0.079687 0.025000 0.034375
15 0.294531 0.046094 0.048438 0.032813
15 0.293750 0.401562 0.025000 0.034375
15 0.294531 0.367969 0.048438 0.032813
9 0.977344 0.344531 0.001563 0.089063
9 0.952344 0.344531 0.001563 0.089063
9 0.925781 0.344531 0.001563 0.089063
9 0.899219 0.344531 0.001563 0.089063
9 0.872656 0.344531 0.001563 0.089063
9 0.846094 0.344531 0.001563 0.089063
9 0.821094 0.344531 0.001563 0.089063
9 0.794531 0.344531 0.001563 0.089063
9 0.767969 0.344531 0.001563 0.089063
9 0.741406 0.344531 0.001563 0.089063
9 0.716406 0.344531 0.001563 0.089063
9 0.689844 0.344531 0.001563 0.089063
9 0.663281 0.344531 0.001563 0.089063
9 0.636719 0.344531 0.001563 0.089063
9 0.611719 0.344531 0.001563 0.089063
9 0.585156 0.344531 0.001563 0.089063
9 0.558594 0.344531 0.001563 0.089063
9 0.532031 0.344531 0.001563 0.089063
9 0.505469 0.344531 0.001563 0.089063
9 0.480469 0.344531 0.001563 0.089063
9 0.453906 0.344531 0.001563 0.089063
9 0.427344 0.344531 0.001563 0.089063
9 0.400781 0.344531 0.001563 0.089063
9 0.375781 0.344531 0.001563 0.089063
9 0.952344 0.190625 0.001563 0.078125
9 0.899219 0.190625 0.001563 0.078125
9 0.846094 0.190625 0.001563 0.078125
9 0.794531 0.190625 0.001563 0.078125
9 0.741406 0.190625 0.001563 0.078125
9 0.689844 0.190625 0.001563 0.078125
9 0.636719 0.190625 0.001563 0.078125
9 0.585156 0.190625 0.001563 0.078125
9 0.532031 0.190625 0.001563 0.078125
9 0.480469 0.190625 0.001563 0.078125
9 0.427344 0.190625 0.001563 0.078125
9 0.375781 0.190625 0.001563 0.078125
9 0.899219 0.034375 0.001563 0.065625
9 0.794531 0.034375 0.001563 0.065625
9 0.689844 0.034375 0.001563 0.065625
9 0.585156 0.034375 0.001563 0.065625
9 0.480469 0.034375 0.001563 0.065625
9 0.375781 0.034375 0.001563 0.065625
0 0.992188 0.393750 0.015625 0.018750
0 0.968750 0.393750 0.021875 0.018750
0 0.942187 0.393750 0.021875 0.018750
0 0.915625 0.393750 0.021875 0.018750
0 0.890625 0.393750 0.021875 0.018750
0 0.864062 0.393750 0.021875 0.018750
0 0.837500 0.393750 0.021875 0.018750
0 0.810937 0.393750 0.021875 0.018750
0 0.784375 0.393750 0.021875 0.018750
0 0.759375 0.393750 0.021875 0.018750
0 0.732812 0.393750 0.021875 0.018750
0 0.706250 0.393750 0.021875 0.018750
0 0.679688 0.393750 0.021875 0.018750
0 0.654687 0.393750 0.021875 0.018750
0 0.628125 0.393750 0.021875 0.018750
0 0.601562 0.393750 0.021875 0.018750
0 0.575000 0.393750 0.021875 0.018750
0 0.548438 0.393750 0.021875 0.018750
0 0.523438 0.393750 0.021875 0.018750
0 0.496875 0.393750 0.021875 0.018750
0 0.470313 0.393750 0.021875 0.018750
0 0.443750 0.393750 0.021875 0.018750
0 0.418750 0.393750 0.021875 0.018750
0 0.392188 0.393750 0.021875 0.018750
0 0.365625 0.393750 0.021875 0.018750
0 0.992188 0.232813 0.015625 0.018750
0 0.942187 0.232813 0.021875 0.018750
0 0.890625 0.232813 0.021875 0.018750
0 0.837500 0.232813 0.021875 0.018750
0 0.784375 0.232813 0.021875 0.018750
0 0.732812 0.232813 0.021875 0.018750
0 0.679688 0.232813 0.021875 0.018750
0 0.628125 0.232813 0.021875 0.018750
0 0.575000 0.232813 0.021875 0.018750
0 0.523438 0.232813 0.021875 0.018750
0 0.470313 0.232813 0.021875 0.018750
0 0.418750 0.232813 0.021875 0.018750
0 0.365625 0.232813 0.021875 0.018750
0 0.992188 0.070312 0.015625 0.018750
0 0.890625 0.070312 0.021875 0.018750
0 0.784375 0.070312 0.021875 0.018750
0 0.679688 0.070312 0.021875 0.018750
0 0.575000 0.070312 0.021875 0.018750
0 0.470313 0.070312 0.021875 0.018750
0 0.365625 0.070312 0.021875 0.018750
