10 0.559375 0.319531 0.159375 0.032813
10 0.096875 0.319531 0.159375 0.032813
9 0.670312 0.364844 0.003125 0.067187
9 0.209375 0.364844 0.003125 0.067187
9 0.978906 0.335938 0.001563 0.065625
12 0.873437 0.367188 0.015625 0.028125
15 0.841406 0.337500 0.017188 0.062500
9 0.833594 0.339062 0.001563 0.059375
15 0.724219 0.337500 0.017188 0.062500
9 0.716406 0.339062 0.001563 0.059375
9 0.636719 0.335938 0.001563 0.065625
9 0.585156 0.335938 0.001563 0.065625
9 0.532031 0.335938 0.001563 0.065625
9 0.480469 0.335938 0.001563 0.065625
12 0.375000 0.367188 0.015625 0.028125
15 0.342969 0.337500 0.017188 0.062500
9 0.335156 0.339062 0.001563 0.059375
8 0.267188 0.356250 0.006250 0.006250
9 0.175781 0.335938 0.001563 0.065625
9 0.122656 0.335938 0.001563 0.065625
9 0.071094 0.335938 0.001563 0.065625
9 0.017969 0.335938 0.001563 0.065625
0 0.970313 0.373437 0.021875 0.018750
0 0.825000 0.373437 0.021875 0.018750
0 0.707812 0.373437 0.021875 0.018750
0 0.628125 0.373437 0.021875 0.018750
0 0.575000 0.373437 0.021875 0.018750
0 0.523438 0.373437 0.021875 0.018750
0 0.470313 0.373437 0.021875 0.018750
0 0.325000 0.373437 0.021875 0.018750
0 0.165625 0.373437 0.021875 0.018750
0 0.114062 0.373437 0.021875 0.018750
0 0.060937 0.373437 0.021875 0.018750
0 0.010156 0.373437 0.020313 0.018750
