10 0.765625 0.319531 0.040625 0.032813
9 0.660937 0.364844 0.003125 0.067187
9 0.150000 0.364844 0.003125 0.067187
12 0.974219 0.366406 0.023438 0.060937
15 0.950781 0.337500 0.017188 0.062500
9 0.942969 0.339062 0.001563 0.059375
12 0.894531 0.366406 0.023438 0.060937
15 0.871094 0.337500 0.017188 0.062500
9 0.863281 0.339062 0.001563 0.059375
12 0.814844 0.366406 0.023438 0.060937
9 0.785156 0.335938 0.001563 0.065625
9 0.746094 0.335938 0.001563 0.065625
12 0.699219 0.366406 0.023438 0.060937
15 0.639844 0.337500 0.017188 0.062500
9 0.632031 0.339062 0.001563 0.059375
12 0.585156 0.366406 0.023438 0.060937
15 0.560156 0.337500 0.017188 0.062500
9 0.552344 0.339062 0.001563 0.059375
12 0.505469 0.366406 0.023438 0.060937
12 0.466406 0.366406 0.023438 0.060937
15 0.442969 0.337500 0.017188 0.062500
9 0.435156 0.339062 0.001563 0.059375
12 0.386719 0.366406 0.023438 0.060937
15 0.363281 0.337500 0.017188 0.062500
9 0.355469 0.339062 0.001563 0.059375
12 0.308594 0.366406 0.023438 0.060937
15 0.283594 0.337500 0.017188 0.062500
9 0.275781 0.339062 0.001563 0.059375
12 0.228906 0.366406 0.023438 0.060937
15 0.203906 0.337500 0.017188 0.062500
9 0.196094 0.339062 0.001563 0.059375
15 0.128906 0.337500 0.017188 0.062500
9 0.121094 0.339062 0.001563 0.059375
12 0.072656 0.366406 0.023438 0.060937
15 0.049219 0.337500 0.017188 0.062500
9 0.041406 0.339062 0.001563 0.059375
0 0.932813 0.373437 0.021875 0.018750
0 0.853125 0.373437 0.021875 0.018750
0 0.776563 0.373437 0.021875 0.018750
0 0.737500 0.373437 0.021875 0.018750
0 0.621875 0.373437 0.021875 0.018750
0 0.543750 0.373437 0.021875 0.018750
0 0.425000 0.373437 0.021875 0.018750
0 0.345313 0.373437 0.021875 0.018750
0 0.267188 0.373437 0.021875 0.018750
0 0.187500 0.373437 0.021875 0.018750
0 0.110937 0.373437 0.021875 0.018750
0 0.032813 0.373437 0.021875 0.018750
