15 0.314063 0.570312 0.025000 0.034375
15 0.314063 0.536719 0.025000 0.032813
7 0.262500 0.555469 0.043750 0.114062
10 0.903906 0.508594 0.048438 0.007812
10 0.617969 0.508594 0.048438 0.007812
10 0.429688 0.508594 0.093750 0.007812
9 0.999219 0.553906 0.001563 0.067187
9 0.834375 0.553906 0.003125 0.067187
9 0.667188 0.553906 0.003125 0.067187
9 0.501563 0.553906 0.003125 0.067187
15 0.314063 0.570312 0.025000 0.034375
15 0.314063 0.536719 0.025000 0.032813
12 0.960938 0.556250 0.015625 0.028125
9 0.927344 0.531250 0.001563 0.053125
9 0.880469 0.531250 0.001563 0.053125
15 0.813281 0.531250 0.017188 0.053125
9 0.805469 0.531250 0.001563 0.053125
12 0.746875 0.556250 0.015625 0.028125
15 0.721094 0.531250 0.017188 0.053125
9 0.713281 0.531250 0.001563 0.053125
9 0.639844 0.531250 0.001563 0.053125
9 0.594531 0.531250 0.001563 0.053125
12 0.535937 0.556250 0.015625 0.028125
9 0.475781 0.531250 0.001563 0.053125
9 0.428906 0.531250 0.001563 0.053125
9 0.383594 0.531250 0.001563 0.053125
0 0.917188 0.560937 0.021875 0.018750
0 0.871875 0.560937 0.021875 0.018750
0 0.795312 0.560937 0.021875 0.018750
0 0.704688 0.560937 0.021875 0.018750
0 0.631250 0.560937 0.021875 0.018750
0 0.584375 0.560937 0.021875 0.018750
0 0.465625 0.560937 0.021875 0.018750
0 0.420312 0.560937 0.021875 0.018750
0 0.373437 0.560937 0.021875 0.018750
