10 0.453125 0.017969 0.906250 0.032813
10 0.500000 0.173437 1.000000 0.043750
10 0.500000 0.328125 1.000000 0.056250
9 0.967969 0.344531 0.001563 0.089063
9 0.905469 0.344531 0.001563 0.089063
9 0.844531 0.344531 0.001563 0.089063
9 0.783594 0.344531 0.001563 0.089063
9 0.722656 0.344531 0.001563 0.089063
9 0.661719 0.344531 0.001563 0.089063
9 0.600781 0.344531 0.001563 0.089063
9 0.539844 0.344531 0.001563 0.089063
9 0.478906 0.344531 0.001563 0.089063
9 0.417969 0.344531 0.001563 0.089063
9 0.357031 0.344531 0.001563 0.089063
9 0.296094 0.344531 0.001563 0.089063
9 0.235156 0.344531 0.001563 0.089063
9 0.174219 0.344531 0.001563 0.089063
9 0.113281 0.344531 0.001563 0.089063
9 0.052344 0.344531 0.001563 0.089063
9 0.905469 0.190625 0.001563 0.078125
9 0.783594 0.190625 0.001563 0.078125
9 0.661719 0.190625 0.001563 0.078125
9 0.539844 0.190625 0.001563 0.078125
9 0.417969 0.190625 0.001563 0.078125
9 0.296094 0.190625 0.001563 0.078125
9 0.174219 0.190625 0.001563 0.078125
9 0.052344 0.190625 0.001563 0.078125
9 0.905469 0.034375 0.001563 0.065625
9 0.661719 0.034375 0.001563 0.065625
9 0.417969 0.034375 0.001563 0.065625
9 0.174219 0.034375 0.001563 0.065625
0 0.957812 0.393750 0.021875 0.018750
0 0.896875 0.393750 0.021875 0.018750
0 0.835938 0.393750 0.021875 0.018750
0 0.775000 0.393750 0.021875 0.018750
0 0.714063 0.393750 0.021875 0.018750
0 0.653125 0.393750 0.021875 0.018750
0 0.592187 0.393750 0.021875 0.018750
0 0.531250 0.393750 0.021875 0.018750
0 0.470313 0.393750 0.021875 0.018750
0 0.409375 0.393750 0.021875 0.018750
0 0.348438 0.393750 0.021875 0.018750
0 0.285938 0.393750 0.021875 0.018750
0 0.225000 0.393750 0.021875 0.018750
0 0.164062 0.393750 0.021875 0.018750
0 0.103125 0.393750 0.021875 0.018750
0 0.042188 0.393750 0.021875 0.018750
0 0.896875 0.232813 0.021875 0.018750
0 0.775000 0.232813 0.021875 0.018750
0 0.653125 0.232813 0.021875 0.018750
0 0.531250 0.232813 0.021875 0.018750
0 0.409375 0.232813 0.021875 0.018750
0 0.285938 0.232813 0.021875 0.018750
0 0.164062 0.232813 0.021875 0.018750
0 0.042188 0.232813 0.021875 0.018750
0 0.896875 0.070312 0.021875 0.018750
0 0.653125 0.070312 0.021875 0.018750
0 0.409375 0.070312 0.021875 0.018750
0 0.164062 0.070312 0.021875 0.018750
