10 0.801562 0.319531 0.081250 0.032813
10 0.664062 0.319531 0.040625 0.032813
10 0.487500 0.319531 0.159375 0.032813
10 0.303125 0.319531 0.081250 0.032813
10 0.164062 0.319531 0.040625 0.032813
10 0.034375 0.319531 0.068750 0.032813
9 0.860938 0.364844 0.003125 0.067187
9 0.362500 0.364844 0.003125 0.067187
9 0.841406 0.335938 0.001563 0.065625
9 0.802344 0.335938 0.001563 0.065625
9 0.761719 0.335938 0.001563 0.065625
12 0.714844 0.366406 0.023438 0.060937
9 0.683594 0.335938 0.001563 0.065625
9 0.644531 0.335938 0.001563 0.065625
12 0.596094 0.366406 0.023438 0.060937
9 0.566406 0.335938 0.001563 0.065625
9 0.525781 0.335938 0.001563 0.065625
9 0.486719 0.335938 0.001563 0.065625
9 0.447656 0.335938 0.001563 0.065625
9 0.408594 0.335938 0.001563 0.065625
9 0.341406 0.335938 0.001563 0.065625
9 0.302344 0.335938 0.001563 0.065625
9 0.263281 0.335938 0.001563 0.065625
12 0.214844 0.366406 0.023438 0.060937
9 0.185156 0.335938 0.001563 0.065625
9 0.144531 0.335938 0.001563 0.065625
12 0.097656 0.366406 0.023438 0.060937
9 0.066406 0.335938 0.001563 0.065625
9 0.027344 0.335938 0.001563 0.065625
0 0.831250 0.373437 0.021875 0.018750
0 0.792188 0.373437 0.021875 0.018750
0 0.753125 0.373437 0.021875 0.018750
0 0.675000 0.373437 0.021875 0.018750
0 0.634375 0.373437 0.021875 0.018750
0 0.556250 0.373437 0.021875 0.018750
0 0.517188 0.373437 0.021875 0.018750
0 0.478125 0.373437 0.021875 0.018750
0 0.439063 0.373437 0.021875 0.018750
0 0.398438 0.373437 0.021875 0.018750
0 0.332813 0.373437 0.021875 0.018750
0 0.293750 0.373437 0.021875 0.018750
0 0.253125 0.373437 0.021875 0.018750
0 0.175000 0.373437 0.021875 0.018750
0 0.135937 0.373437 0.021875 0.018750
0 0.057813 0.373437 0.021875 0.018750
0 0.017188 0.373437 0.021875 0.018750
