7 0.262500 0.366406 0.043750 0.114062
10 0.881250 0.319531 0.056250 0.032813
10 0.529687 0.319531 0.056250 0.032813
9 0.807813 0.364844 0.003125 0.067187
12 0.953906 0.366406 0.023438 0.060937
9 0.908594 0.335938 0.001563 0.065625
9 0.853906 0.335938 0.001563 0.065625
12 0.718750 0.367188 0.015625 0.028125
15 0.685156 0.337500 0.017188 0.062500
9 0.677344 0.339062 0.001563 0.059375
9 0.557031 0.335938 0.001563 0.065625
9 0.502344 0.335938 0.001563 0.065625
12 0.441406 0.366406 0.023438 0.060937
15 0.403906 0.337500 0.017188 0.062500
9 0.396094 0.339062 0.001563 0.059375
12 0.333594 0.366406 0.023438 0.060937
0 0.898438 0.373437 0.021875 0.018750
0 0.845313 0.373437 0.021875 0.018750
0 0.668750 0.373437 0.021875 0.018750
0 0.546875 0.373437 0.021875 0.018750
0 0.493750 0.373437 0.021875 0.018750
0 0.385937 0.373437 0.021875 0.018750
