10 0.837500 0.319531 0.056250 0.032813
10 0.325000 0.319531 0.056250 0.032813
9 0.656250 0.364844 0.003125 0.067187
9 0.182812 0.364844 0.003125 0.067187
15 0.978906 0.337500 0.017188 0.062500
9 0.971094 0.339062 0.001563 0.059375
12 0.908594 0.366406 0.023438 0.060937
9 0.863281 0.335938 0.001563 0.065625
9 0.810156 0.335938 0.001563 0.065625
12 0.747656 0.366406 0.023438 0.060937
15 0.710156 0.337500 0.017188 0.062500
9 0.702344 0.339062 0.001563 0.059375
12 0.567187 0.367188 0.015625 0.028125
15 0.466406 0.337500 0.017188 0.062500
9 0.458594 0.339062 0.001563 0.059375
12 0.396094 0.366406 0.023438 0.060937
9 0.350781 0.335938 0.001563 0.065625
9 0.297656 0.335938 0.001563 0.065625
12 0.093750 0.367188 0.015625 0.028125
0 0.962500 0.373437 0.021875 0.018750
0 0.854688 0.373437 0.021875 0.018750
0 0.801562 0.373437 0.021875 0.018750
0 0.693750 0.373437 0.021875 0.018750
0 0.450000 0.373437 0.021875 0.018750
0 0.342187 0.373437 0.021875 0.018750
0 0.287500 0.373437 0.021875 0.018750
