7 0.262500 0.366406 0.043750 0.114062
10 0.773438 0.325781 0.087500 0.020313
10 0.405469 0.325781 0.045312 0.020313
9 0.684375 0.364844 0.003125 0.067187
12 0.974219 0.364844 0.017188 0.048438
8 0.993750 0.356250 0.006250 0.006250
9 0.942969 0.342969 0.001563 0.051562
9 0.814844 0.342187 0.001563 0.053125
9 0.772656 0.342187 0.001563 0.053125
9 0.730469 0.342187 0.001563 0.053125
12 0.586719 0.364844 0.017188 0.048438
8 0.606250 0.356250 0.006250 0.006250
9 0.555469 0.342969 0.001563 0.051562
9 0.427344 0.342187 0.001563 0.053125
9 0.383594 0.342187 0.001563 0.053125
0 0.934375 0.373437 0.021875 0.018750
0 0.806250 0.373437 0.021875 0.018750
0 0.762500 0.373437 0.021875 0.018750
0 0.720313 0.373437 0.021875 0.018750
0 0.545312 0.373437 0.021875 0.018750
0 0.417187 0.373437 0.021875 0.018750
0 0.375000 0.373437 0.021875 0.018750
