15 0.843750 0.364063 0.018750 0.025000
15 0.564063 0.364063 0.018750 0.025000
15 0.425000 0.364063 0.018750 0.025000
15 0.285938 0.364063 0.018750 0.025000
15 0.148438 0.364063 0.018750 0.025000
10 0.964844 0.319531 0.057813 0.007812
10 0.843750 0.319531 0.093750 0.007812
10 0.711719 0.319531 0.057813 0.007812
10 0.564063 0.319531 0.093750 0.007812
10 0.425000 0.319531 0.093750 0.007812
10 0.287500 0.319531 0.093750 0.007812
10 0.148438 0.319531 0.093750 0.007812
9 0.637500 0.364844 0.003125 0.067187
9 0.015625 0.364844 0.003125 0.067187
9 0.992969 0.342187 0.001563 0.053125
9 0.936719 0.342187 0.001563 0.053125
9 0.889844 0.342187 0.001563 0.053125
9 0.842969 0.342187 0.001563 0.053125
9 0.797656 0.342187 0.001563 0.053125
9 0.741406 0.342187 0.001563 0.053125
9 0.683594 0.342187 0.001563 0.053125
9 0.610156 0.342187 0.001563 0.053125
9 0.564844 0.342187 0.001563 0.053125
9 0.517969 0.342187 0.001563 0.053125
9 0.472656 0.342187 0.001563 0.053125
9 0.425781 0.342187 0.001563 0.053125
9 0.378906 0.342187 0.001563 0.053125
9 0.333594 0.342187 0.001563 0.053125
9 0.286719 0.342187 0.001563 0.053125
9 0.241406 0.342187 0.001563 0.053125
9 0.194531 0.342187 0.001563 0.053125
9 0.147656 0.342187 0.001563 0.053125
9 0.102344 0.342187 0.001563 0.053125
15 0.035937 0.380469 0.028125 0.032813
15 0.035937 0.347656 0.028125 0.032813
0 0.982812 0.373437 0.021875 0.018750
0 0.926562 0.373437 0.021875 0.018750
0 0.881250 0.373437 0.021875 0.018750
0 0.834375 0.373437 0.021875 0.018750
0 0.787500 0.373437 0.021875 0.018750
0 0.731250 0.373437 0.021875 0.018750
0 0.675000 0.373437 0.021875 0.018750
0 0.601562 0.373437 0.021875 0.018750
0 0.554688 0.373437 0.021875 0.018750
0 0.509375 0.373437 0.021875 0.018750
0 0.462500 0.373437 0.021875 0.018750
0 0.415625 0.373437 0.021875 0.018750
0 0.370312 0.373437 0.021875 0.018750
0 0.323437 0.373437 0.021875 0.018750
0 0.278125 0.373437 0.021875 0.018750
0 0.231250 0.373437 0.021875 0.018750
0 0.184375 0.373437 0.021875 0.018750
0 0.139063 0.373437 0.021875 0.018750
0 0.092188 0.373437 0.021875 0.018750
