10 0.571094 0.325781 0.082812 0.020313
10 0.428906 0.325781 0.042188 0.020313
10 0.071094 0.325781 0.082812 0.020313
14 0.860938 0.364844 0.003125 0.067187
14 0.362500 0.364844 0.003125 0.067187
9 0.830469 0.342969 0.001563 0.051562
11 0.720313 0.367188 0.015625 0.028125
9 0.650781 0.342969 0.001563 0.051562
9 0.610156 0.342187 0.001563 0.053125
9 0.571094 0.342187 0.001563 0.053125
9 0.530469 0.342187 0.001563 0.053125
9 0.449219 0.342187 0.001563 0.053125
9 0.408594 0.342187 0.001563 0.053125
9 0.332031 0.342969 0.001563 0.051562
11 0.221875 0.367188 0.015625 0.028125
9 0.152344 0.342969 0.001563 0.051562
9 0.111719 0.342187 0.001563 0.053125
9 0.071094 0.342187 0.001563 0.053125
9 0.030469 0.342187 0.001563 0.053125
0 0.821875 0.373437 0.021875 0.018750
0 0.642188 0.373437 0.021875 0.018750
0 0.601562 0.373437 0.021875 0.018750
0 0.560937 0.373437 0.021875 0.018750
0 0.520312 0.373437 0.021875 0.018750
0 0.440625 0.373437 0.021875 0.018750
0 0.400000 0.373437 0.021875 0.018750
0 0.321875 0.373437 0.021875 0.018750
0 0.142187 0.373437 0.021875 0.018750
0 0.103125 0.373437 0.021875 0.018750
0 0.062500 0.373437 0.021875 0.018750
0 0.021875 0.373437 0.021875 0.018750
