10 0.764844 0.319531 0.098437 0.032813
10 0.289062 0.319531 0.050000 0.032813
9 0.670312 0.364844 0.003125 0.067187
9 0.170313 0.364844 0.003125 0.067187
12 0.949219 0.366406 0.023438 0.060937
15 0.916406 0.337500 0.017188 0.062500
9 0.908594 0.339062 0.001563 0.059375
12 0.852344 0.366406 0.023438 0.060937
9 0.813281 0.335938 0.001563 0.065625
9 0.764844 0.335938 0.001563 0.065625
9 0.716406 0.335938 0.001563 0.065625
12 0.590625 0.367188 0.015625 0.028125
12 0.546094 0.366406 0.023438 0.060937
15 0.513281 0.337500 0.017188 0.062500
9 0.505469 0.339062 0.001563 0.059375
12 0.449219 0.366406 0.023438 0.060937
15 0.417969 0.337500 0.017188 0.062500
9 0.410156 0.339062 0.001563 0.059375
12 0.352344 0.366406 0.023438 0.060937
9 0.313281 0.335938 0.001563 0.065625
9 0.264844 0.335938 0.001563 0.065625
12 0.207031 0.366406 0.023438 0.060937
12 0.090625 0.367188 0.015625 0.028125
12 0.046094 0.366406 0.023438 0.060937
15 0.014844 0.337500 0.017188 0.062500
9 0.007031 0.339062 0.001563 0.059375
0 0.992969 0.373437 0.014063 0.018750
0 0.900000 0.373437 0.021875 0.018750
0 0.803125 0.373437 0.021875 0.018750
0 0.754687 0.373437 0.021875 0.018750
0 0.706250 0.373437 0.021875 0.018750
0 0.496875 0.373437 0.021875 0.018750
0 0.400000 0.373437 0.021875 0.018750
0 0.303125 0.373437 0.021875 0.018750
0 0.254688 0.373437 0.021875 0.018750
0 0.003906 0.373437 0.007812 0.018750
