9 0.651563 0.364844 0.003125 0.067187
9 0.160938 0.364844 0.003125 0.067187
12 0.973437 0.367188 0.015625 0.028125
9 0.938281 0.342969 0.001563 0.051562
9 0.792969 0.342969 0.001563 0.051562
9 0.697656 0.342969 0.001563 0.051562
9 0.619531 0.342969 0.001563 0.051562
12 0.523438 0.367188 0.015625 0.028125
8 0.543750 0.356250 0.006250 0.006250
12 0.456250 0.367188 0.015625 0.028125
9 0.419531 0.342969 0.001563 0.051562
9 0.274219 0.342969 0.001563 0.051562
12 0.193750 0.367188 0.015625 0.028125
9 0.128906 0.342969 0.001563 0.051562
12 0.032813 0.367188 0.015625 0.028125
8 0.053125 0.356250 0.006250 0.006250
0 0.929688 0.373437 0.021875 0.018750
0 0.784375 0.373437 0.021875 0.018750
0 0.687500 0.373437 0.021875 0.018750
0 0.610938 0.373437 0.021875 0.018750
0 0.410938 0.373437 0.021875 0.018750
0 0.265625 0.373437 0.021875 0.018750
0 0.120313 0.373437 0.021875 0.018750
