10 0.676562 0.325781 0.037500 0.020313
10 0.298438 0.325781 0.037500 0.020313
9 0.860938 0.364844 0.003125 0.067187
9 0.482812 0.364844 0.003125 0.067187
9 0.160938 0.364844 0.003125 0.067187
9 0.802344 0.342969 0.001563 0.051562
12 0.717969 0.364844 0.017188 0.048438
9 0.694531 0.342187 0.001563 0.053125
9 0.658594 0.342187 0.001563 0.053125
12 0.595313 0.367188 0.015625 0.028125
9 0.528906 0.342969 0.001563 0.051562
9 0.424219 0.342969 0.001563 0.051562
12 0.339844 0.364844 0.017188 0.048438
9 0.316406 0.342187 0.001563 0.053125
9 0.280469 0.342187 0.001563 0.053125
12 0.196094 0.364844 0.017188 0.048438
9 0.102344 0.342969 0.001563 0.051562
12 0.017969 0.364844 0.017188 0.048438
0 0.793750 0.373437 0.021875 0.018750
0 0.684375 0.373437 0.021875 0.018750
0 0.648438 0.373437 0.021875 0.018750
0 0.520312 0.373437 0.021875 0.018750
0 0.414062 0.373437 0.021875 0.018750
0 0.306250 0.373437 0.021875 0.018750
0 0.270313 0.373437 0.021875 0.018750
0 0.093750 0.373437 0.021875 0.018750
