7 0.262500 0.366406 0.043750 0.114062
10 0.907031 0.325781 0.179688 0.020313
10 0.667969 0.325781 0.179688 0.020313
10 0.460156 0.325781 0.120313 0.020313
9 0.996094 0.342187 0.001563 0.053125
9 0.936719 0.342187 0.001563 0.053125
9 0.877344 0.342187 0.001563 0.053125
9 0.817969 0.342187 0.001563 0.053125
9 0.758594 0.342187 0.001563 0.053125
9 0.699219 0.342187 0.001563 0.053125
9 0.638281 0.342187 0.001563 0.053125
9 0.578906 0.342187 0.001563 0.053125
9 0.519531 0.342187 0.001563 0.053125
9 0.460156 0.342187 0.001563 0.053125
9 0.400781 0.342187 0.001563 0.053125
0 0.985938 0.373437 0.021875 0.018750
0 0.926562 0.373437 0.021875 0.018750
0 0.867188 0.373437 0.021875 0.018750
0 0.807813 0.373437 0.021875 0.018750
0 0.748437 0.373437 0.021875 0.018750
0 0.689063 0.373437 0.021875 0.018750
0 0.629687 0.373437 0.021875 0.018750
0 0.570312 0.373437 0.021875 0.018750
0 0.510938 0.373437 0.021875 0.018750
0 0.451562 0.373437 0.021875 0.018750
0 0.392188 0.373437 0.021875 0.018750
