10 0.659375 0.325781 0.068750 0.020313
10 0.270313 0.325781 0.068750 0.020313
9 0.860938 0.364844 0.003125 0.067187
9 0.471875 0.364844 0.003125 0.067187
9 0.082812 0.364844 0.003125 0.067187
9 0.830469 0.342969 0.001563 0.051562
12 0.760938 0.367188 0.015625 0.028125
8 0.779687 0.356250 0.006250 0.006250
12 0.714063 0.367188 0.015625 0.028125
9 0.692969 0.342187 0.001563 0.053125
9 0.660156 0.342187 0.001563 0.053125
9 0.625781 0.342187 0.001563 0.053125
9 0.550781 0.342969 0.001563 0.051562
9 0.441406 0.342969 0.001563 0.051562
12 0.370312 0.367188 0.015625 0.028125
8 0.390625 0.356250 0.006250 0.006250
12 0.323437 0.367188 0.015625 0.028125
9 0.303906 0.342187 0.001563 0.053125
9 0.269531 0.342187 0.001563 0.053125
9 0.236719 0.342187 0.001563 0.053125
9 0.128906 0.342969 0.001563 0.051562
9 0.050781 0.342969 0.001563 0.051562
8 0.002344 0.356250 0.004687 0.006250
0 0.821875 0.373437 0.021875 0.018750
0 0.682813 0.373437 0.021875 0.018750
0 0.650000 0.373437 0.021875 0.018750
0 0.617188 0.373437 0.021875 0.018750
0 0.542188 0.373437 0.021875 0.018750
0 0.431250 0.373437 0.021875 0.018750
0 0.293750 0.373437 0.021875 0.018750
0 0.260937 0.373437 0.021875 0.018750
0 0.228125 0.373437 0.021875 0.018750
0 0.118750 0.373437 0.021875 0.018750
0 0.042188 0.373437 0.021875 0.018750
