10 0.699219 0.319531 0.057813 0.032813
10 0.172656 0.319531 0.057813 0.032813
9 0.860938 0.364844 0.003125 0.067187
9 0.334375 0.364844 0.003125 0.067187
12 0.770312 0.367188 0.015625 0.028125
9 0.727344 0.335938 0.001563 0.065625
9 0.671094 0.335938 0.001563 0.065625
12 0.607031 0.366406 0.023438 0.060937
15 0.567969 0.337500 0.017188 0.062500
9 0.560156 0.339062 0.001563 0.059375
15 0.444531 0.337500 0.017188 0.062500
9 0.436719 0.339062 0.001563 0.059375
12 0.372656 0.366406 0.023438 0.060937
12 0.242188 0.367188 0.015625 0.028125
9 0.199219 0.335938 0.001563 0.065625
9 0.144531 0.335938 0.001563 0.065625
12 0.080469 0.366406 0.023438 0.060937
15 0.041406 0.337500 0.017188 0.062500
9 0.033594 0.339062 0.001563 0.059375
0 0.717187 0.373437 0.021875 0.018750
0 0.662500 0.373437 0.021875 0.018750
0 0.551562 0.373437 0.021875 0.018750
0 0.426563 0.373437 0.021875 0.018750
0 0.190625 0.373437 0.021875 0.018750
0 0.134375 0.373437 0.021875 0.018750
0 0.025000 0.373437 0.021875 0.018750
