10 0.667969 0.319531 0.048438 0.032813
10 0.144531 0.319531 0.048438 0.032813
9 0.860938 0.364844 0.003125 0.067187
9 0.339062 0.364844 0.003125 0.067187
12 0.824219 0.366406 0.023438 0.060937
15 0.794531 0.337500 0.017188 0.062500
9 0.786719 0.339062 0.001563 0.059375
12 0.730469 0.366406 0.023438 0.060937
9 0.691406 0.335938 0.001563 0.065625
9 0.644531 0.335938 0.001563 0.065625
8 0.584375 0.356250 0.006250 0.006250
12 0.516406 0.366406 0.023438 0.060937
15 0.486719 0.337500 0.017188 0.062500
9 0.478906 0.339062 0.001563 0.059375
12 0.422656 0.366406 0.023438 0.060937
15 0.392969 0.337500 0.017188 0.062500
9 0.385156 0.339062 0.001563 0.059375
12 0.300781 0.366406 0.023438 0.060937
15 0.271094 0.337500 0.017188 0.062500
9 0.263281 0.339062 0.001563 0.059375
12 0.207031 0.366406 0.023438 0.060937
9 0.169531 0.335938 0.001563 0.065625
9 0.121094 0.335938 0.001563 0.065625
8 0.060937 0.356250 0.006250 0.006250
0 0.776563 0.373437 0.021875 0.018750
0 0.682813 0.373437 0.021875 0.018750
0 0.635938 0.373437 0.021875 0.018750
0 0.468750 0.373437 0.021875 0.018750
0 0.375000 0.373437 0.021875 0.018750
0 0.253125 0.373437 0.021875 0.018750
0 0.159375 0.373437 0.021875 0.018750
0 0.112500 0.373437 0.021875 0.018750
