10 0.657031 0.319531 0.054688 0.032813
10 0.078906 0.319531 0.157812 0.032813
9 0.860938 0.364844 0.003125 0.067187
9 0.439063 0.364844 0.003125 0.067187
12 0.775000 0.367188 0.015625 0.028125
12 0.727344 0.366406 0.023438 0.060937
9 0.683594 0.335938 0.001563 0.065625
9 0.630469 0.335938 0.001563 0.065625
12 0.569531 0.366406 0.023438 0.060937
12 0.473438 0.367188 0.015625 0.028125
12 0.353125 0.367188 0.015625 0.028125
12 0.305469 0.366406 0.023438 0.060937
15 0.269531 0.337500 0.017188 0.062500
9 0.261719 0.339062 0.001563 0.059375
12 0.200781 0.366406 0.023438 0.060937
9 0.157031 0.335938 0.001563 0.065625
9 0.103906 0.335938 0.001563 0.065625
9 0.052344 0.335938 0.001563 0.065625
0 0.673438 0.373437 0.021875 0.018750
0 0.621875 0.373437 0.021875 0.018750
0 0.251563 0.373437 0.021875 0.018750
0 0.146875 0.373437 0.021875 0.018750
0 0.095312 0.373437 0.021875 0.018750
0 0.042188 0.373437 0.021875 0.018750
