10 0.672656 0.319531 0.129688 0.032813
10 0.503125 0.319531 0.043750 0.032813
10 0.163281 0.319531 0.129688 0.032813
10 0.007812 0.319531 0.015625 0.032813
9 0.860938 0.364844 0.003125 0.067187
9 0.351562 0.364844 0.003125 0.067187
15 0.839844 0.337500 0.017188 0.062500
9 0.832031 0.339062 0.001563 0.059375
9 0.736719 0.335938 0.001563 0.065625
9 0.694531 0.335938 0.001563 0.065625
9 0.652344 0.335938 0.001563 0.065625
9 0.608594 0.335938 0.001563 0.065625
12 0.558594 0.366406 0.023438 0.060937
9 0.524219 0.335938 0.001563 0.065625
9 0.482031 0.335938 0.001563 0.065625
12 0.432031 0.366406 0.023438 0.060937
15 0.405469 0.337500 0.017188 0.062500
9 0.397656 0.339062 0.001563 0.059375
15 0.328906 0.337500 0.017188 0.062500
9 0.321094 0.339062 0.001563 0.059375
9 0.225781 0.335938 0.001563 0.065625
9 0.183594 0.335938 0.001563 0.065625
9 0.141406 0.335938 0.001563 0.065625
9 0.099219 0.335938 0.001563 0.065625
12 0.047656 0.366406 0.023438 0.060937
9 0.014844 0.335938 0.001563 0.065625
0 0.821875 0.373437 0.021875 0.018750
0 0.726562 0.373437 0.021875 0.018750
0 0.684375 0.373437 0.021875 0.018750
0 0.642188 0.373437 0.021875 0.018750
0 0.600000 0.373437 0.021875 0.018750
0 0.515625 0.373437 0.021875 0.018750
0 0.473438 0.373437 0.021875 0.018750
0 0.387500 0.373437 0.021875 0.018750
0 0.312500 0.373437 0.021875 0.018750
0 0.217188 0.373437 0.021875 0.018750
0 0.175000 0.373437 0.021875 0.018750
0 0.132812 0.373437 0.021875 0.018750
0 0.089063 0.373437 0.021875 0.018750
0 0.007812 0.373437 0.015625 0.018750
