7 0.262500 0.096094 0.043750 0.114062
10 0.979688 0.027344 0.018750 0.042188
10 0.910937 0.036719 0.018750 0.042188
10 0.842187 0.045312 0.018750 0.040625
10 0.773438 0.052344 0.018750 0.039062
10 0.603125 0.060937 0.018750 0.043750
10 0.526563 0.067969 0.018750 0.054688
10 0.457813 0.075000 0.018750 0.046875
10 0.389062 0.074219 0.018750 0.042188
9 0.231250 0.064062 0.003125 0.128125
9 0.682813 0.064062 0.003125 0.128125
9 0.988281 0.031250 0.001563 0.043750
9 0.971094 0.054688 0.001563 0.059375
9 0.919531 0.039062 0.001563 0.043750
9 0.902344 0.062500 0.001563 0.059375
9 0.939844 0.075000 0.001563 0.050000
9 0.850781 0.047656 0.001563 0.042188
9 0.833594 0.071875 0.001563 0.059375
9 0.871094 0.075000 0.001563 0.050000
9 0.782031 0.057031 0.001563 0.042188
9 0.764844 0.079687 0.001563 0.059375
9 0.802344 0.075000 0.001563 0.050000
9 0.613281 0.062500 0.001563 0.043750
9 0.594531 0.087500 0.001563 0.059375
9 0.633594 0.075000 0.001563 0.050000
9 0.535156 0.068750 0.001563 0.050000
9 0.517969 0.096875 0.001563 0.059375
9 0.564844 0.075000 0.001563 0.050000
9 0.466406 0.078125 0.001563 0.046875
9 0.449219 0.103906 0.001563 0.060937
9 0.496094 0.075000 0.001563 0.050000
9 0.397656 0.082812 0.001563 0.053125
9 0.380469 0.106250 0.001563 0.068750
9 0.427344 0.075000 0.001563 0.050000
0 0.982812 0.053906 0.012500 0.010937
0 0.964063 0.086719 0.012500 0.010937
0 0.994531 0.103125 0.010937 0.018750
0 0.914062 0.063281 0.012500 0.010937
0 0.895312 0.094531 0.012500 0.010937
0 0.931250 0.103125 0.021875 0.018750
0 0.845313 0.071094 0.012500 0.010937
0 0.826562 0.102344 0.012500 0.010937
0 0.862500 0.103125 0.021875 0.018750
0 0.776563 0.078906 0.012500 0.010937
0 0.757812 0.111719 0.012500 0.010937
0 0.793750 0.103125 0.021875 0.018750
0 0.606250 0.086719 0.012500 0.010937
0 0.589063 0.119531 0.012500 0.010937
0 0.623437 0.103125 0.021875 0.018750
0 0.529687 0.094531 0.012500 0.010937
0 0.510938 0.127344 0.012500 0.010937
0 0.554688 0.103125 0.021875 0.018750
0 0.460938 0.102344 0.012500 0.010937
0 0.442188 0.135156 0.012500 0.010937
0 0.485938 0.103125 0.021875 0.018750
0 0.392188 0.111719 0.012500 0.010937
0 0.373437 0.142969 0.012500 0.010937
0 0.417187 0.103125 0.021875 0.018750
