7 0.262500 0.366406 0.043750 0.114062
10 0.920312 0.325781 0.078125 0.020313
10 0.554688 0.325781 0.115625 0.020313
10 0.440625 0.325781 0.040625 0.020313
9 0.796875 0.364844 0.003125 0.067187
9 0.996094 0.342187 0.001563 0.053125
9 0.957031 0.342187 0.001563 0.053125
9 0.919531 0.342187 0.001563 0.053125
9 0.882031 0.342187 0.001563 0.053125
9 0.766406 0.342969 0.001563 0.051562
9 0.686719 0.342969 0.001563 0.051562
9 0.610156 0.342187 0.001563 0.053125
9 0.572656 0.342187 0.001563 0.053125
9 0.535156 0.342187 0.001563 0.053125
9 0.497656 0.342187 0.001563 0.053125
9 0.458594 0.342187 0.001563 0.053125
9 0.421094 0.342187 0.001563 0.053125
9 0.341406 0.342969 0.001563 0.051562
0 0.985938 0.373437 0.021875 0.018750
0 0.948438 0.373437 0.021875 0.018750
0 0.910937 0.373437 0.021875 0.018750
0 0.871875 0.373437 0.021875 0.018750
0 0.757812 0.373437 0.021875 0.018750
0 0.678125 0.373437 0.021875 0.018750
0 0.601562 0.373437 0.021875 0.018750
0 0.564063 0.373437 0.021875 0.018750
0 0.525000 0.373437 0.021875 0.018750
0 0.487500 0.373437 0.021875 0.018750
0 0.450000 0.373437 0.021875 0.018750
0 0.412500 0.373437 0.021875 0.018750
0 0.332813 0.373437 0.021875 0.018750
