10 0.749219 0.319531 0.054688 0.032813
10 0.435156 0.319531 0.054688 0.032813
10 0.250781 0.319531 0.054688 0.032813
9 0.860938 0.364844 0.003125 0.067187
9 0.362500 0.364844 0.003125 0.067187
12 0.819531 0.366406 0.023438 0.060937
9 0.775781 0.335938 0.001563 0.065625
9 0.722656 0.335938 0.001563 0.065625
12 0.661719 0.366406 0.023438 0.060937
12 0.565625 0.367188 0.015625 0.028125
9 0.460156 0.335938 0.001563 0.065625
9 0.408594 0.335938 0.001563 0.065625
12 0.319531 0.366406 0.023438 0.060937
9 0.275781 0.335938 0.001563 0.065625
9 0.224219 0.335938 0.001563 0.065625
12 0.163281 0.366406 0.023438 0.060937
12 0.065625 0.367188 0.015625 0.028125
0 0.765625 0.373437 0.021875 0.018750
0 0.714063 0.373437 0.021875 0.018750
0 0.451562 0.373437 0.021875 0.018750
0 0.398438 0.373437 0.021875 0.018750
0 0.267188 0.373437 0.021875 0.018750
0 0.214062 0.373437 0.021875 0.018750
