10 0.975000 0.319531 0.050000 0.032813
10 0.777344 0.319531 0.051562 0.032813
10 0.464844 0.319531 0.051562 0.032813
9 0.657813 0.364844 0.003125 0.067187
9 0.145313 0.364844 0.003125 0.067187
9 0.950781 0.335938 0.001563 0.065625
12 0.892969 0.366406 0.023438 0.060937
12 0.844531 0.366406 0.023438 0.060937
9 0.802344 0.335938 0.001563 0.065625
9 0.752344 0.335938 0.001563 0.065625
12 0.694531 0.366406 0.023438 0.060937
12 0.576562 0.367188 0.015625 0.028125
12 0.530469 0.366406 0.023438 0.060937
9 0.488281 0.335938 0.001563 0.065625
9 0.439844 0.335938 0.001563 0.065625
12 0.382031 0.366406 0.023438 0.060937
12 0.332031 0.366406 0.023438 0.060937
15 0.297656 0.337500 0.017188 0.062500
9 0.289844 0.339062 0.001563 0.059375
12 0.232031 0.366406 0.023438 0.060937
15 0.199219 0.337500 0.017188 0.062500
9 0.191406 0.339062 0.001563 0.059375
12 0.064062 0.367188 0.015625 0.028125
12 0.017969 0.366406 0.023438 0.060937
0 0.990625 0.373437 0.018750 0.018750
0 0.942187 0.373437 0.021875 0.018750
0 0.793750 0.373437 0.021875 0.018750
0 0.743750 0.373437 0.021875 0.018750
0 0.479687 0.373437 0.021875 0.018750
0 0.429688 0.373437 0.021875 0.018750
0 0.281250 0.373437 0.021875 0.018750
0 0.182812 0.373437 0.021875 0.018750
