10 0.624219 0.325781 0.042188 0.020313
10 0.178906 0.325781 0.042188 0.020313
9 0.860938 0.364844 0.003125 0.067187
9 0.500000 0.364844 0.003125 0.067187
9 0.112500 0.364844 0.003125 0.067187
12 0.786719 0.364844 0.017188 0.048438
9 0.757031 0.342969 0.001563 0.051562
12 0.673438 0.367188 0.015625 0.028125
8 0.692187 0.356250 0.006250 0.006250
9 0.644531 0.342187 0.001563 0.053125
9 0.603906 0.342187 0.001563 0.053125
12 0.532813 0.367188 0.015625 0.028125
12 0.424219 0.364844 0.017188 0.048438
9 0.394531 0.342969 0.001563 0.051562
12 0.310937 0.367188 0.015625 0.028125
8 0.331250 0.356250 0.006250 0.006250
9 0.282031 0.342969 0.001563 0.051562
9 0.200781 0.342187 0.001563 0.053125
9 0.158594 0.342187 0.001563 0.053125
12 0.038281 0.364844 0.017188 0.048438
9 0.008594 0.342969 0.001563 0.051562
0 0.746875 0.373437 0.021875 0.018750
0 0.635938 0.373437 0.021875 0.018750
0 0.593750 0.373437 0.021875 0.018750
0 0.385937 0.373437 0.021875 0.018750
0 0.273438 0.373437 0.021875 0.018750
0 0.190625 0.373437 0.021875 0.018750
0 0.150000 0.373437 0.021875 0.018750
0 0.004687 0.373437 0.009375 0.018750
