10 0.621875 0.319531 0.046875 0.032813
10 0.239063 0.319531 0.046875 0.032813
10 0.121875 0.319531 0.046875 0.032813
9 0.670312 0.364844 0.003125 0.067187
9 0.170313 0.364844 0.003125 0.067187
12 0.899219 0.366406 0.023438 0.060937
15 0.869531 0.337500 0.017188 0.062500
9 0.861719 0.339062 0.001563 0.059375
12 0.808594 0.366406 0.023438 0.060937
15 0.780469 0.337500 0.017188 0.062500
9 0.772656 0.339062 0.001563 0.059375
9 0.642969 0.335938 0.001563 0.065625
9 0.599219 0.335938 0.001563 0.065625
12 0.544531 0.366406 0.023438 0.060937
15 0.516406 0.337500 0.017188 0.062500
9 0.508594 0.339062 0.001563 0.059375
12 0.399219 0.366406 0.023438 0.060937
15 0.369531 0.337500 0.017188 0.062500
9 0.361719 0.339062 0.001563 0.059375
9 0.261719 0.335938 0.001563 0.065625
9 0.216406 0.335938 0.001563 0.065625
9 0.142969 0.335938 0.001563 0.065625
9 0.099219 0.335938 0.001563 0.065625
12 0.044531 0.366406 0.023438 0.060937
15 0.016406 0.337500 0.017188 0.062500
9 0.008594 0.339062 0.001563 0.059375
0 0.993750 0.373437 0.012500 0.018750
0 0.853125 0.373437 0.021875 0.018750
0 0.762500 0.373437 0.021875 0.018750
0 0.634375 0.373437 0.021875 0.018750
0 0.589063 0.373437 0.021875 0.018750
0 0.500000 0.373437 0.021875 0.018750
0 0.353125 0.373437 0.021875 0.018750
0 0.251563 0.373437 0.021875 0.018750
0 0.206250 0.373437 0.021875 0.018750
0 0.134375 0.373437 0.021875 0.018750
0 0.089063 0.373437 0.021875 0.018750
0 0.005469 0.373437 0.010937 0.018750
