10 0.932031 0.251563 0.032813 0.021875
10 0.863281 0.259375 0.032813 0.021875
10 0.683594 0.268750 0.032813 0.021875
10 0.613281 0.276562 0.032813 0.021875
10 0.544531 0.284375 0.032813 0.021875
10 0.475781 0.292187 0.032813 0.021875
10 0.307031 0.300000 0.032813 0.021875
10 0.238281 0.307812 0.032813 0.021875
10 0.169531 0.317188 0.032813 0.021875
10 0.100781 0.323437 0.032813 0.021875
10 0.960156 0.428125 0.026562 0.031250
10 0.891406 0.435937 0.026562 0.031250
10 0.710156 0.443750 0.023438 0.031250
10 0.641406 0.451562 0.023438 0.031250
10 0.572656 0.460938 0.023438 0.031250
10 0.503906 0.468750 0.023438 0.031250
10 0.333594 0.476562 0.023438 0.031250
10 0.264844 0.484375 0.023438 0.031250
10 0.196094 0.485156 0.023438 0.029687
10 0.127344 0.500000 0.023438 0.031250
10 0.985156 0.605469 0.026562 0.039062
10 0.916406 0.613281 0.026562 0.039062
10 0.731250 0.621875 0.021875 0.040625
10 0.662500 0.629687 0.021875 0.040625
10 0.593750 0.637500 0.021875 0.040625
10 0.525000 0.645312 0.021875 0.040625
10 0.354687 0.652344 0.018750 0.042188
10 0.285938 0.661719 0.018750 0.042188
10 0.217188 0.670312 0.018750 0.040625
10 0.148438 0.677344 0.018750 0.039062
9 0.817187 0.542188 0.003125 0.421875
9 0.434375 0.542188 0.003125 0.421875
9 0.057813 0.542188 0.003125 0.421875
9 0.997656 0.609375 0.001563 0.040625
9 0.972656 0.632812 0.001563 0.056250
9 0.928906 0.617188 0.001563 0.040625
9 0.903906 0.640625 0.001563 0.056250
9 0.953906 0.700000 0.001563 0.050000
9 0.742969 0.624219 0.001563 0.042188
9 0.721094 0.649219 0.001563 0.057813
9 0.766406 0.700000 0.001563 0.050000
9 0.674219 0.632031 0.001563 0.042188
9 0.652344 0.657031 0.001563 0.057813
9 0.697656 0.700000 0.001563 0.050000
9 0.605469 0.641406 0.001563 0.042188
9 0.583594 0.664844 0.001563 0.057813
9 0.628906 0.700000 0.001563 0.050000
9 0.536719 0.649219 0.001563 0.042188
9 0.514844 0.672656 0.001563 0.057813
9 0.560156 0.700000 0.001563 0.050000
9 0.363281 0.656250 0.001563 0.043750
9 0.346094 0.679688 0.001563 0.059375
9 0.385156 0.700000 0.001563 0.050000
9 0.294531 0.664062 0.001563 0.043750
9 0.277344 0.687500 0.001563 0.059375
9 0.314844 0.700000 0.001563 0.050000
9 0.225781 0.672656 0.001563 0.042188
9 0.208594 0.696875 0.001563 0.059375
9 0.246094 0.700000 0.001563 0.050000
9 0.157031 0.682031 0.001563 0.042188
9 0.139844 0.704688 0.001563 0.059375
9 0.177344 0.700000 0.001563 0.050000
9 0.008594 0.700000 0.001563 0.050000
9 0.972656 0.431250 0.001563 0.031250
9 0.947656 0.455469 0.001563 0.048438
9 0.903906 0.439063 0.001563 0.031250
9 0.878906 0.463281 0.001563 0.048438
9 0.953906 0.518750 0.001563 0.050000
9 0.721094 0.447656 0.001563 0.032813
9 0.699219 0.471094 0.001563 0.048438
9 0.766406 0.518750 0.001563 0.050000
9 0.652344 0.455469 0.001563 0.032813
9 0.630469 0.478906 0.001563 0.048438
9 0.697656 0.518750 0.001563 0.050000
9 0.583594 0.463281 0.001563 0.032813
9 0.561719 0.486719 0.001563 0.048438
9 0.628906 0.518750 0.001563 0.050000
9 0.514844 0.471094 0.001563 0.032813
9 0.492969 0.496094 0.001563 0.048438
9 0.560156 0.518750 0.001563 0.050000
9 0.346094 0.478906 0.001563 0.032813
9 0.322656 0.503906 0.001563 0.048438
9 0.385156 0.518750 0.001563 0.050000
9 0.277344 0.488281 0.001563 0.032813
9 0.253906 0.511719 0.001563 0.048438
9 0.314844 0.518750 0.001563 0.050000
9 0.208594 0.492969 0.001563 0.039062
9 0.185156 0.517188 0.001563 0.056250
9 0.246094 0.518750 0.001563 0.050000
9 0.139844 0.502344 0.001563 0.032813
9 0.116406 0.528125 0.001563 0.050000
9 0.177344 0.518750 0.001563 0.050000
9 0.008594 0.518750 0.001563 0.050000
9 0.947656 0.258594 0.001563 0.029687
9 0.916406 0.282813 0.001563 0.046875
9 0.878906 0.266406 0.001563 0.029687
9 0.847656 0.290625 0.001563 0.046875
9 0.953906 0.345313 0.001563 0.050000
9 0.699219 0.274219 0.001563 0.029687
9 0.667969 0.298438 0.001563 0.046875
9 0.766406 0.345313 0.001563 0.050000
9 0.630469 0.282031 0.001563 0.029687
9 0.597656 0.307812 0.001563 0.046875
9 0.697656 0.345313 0.001563 0.050000
9 0.561719 0.289844 0.001563 0.029687
9 0.528906 0.315625 0.001563 0.046875
9 0.628906 0.345313 0.001563 0.050000
9 0.492969 0.299219 0.001563 0.029687
9 0.460156 0.323437 0.001563 0.046875
9 0.560156 0.345313 0.001563 0.050000
9 0.322656 0.307031 0.001563 0.029687
9 0.291406 0.331250 0.001563 0.046875
9 0.385156 0.345313 0.001563 0.050000
9 0.253906 0.314844 0.001563 0.029687
9 0.222656 0.339062 0.001563 0.046875
9 0.314844 0.345313 0.001563 0.050000
9 0.185156 0.322656 0.001563 0.029687
9 0.153906 0.346875 0.001563 0.046875
9 0.246094 0.345313 0.001563 0.050000
9 0.116406 0.331250 0.001563 0.031250
9 0.085156 0.354687 0.001563 0.046875
9 0.177344 0.345313 0.001563 0.050000
9 0.008594 0.345313 0.001563 0.050000
0 0.990625 0.630469 0.012500 0.010937
0 0.967187 0.663281 0.012500 0.010937
0 0.921875 0.639844 0.012500 0.010937
0 0.898438 0.671094 0.012500 0.010937
0 0.943750 0.728125 0.021875 0.018750
0 0.735938 0.647656 0.012500 0.010937
0 0.715625 0.678906 0.012500 0.010937
0 0.757812 0.728125 0.021875 0.018750
0 0.667188 0.655469 0.012500 0.010937
0 0.646875 0.688281 0.012500 0.010937
0 0.689063 0.728125 0.021875 0.018750
0 0.598437 0.663281 0.012500 0.010937
0 0.578125 0.696094 0.012500 0.010937
0 0.620313 0.728125 0.021875 0.018750
0 0.529687 0.671094 0.012500 0.010937
0 0.509375 0.703906 0.012500 0.010937
0 0.551562 0.728125 0.021875 0.018750
0 0.357812 0.678906 0.012500 0.010937
0 0.339062 0.711719 0.012500 0.010937
0 0.375000 0.728125 0.021875 0.018750
0 0.289062 0.688281 0.012500 0.010937
0 0.270313 0.719531 0.012500 0.010937
0 0.306250 0.728125 0.021875 0.018750
0 0.220312 0.696094 0.012500 0.010937
0 0.201563 0.727344 0.012500 0.010937
0 0.237500 0.728125 0.021875 0.018750
0 0.151562 0.703906 0.012500 0.010937
0 0.132812 0.736719 0.012500 0.010937
0 0.168750 0.728125 0.021875 0.018750
0 0.004687 0.728125 0.009375 0.018750
0 0.967187 0.449219 0.012500 0.010937
0 0.942187 0.482031 0.012500 0.010937
0 0.898438 0.457031 0.012500 0.010937
0 0.873437 0.489844 0.012500 0.010937
0 0.943750 0.546875 0.021875 0.018750
0 0.715625 0.464844 0.012500 0.010937
0 0.692187 0.497656 0.012500 0.010937
0 0.757812 0.546875 0.021875 0.018750
0 0.646875 0.472656 0.012500 0.010937
0 0.623437 0.505469 0.012500 0.010937
0 0.689063 0.546875 0.021875 0.018750
0 0.578125 0.482031 0.012500 0.010937
0 0.554688 0.513281 0.012500 0.010937
0 0.620313 0.546875 0.021875 0.018750
0 0.509375 0.489844 0.012500 0.010937
0 0.485938 0.521094 0.012500 0.010937
0 0.551562 0.546875 0.021875 0.018750
0 0.339062 0.497656 0.012500 0.010937
0 0.317188 0.530469 0.012500 0.010937
0 0.375000 0.546875 0.021875 0.018750
0 0.270313 0.505469 0.012500 0.010937
0 0.248438 0.538281 0.012500 0.010937
0 0.306250 0.546875 0.021875 0.018750
0 0.201563 0.513281 0.012500 0.010937
0 0.179688 0.546094 0.012500 0.010937
0 0.237500 0.546875 0.021875 0.018750
0 0.132812 0.521094 0.012500 0.010937
0 0.110937 0.553906 0.012500 0.010937
0 0.168750 0.546875 0.021875 0.018750
0 0.004687 0.546875 0.009375 0.018750
0 0.942187 0.275781 0.012500 0.010937
0 0.909375 0.308594 0.012500 0.010937
0 0.873437 0.283594 0.012500 0.010937
0 0.840625 0.316406 0.012500 0.010937
0 0.943750 0.373437 0.021875 0.018750
0 0.692187 0.291406 0.012500 0.010937
0 0.660937 0.324219 0.012500 0.010937
0 0.757812 0.373437 0.021875 0.018750
0 0.623437 0.299219 0.012500 0.010937
0 0.592187 0.332031 0.012500 0.010937
0 0.689063 0.373437 0.021875 0.018750
0 0.554688 0.308594 0.012500 0.010937
0 0.523438 0.339844 0.012500 0.010937
0 0.620313 0.373437 0.021875 0.018750
0 0.485938 0.316406 0.012500 0.010937
0 0.454688 0.347656 0.012500 0.010937
0 0.551562 0.373437 0.021875 0.018750
0 0.317188 0.324219 0.012500 0.010937
0 0.284375 0.357031 0.012500 0.010937
0 0.375000 0.373437 0.021875 0.018750
0 0.248438 0.332031 0.012500 0.010937
0 0.215625 0.364844 0.012500 0.010937
0 0.306250 0.373437 0.021875 0.018750
0 0.179688 0.339844 0.012500 0.010937
0 0.146875 0.372656 0.012500 0.010937
0 0.237500 0.373437 0.021875 0.018750
0 0.110937 0.347656 0.012500 0.010937
0 0.078125 0.380469 0.012500 0.010937
0 0.168750 0.373437 0.021875 0.018750
0 0.004687 0.373437 0.009375 0.018750
