10 0.302344 0.017969 0.604688 0.032813
10 0.433594 0.173437 0.867188 0.043750
10 0.499219 0.328125 0.998437 0.056250
9 0.997656 0.344531 0.001563 0.089063
9 0.866406 0.344531 0.001563 0.089063
9 0.735156 0.344531 0.001563 0.089063
9 0.603906 0.344531 0.001563 0.089063
9 0.472656 0.344531 0.001563 0.089063
9 0.341406 0.344531 0.001563 0.089063
9 0.210156 0.344531 0.001563 0.089063
9 0.078906 0.344531 0.001563 0.089063
9 0.866406 0.190625 0.001563 0.078125
9 0.603906 0.190625 0.001563 0.078125
9 0.341406 0.190625 0.001563 0.078125
9 0.078906 0.190625 0.001563 0.078125
9 0.603906 0.034375 0.001563 0.065625
9 0.078906 0.034375 0.001563 0.065625
0 0.987500 0.393750 0.021875 0.018750
0 0.856250 0.393750 0.021875 0.018750
0 0.725000 0.393750 0.021875 0.018750
0 0.595313 0.393750 0.021875 0.018750
0 0.464062 0.393750 0.021875 0.018750
0 0.332813 0.393750 0.021875 0.018750
0 0.201563 0.393750 0.021875 0.018750
0 0.070312 0.393750 0.021875 0.018750
0 0.856250 0.232813 0.021875 0.018750
0 0.595313 0.232813 0.021875 0.018750
0 0.332813 0.232813 0.021875 0.018750
0 0.070312 0.232813 0.021875 0.018750
0 0.595313 0.070312 0.021875 0.018750
0 0.070312 0.070312 0.021875 0.018750
