10 0.386719 0.325781 0.232813 0.020313
9 0.779687 0.364844 0.003125 0.067187
9 0.225000 0.364844 0.003125 0.067187
9 0.985156 0.342969 0.001563 0.051562
12 0.813281 0.364844 0.017188 0.048438
8 0.832812 0.356250 0.006250 0.006250
9 0.705469 0.342969 0.001563 0.051562
12 0.628125 0.367188 0.015625 0.028125
9 0.547656 0.342969 0.001563 0.051562
9 0.502344 0.342187 0.001563 0.053125
9 0.455469 0.342187 0.001563 0.053125
9 0.408594 0.342187 0.001563 0.053125
9 0.363281 0.342187 0.001563 0.053125
9 0.316406 0.342187 0.001563 0.053125
9 0.271094 0.342187 0.001563 0.053125
9 0.150781 0.342969 0.001563 0.051562
12 0.073438 0.367188 0.015625 0.028125
0 0.975000 0.373437 0.021875 0.018750
0 0.695312 0.373437 0.021875 0.018750
0 0.539062 0.373437 0.021875 0.018750
0 0.492188 0.373437 0.021875 0.018750
0 0.446875 0.373437 0.021875 0.018750
0 0.400000 0.373437 0.021875 0.018750
0 0.353125 0.373437 0.021875 0.018750
0 0.307812 0.373437 0.021875 0.018750
0 0.260937 0.373437 0.021875 0.018750
0 0.142187 0.373437 0.021875 0.018750
