10 0.541406 0.325781 0.039062 0.020313
9 0.860938 0.364844 0.003125 0.067187
9 0.476562 0.364844 0.003125 0.067187
9 0.085938 0.364844 0.003125 0.067187
12 0.794531 0.364844 0.017188 0.048438
9 0.727344 0.342969 0.001563 0.051562
9 0.649219 0.342969 0.001563 0.051562
12 0.584375 0.367188 0.015625 0.028125
9 0.558594 0.342187 0.001563 0.053125
9 0.522656 0.342187 0.001563 0.053125
12 0.408594 0.364844 0.017188 0.048438
9 0.341406 0.342969 0.001563 0.051562
9 0.263281 0.342969 0.001563 0.051562
12 0.198437 0.367188 0.015625 0.028125
9 0.169531 0.342969 0.001563 0.051562
12 0.017969 0.364844 0.017188 0.048438
0 0.718750 0.373437 0.021875 0.018750
0 0.639062 0.373437 0.021875 0.018750
0 0.550000 0.373437 0.021875 0.018750
0 0.512500 0.373437 0.021875 0.018750
0 0.332813 0.373437 0.021875 0.018750
0 0.253125 0.373437 0.021875 0.018750
0 0.159375 0.373437 0.021875 0.018750
