10 0.435156 0.319531 0.054688 0.032813
9 0.860938 0.364844 0.003125 0.067187
9 0.362500 0.364844 0.003125 0.067187
12 0.819531 0.366406 0.023438 0.060937
15 0.783594 0.337500 0.017188 0.062500
9 0.775781 0.339062 0.001563 0.059375
15 0.666406 0.337500 0.017188 0.062500
9 0.658594 0.339062 0.001563 0.059375
8 0.589063 0.356250 0.006250 0.006250
9 0.460156 0.335938 0.001563 0.065625
9 0.408594 0.335938 0.001563 0.065625
12 0.319531 0.366406 0.023438 0.060937
15 0.283594 0.337500 0.017188 0.062500
9 0.275781 0.339062 0.001563 0.059375
15 0.166406 0.337500 0.017188 0.062500
9 0.158594 0.339062 0.001563 0.059375
8 0.090625 0.356250 0.006250 0.006250
0 0.767188 0.373437 0.021875 0.018750
0 0.648438 0.373437 0.021875 0.018750
0 0.451562 0.373437 0.021875 0.018750
0 0.398438 0.373437 0.021875 0.018750
0 0.267188 0.373437 0.021875 0.018750
0 0.148438 0.373437 0.021875 0.018750
