7 0.262500 0.366406 0.043750 0.114062
10 0.928125 0.325781 0.040625 0.020313
10 0.553125 0.325781 0.040625 0.020313
9 0.670312 0.364844 0.003125 0.067187
12 0.974219 0.364844 0.017188 0.048438
9 0.947656 0.342187 0.001563 0.053125
9 0.908594 0.342187 0.001563 0.053125
12 0.840625 0.367188 0.015625 0.028125
12 0.785937 0.367188 0.015625 0.028125
9 0.755469 0.342969 0.001563 0.051562
12 0.599219 0.364844 0.017188 0.048438
9 0.572656 0.342187 0.001563 0.053125
9 0.533594 0.342187 0.001563 0.053125
12 0.465625 0.367188 0.015625 0.028125
12 0.409375 0.367188 0.015625 0.028125
9 0.341406 0.342969 0.001563 0.051562
0 0.937500 0.373437 0.021875 0.018750
0 0.898438 0.373437 0.021875 0.018750
0 0.746875 0.373437 0.021875 0.018750
0 0.562500 0.373437 0.021875 0.018750
0 0.523438 0.373437 0.021875 0.018750
0 0.332813 0.373437 0.021875 0.018750
