10 0.827344 0.319531 0.051562 0.032813
10 0.514844 0.319531 0.101562 0.032813
10 0.314844 0.319531 0.051562 0.032813
10 0.045312 0.319531 0.090625 0.032813
9 0.657813 0.364844 0.003125 0.067187
9 0.182812 0.364844 0.003125 0.067187
9 0.977344 0.335938 0.001563 0.065625
8 0.914062 0.356250 0.006250 0.006250
9 0.852344 0.335938 0.001563 0.065625
9 0.802344 0.335938 0.001563 0.065625
12 0.744531 0.366406 0.023438 0.060937
15 0.711719 0.337500 0.017188 0.062500
9 0.703906 0.339062 0.001563 0.059375
9 0.564844 0.335938 0.001563 0.065625
9 0.514844 0.335938 0.001563 0.065625
9 0.464844 0.335938 0.001563 0.065625
8 0.401562 0.356250 0.006250 0.006250
9 0.339844 0.335938 0.001563 0.065625
9 0.289844 0.335938 0.001563 0.065625
9 0.089844 0.335938 0.001563 0.065625
9 0.039844 0.335938 0.001563 0.065625
0 0.968750 0.373437 0.021875 0.018750
0 0.842187 0.373437 0.021875 0.018750
0 0.793750 0.373437 0.021875 0.018750
0 0.693750 0.373437 0.021875 0.018750
0 0.554688 0.373437 0.021875 0.018750
0 0.506250 0.373437 0.021875 0.018750
0 0.456250 0.373437 0.021875 0.018750
0 0.331250 0.373437 0.021875 0.018750
0 0.281250 0.373437 0.021875 0.018750
0 0.079687 0.373437 0.021875 0.018750
0 0.031250 0.373437 0.021875 0.018750
