10 0.800781 0.319531 0.082812 0.032813
10 0.660156 0.319531 0.042188 0.032813
10 0.458594 0.319531 0.042188 0.032813
10 0.291406 0.319531 0.082812 0.032813
10 0.150781 0.319531 0.042188 0.032813
9 0.860938 0.364844 0.003125 0.067187
9 0.351562 0.364844 0.003125 0.067187
9 0.839844 0.335938 0.001563 0.065625
9 0.800781 0.335938 0.001563 0.065625
9 0.760156 0.335938 0.001563 0.065625
12 0.711719 0.366406 0.023438 0.060937
9 0.680469 0.335938 0.001563 0.065625
9 0.639844 0.335938 0.001563 0.065625
12 0.591406 0.366406 0.023438 0.060937
15 0.566406 0.337500 0.017188 0.062500
9 0.558594 0.339062 0.001563 0.059375
12 0.510156 0.366406 0.023438 0.060937
9 0.478906 0.335938 0.001563 0.065625
9 0.438281 0.335938 0.001563 0.065625
12 0.389844 0.366406 0.023438 0.060937
9 0.330469 0.335938 0.001563 0.065625
9 0.291406 0.335938 0.001563 0.065625
9 0.250781 0.335938 0.001563 0.065625
12 0.202344 0.366406 0.023438 0.060937
9 0.171094 0.335938 0.001563 0.065625
9 0.130469 0.335938 0.001563 0.065625
12 0.082031 0.366406 0.023438 0.060937
15 0.057031 0.337500 0.017188 0.062500
9 0.049219 0.339062 0.001563 0.059375
12 0.006250 0.366406 0.012500 0.060937
0 0.831250 0.373437 0.021875 0.018750
0 0.790625 0.373437 0.021875 0.018750
0 0.750000 0.373437 0.021875 0.018750
0 0.670312 0.373437 0.021875 0.018750
0 0.629687 0.373437 0.021875 0.018750
0 0.550000 0.373437 0.021875 0.018750
0 0.468750 0.373437 0.021875 0.018750
0 0.429688 0.373437 0.021875 0.018750
0 0.321875 0.373437 0.021875 0.018750
0 0.281250 0.373437 0.021875 0.018750
0 0.240625 0.373437 0.021875 0.018750
0 0.160938 0.373437 0.021875 0.018750
0 0.120313 0.373437 0.021875 0.018750
0 0.040625 0.373437 0.021875 0.018750
