7 0.262500 0.366406 0.043750 0.114062
10 0.882812 0.325781 0.062500 0.020313
10 0.674219 0.325781 0.182812 0.020313
14 0.806250 0.364844 0.003125 0.067187
9 0.913281 0.342187 0.001563 0.053125
9 0.852344 0.342187 0.001563 0.053125
9 0.764844 0.342187 0.001563 0.053125
9 0.703906 0.342187 0.001563 0.053125
9 0.644531 0.342187 0.001563 0.053125
9 0.583594 0.342187 0.001563 0.053125
9 0.522656 0.342969 0.001563 0.051562
9 0.402344 0.342969 0.001563 0.051562
0 0.904687 0.373437 0.021875 0.018750
0 0.843750 0.373437 0.021875 0.018750
0 0.756250 0.373437 0.021875 0.018750
0 0.695312 0.373437 0.021875 0.018750
0 0.634375 0.373437 0.021875 0.018750
0 0.573438 0.373437 0.021875 0.018750
0 0.514062 0.373437 0.021875 0.018750
0 0.392188 0.373437 0.021875 0.018750
