10 0.652344 0.325781 0.035937 0.020313
10 0.550000 0.325781 0.103125 0.020313
10 0.264844 0.325781 0.035937 0.020313
10 0.180469 0.325781 0.070312 0.020313
9 0.842187 0.364844 0.003125 0.067187
9 0.453125 0.364844 0.003125 0.067187
9 0.065625 0.364844 0.003125 0.067187
12 0.943750 0.367188 0.015625 0.028125
12 0.875781 0.364844 0.017188 0.048438
9 0.810156 0.342969 0.001563 0.051562
12 0.739062 0.367188 0.015625 0.028125
8 0.759375 0.356250 0.006250 0.006250
12 0.690625 0.367188 0.015625 0.028125
9 0.669531 0.342187 0.001563 0.053125
9 0.635156 0.342187 0.001563 0.053125
9 0.602344 0.342187 0.001563 0.053125
9 0.567969 0.342187 0.001563 0.053125
9 0.533594 0.342187 0.001563 0.053125
9 0.499219 0.342187 0.001563 0.053125
9 0.422656 0.342969 0.001563 0.051562
12 0.351562 0.367188 0.015625 0.028125
8 0.370312 0.356250 0.006250 0.006250
12 0.303125 0.367188 0.015625 0.028125
9 0.282031 0.342187 0.001563 0.053125
9 0.247656 0.342187 0.001563 0.053125
9 0.213281 0.342187 0.001563 0.053125
9 0.180469 0.342187 0.001563 0.053125
9 0.146094 0.342187 0.001563 0.053125
9 0.035156 0.342969 0.001563 0.051562
0 0.991406 0.373437 0.017188 0.018750
0 0.801562 0.373437 0.021875 0.018750
0 0.660937 0.373437 0.021875 0.018750
0 0.626563 0.373437 0.021875 0.018750
0 0.592187 0.373437 0.021875 0.018750
0 0.557813 0.373437 0.021875 0.018750
0 0.525000 0.373437 0.021875 0.018750
0 0.490625 0.373437 0.021875 0.018750
0 0.414062 0.373437 0.021875 0.018750
0 0.271875 0.373437 0.021875 0.018750
0 0.239063 0.373437 0.021875 0.018750
0 0.204687 0.373437 0.021875 0.018750
0 0.170313 0.373437 0.021875 0.018750
0 0.137500 0.373437 0.021875 0.018750
0 0.025000 0.373437 0.021875 0.018750
