7 0.262500 0.366406 0.043750 0.114062
10 0.616406 0.319531 0.048438 0.032813
9 0.771875 0.364844 0.003125 0.067187
12 0.946094 0.366406 0.023438 0.060937
15 0.917969 0.337500 0.017188 0.062500
9 0.910156 0.339062 0.001563 0.059375
12 0.855469 0.366406 0.023438 0.060937
15 0.825781 0.337500 0.017188 0.062500
9 0.817969 0.339062 0.001563 0.059375
15 0.750781 0.337500 0.017188 0.062500
9 0.742969 0.339062 0.001563 0.059375
9 0.639844 0.335938 0.001563 0.065625
9 0.592969 0.335938 0.001563 0.065625
15 0.497656 0.337500 0.017188 0.062500
9 0.489844 0.339062 0.001563 0.059375
12 0.435156 0.366406 0.023438 0.060937
15 0.407031 0.337500 0.017188 0.062500
9 0.399219 0.339062 0.001563 0.059375
0 0.990625 0.373437 0.018750 0.018750
0 0.900000 0.373437 0.021875 0.018750
0 0.809375 0.373437 0.021875 0.018750
0 0.732812 0.373437 0.021875 0.018750
0 0.629687 0.373437 0.021875 0.018750
0 0.582812 0.373437 0.021875 0.018750
0 0.481250 0.373437 0.021875 0.018750
0 0.389062 0.373437 0.021875 0.018750
