10 0.589063 0.319531 0.050000 0.032813
10 0.432812 0.319531 0.050000 0.032813
10 0.090625 0.319531 0.050000 0.032813
9 0.860938 0.364844 0.003125 0.067187
9 0.362500 0.364844 0.003125 0.067187
15 0.839844 0.337500 0.017188 0.062500
9 0.832031 0.339062 0.001563 0.059375
15 0.730469 0.337500 0.017188 0.062500
9 0.722656 0.339062 0.001563 0.059375
9 0.613281 0.335938 0.001563 0.065625
9 0.564844 0.335938 0.001563 0.065625
9 0.457031 0.335938 0.001563 0.065625
9 0.408594 0.335938 0.001563 0.065625
15 0.339844 0.337500 0.017188 0.062500
9 0.332031 0.339062 0.001563 0.059375
15 0.230469 0.337500 0.017188 0.062500
9 0.222656 0.339062 0.001563 0.059375
9 0.114844 0.335938 0.001563 0.065625
9 0.066406 0.335938 0.001563 0.065625
0 0.821875 0.373437 0.021875 0.018750
0 0.714063 0.373437 0.021875 0.018750
0 0.604688 0.373437 0.021875 0.018750
0 0.556250 0.373437 0.021875 0.018750
0 0.446875 0.373437 0.021875 0.018750
0 0.398438 0.373437 0.021875 0.018750
0 0.321875 0.373437 0.021875 0.018750
0 0.214062 0.373437 0.021875 0.018750
0 0.104688 0.373437 0.021875 0.018750
0 0.056250 0.373437 0.021875 0.018750
