10 0.874219 0.319531 0.098437 0.032813
10 0.556250 0.319531 0.050000 0.032813
10 0.374219 0.319531 0.098437 0.032813
10 0.092188 0.319531 0.050000 0.032813
9 0.670312 0.364844 0.003125 0.067187
9 0.206250 0.364844 0.003125 0.067187
9 0.922656 0.335938 0.001563 0.065625
9 0.874219 0.335938 0.001563 0.065625
9 0.825781 0.335938 0.001563 0.065625
15 0.724219 0.337500 0.017188 0.062500
9 0.716406 0.339062 0.001563 0.059375
9 0.580469 0.335938 0.001563 0.065625
9 0.532031 0.335938 0.001563 0.065625
9 0.422656 0.335938 0.001563 0.065625
9 0.374219 0.335938 0.001563 0.065625
9 0.325781 0.335938 0.001563 0.065625
8 0.264062 0.356250 0.006250 0.006250
9 0.116406 0.335938 0.001563 0.065625
9 0.067969 0.335938 0.001563 0.065625
0 0.912500 0.373437 0.021875 0.018750
0 0.864062 0.373437 0.021875 0.018750
0 0.815625 0.373437 0.021875 0.018750
0 0.707812 0.373437 0.021875 0.018750
0 0.570312 0.373437 0.021875 0.018750
0 0.521875 0.373437 0.021875 0.018750
0 0.414062 0.373437 0.021875 0.018750
0 0.365625 0.373437 0.021875 0.018750
0 0.317188 0.373437 0.021875 0.018750
0 0.106250 0.373437 0.021875 0.018750
0 0.057813 0.373437 0.021875 0.018750
