10 0.730469 0.319531 0.217188 0.032813
10 0.461719 0.319531 0.045312 0.032813
10 0.219531 0.319531 0.217188 0.032813
9 0.860938 0.364844 0.003125 0.067187
9 0.351562 0.364844 0.003125 0.067187
9 0.836719 0.335938 0.001563 0.065625
9 0.794531 0.335938 0.001563 0.065625
9 0.750781 0.335938 0.001563 0.065625
9 0.708594 0.335938 0.001563 0.065625
9 0.666406 0.335938 0.001563 0.065625
9 0.622656 0.335938 0.001563 0.065625
12 0.517969 0.366406 0.023438 0.060937
9 0.483594 0.335938 0.001563 0.065625
9 0.439844 0.335938 0.001563 0.065625
12 0.388281 0.366406 0.023438 0.060937
9 0.327344 0.335938 0.001563 0.065625
9 0.283594 0.335938 0.001563 0.065625
9 0.241406 0.335938 0.001563 0.065625
9 0.197656 0.335938 0.001563 0.065625
9 0.155469 0.335938 0.001563 0.065625
9 0.111719 0.335938 0.001563 0.065625
12 0.009375 0.366406 0.018750 0.060937
0 0.828125 0.373437 0.021875 0.018750
0 0.785937 0.373437 0.021875 0.018750
0 0.742188 0.373437 0.021875 0.018750
0 0.700000 0.373437 0.021875 0.018750
0 0.656250 0.373437 0.021875 0.018750
0 0.614062 0.373437 0.021875 0.018750
0 0.473438 0.373437 0.021875 0.018750
0 0.431250 0.373437 0.021875 0.018750
0 0.317188 0.373437 0.021875 0.018750
0 0.275000 0.373437 0.021875 0.018750
0 0.231250 0.373437 0.021875 0.018750
0 0.189062 0.373437 0.021875 0.018750
0 0.145313 0.373437 0.021875 0.018750
0 0.103125 0.373437 0.021875 0.018750
