10 0.809375 0.325781 0.121875 0.020313
10 0.562500 0.325781 0.081250 0.020313
10 0.321875 0.325781 0.081250 0.020313
10 0.053125 0.325781 0.081250 0.020313
9 0.662500 0.364844 0.003125 0.067187
9 0.153125 0.364844 0.003125 0.067187
9 0.947656 0.342969 0.001563 0.051562
9 0.867969 0.342187 0.001563 0.053125
9 0.827344 0.342187 0.001563 0.053125
9 0.788281 0.342187 0.001563 0.053125
9 0.749219 0.342187 0.001563 0.053125
9 0.602344 0.342187 0.001563 0.053125
9 0.561719 0.342187 0.001563 0.053125
9 0.522656 0.342187 0.001563 0.053125
9 0.439844 0.342969 0.001563 0.051562
9 0.361719 0.342187 0.001563 0.053125
9 0.321094 0.342187 0.001563 0.053125
9 0.282031 0.342187 0.001563 0.053125
9 0.199219 0.342969 0.001563 0.051562
9 0.092969 0.342187 0.001563 0.053125
9 0.053906 0.342187 0.001563 0.053125
9 0.013281 0.342187 0.001563 0.053125
0 0.937500 0.373437 0.021875 0.018750
0 0.857812 0.373437 0.021875 0.018750
0 0.818750 0.373437 0.021875 0.018750
0 0.779687 0.373437 0.021875 0.018750
0 0.739062 0.373437 0.021875 0.018750
0 0.592187 0.373437 0.021875 0.018750
0 0.553125 0.373437 0.021875 0.018750
0 0.512500 0.373437 0.021875 0.018750
0 0.431250 0.373437 0.021875 0.018750
0 0.351562 0.373437 0.021875 0.018750
0 0.312500 0.373437 0.021875 0.018750
0 0.271875 0.373437 0.021875 0.018750
0 0.190625 0.373437 0.021875 0.018750
0 0.084375 0.373437 0.021875 0.018750
0 0.043750 0.373437 0.021875 0.018750
0 0.007812 0.373437 0.015625 0.018750
