10 0.568750 0.325781 0.043750 0.020313
10 0.068750 0.325781 0.043750 0.020313
9 0.860938 0.364844 0.003125 0.067187
9 0.360938 0.364844 0.003125 0.067187
9 0.797656 0.342969 0.001563 0.051562
9 0.714844 0.342969 0.001563 0.051562
9 0.672656 0.342969 0.001563 0.051562
9 0.589844 0.342187 0.001563 0.053125
9 0.547656 0.342187 0.001563 0.053125
9 0.507031 0.342969 0.001563 0.051562
12 0.435937 0.367188 0.015625 0.028125
9 0.407031 0.342969 0.001563 0.051562
9 0.296094 0.342969 0.001563 0.051562
9 0.213281 0.342969 0.001563 0.051562
9 0.171094 0.342969 0.001563 0.051562
9 0.088281 0.342187 0.001563 0.053125
9 0.047656 0.342187 0.001563 0.053125
9 0.005469 0.342969 0.001563 0.051562
0 0.787500 0.373437 0.021875 0.018750
0 0.704688 0.373437 0.021875 0.018750
0 0.662500 0.373437 0.021875 0.018750
0 0.579688 0.373437 0.021875 0.018750
0 0.539062 0.373437 0.021875 0.018750
0 0.496875 0.373437 0.021875 0.018750
0 0.396875 0.373437 0.021875 0.018750
0 0.285938 0.373437 0.021875 0.018750
0 0.203125 0.373437 0.021875 0.018750
0 0.162500 0.373437 0.021875 0.018750
0 0.079687 0.373437 0.021875 0.018750
0 0.037500 0.373437 0.021875 0.018750
