10 0.986719 0.319531 0.026562 0.032813
10 0.517188 0.319531 0.084375 0.032813
10 0.046875 0.319531 0.084375 0.032813
9 0.670312 0.364844 0.003125 0.067187
9 0.200000 0.364844 0.003125 0.067187
9 0.974219 0.335938 0.001563 0.065625
12 0.924219 0.366406 0.023438 0.060937
15 0.899219 0.337500 0.017188 0.062500
9 0.891406 0.339062 0.001563 0.059375
12 0.841406 0.366406 0.023438 0.060937
15 0.816406 0.337500 0.017188 0.062500
9 0.808594 0.339062 0.001563 0.059375
15 0.724219 0.337500 0.017188 0.062500
9 0.716406 0.339062 0.001563 0.059375
15 0.647656 0.337500 0.017188 0.062500
9 0.639844 0.339062 0.001563 0.059375
12 0.589844 0.366406 0.023438 0.060937
9 0.557031 0.335938 0.001563 0.065625
9 0.516406 0.335938 0.001563 0.065625
9 0.475781 0.335938 0.001563 0.065625
12 0.425781 0.366406 0.023438 0.060937
15 0.400781 0.337500 0.017188 0.062500
9 0.392969 0.339062 0.001563 0.059375
12 0.342969 0.366406 0.023438 0.060937
15 0.317969 0.337500 0.017188 0.062500
9 0.310156 0.339062 0.001563 0.059375
8 0.257812 0.356250 0.006250 0.006250
15 0.178906 0.337500 0.017188 0.062500
9 0.171094 0.339062 0.001563 0.059375
12 0.121094 0.366406 0.023438 0.060937
9 0.088281 0.335938 0.001563 0.065625
9 0.046094 0.335938 0.001563 0.065625
9 0.005469 0.335938 0.001563 0.065625
0 0.965625 0.373437 0.021875 0.018750
0 0.882812 0.373437 0.021875 0.018750
0 0.800000 0.373437 0.021875 0.018750
0 0.706250 0.373437 0.021875 0.018750
0 0.631250 0.373437 0.021875 0.018750
0 0.548438 0.373437 0.021875 0.018750
0 0.506250 0.373437 0.021875 0.018750
0 0.465625 0.373437 0.021875 0.018750
0 0.382812 0.373437 0.021875 0.018750
0 0.300000 0.373437 0.021875 0.018750
0 0.160938 0.373437 0.021875 0.018750
0 0.078125 0.373437 0.021875 0.018750
0 0.037500 0.373437 0.021875 0.018750
0 0.003906 0.373437 0.007812 0.018750
