7 0.262500 0.366406 0.043750 0.114062
10 0.718750 0.325781 0.040625 0.020313
9 0.796875 0.364844 0.003125 0.067187
9 0.960156 0.342969 0.001563 0.051562
9 0.880469 0.342969 0.001563 0.051562
9 0.738281 0.342187 0.001563 0.053125
9 0.699219 0.342187 0.001563 0.053125
9 0.619531 0.342969 0.001563 0.051562
9 0.539844 0.342969 0.001563 0.051562
9 0.460156 0.342969 0.001563 0.051562
9 0.341406 0.342969 0.001563 0.051562
0 0.951562 0.373437 0.021875 0.018750
0 0.871875 0.373437 0.021875 0.018750
0 0.728125 0.373437 0.021875 0.018750
0 0.690625 0.373437 0.021875 0.018750
0 0.610938 0.373437 0.021875 0.018750
0 0.531250 0.373437 0.021875 0.018750
0 0.450000 0.373437 0.021875 0.018750
0 0.332813 0.373437 0.021875 0.018750
