14 0.860938 0.364844 0.003125 0.067187
14 0.346875 0.364844 0.003125 0.067187
11 0.764062 0.367188 0.015625 0.028125
14 0.652344 0.337500 0.017188 0.062500
9 0.644531 0.339062 0.001563 0.059375
11 0.575781 0.366406 0.023438 0.060937
11 0.444531 0.366406 0.023438 0.060937
14 0.400781 0.337500 0.017188 0.062500
9 0.392969 0.339062 0.001563 0.059375
11 0.250000 0.367188 0.015625 0.028125
14 0.138281 0.337500 0.017188 0.062500
9 0.130469 0.339062 0.001563 0.059375
11 0.061719 0.366406 0.023438 0.060937
0 0.634375 0.373437 0.021875 0.018750
0 0.384375 0.373437 0.021875 0.018750
0 0.120313 0.373437 0.021875 0.018750
