10 0.761719 0.325781 0.035937 0.020313
10 0.617969 0.325781 0.035937 0.020313
10 0.407031 0.325781 0.035937 0.020313
10 0.186719 0.325781 0.035937 0.020313
10 0.022656 0.325781 0.035937 0.020313
9 0.860938 0.364844 0.003125 0.067187
9 0.506250 0.364844 0.003125 0.067187
9 0.123438 0.364844 0.003125 0.067187
12 0.800781 0.364844 0.017188 0.048438
9 0.778906 0.342187 0.001563 0.053125
9 0.744531 0.342187 0.001563 0.053125
9 0.667969 0.342969 0.001563 0.051562
9 0.635156 0.342187 0.001563 0.053125
9 0.600781 0.342187 0.001563 0.053125
12 0.540625 0.367188 0.015625 0.028125
12 0.446094 0.364844 0.017188 0.048438
9 0.422656 0.342187 0.001563 0.053125
9 0.389844 0.342187 0.001563 0.053125
9 0.313281 0.342969 0.001563 0.051562
9 0.271094 0.342969 0.001563 0.051562
9 0.203906 0.342187 0.001563 0.053125
9 0.169531 0.342187 0.001563 0.053125
12 0.063281 0.364844 0.017188 0.048438
9 0.039844 0.342187 0.001563 0.053125
9 0.005469 0.342187 0.001563 0.053125
0 0.768750 0.373437 0.021875 0.018750
0 0.734375 0.373437 0.021875 0.018750
0 0.659375 0.373437 0.021875 0.018750
0 0.625000 0.373437 0.021875 0.018750
0 0.590625 0.373437 0.021875 0.018750
0 0.414062 0.373437 0.021875 0.018750
0 0.379688 0.373437 0.021875 0.018750
0 0.304688 0.373437 0.021875 0.018750
0 0.262500 0.373437 0.021875 0.018750
0 0.193750 0.373437 0.021875 0.018750
0 0.160938 0.373437 0.021875 0.018750
0 0.031250 0.373437 0.021875 0.018750
0 0.003906 0.373437 0.007812 0.018750
