10 0.554688 0.325781 0.125000 0.020313
10 0.187500 0.325781 0.084375 0.020313
14 0.835938 0.364844 0.003125 0.067187
14 0.446875 0.364844 0.003125 0.067187
14 0.059375 0.364844 0.003125 0.067187
11 0.992969 0.367188 0.014063 0.028125
9 0.963281 0.342969 0.001563 0.051562
11 0.869531 0.364844 0.017188 0.048438
11 0.760156 0.364844 0.017188 0.048438
9 0.728906 0.342969 0.001563 0.051562
11 0.645312 0.367188 0.015625 0.028125
8 0.665625 0.356250 0.006250 0.006250
9 0.616406 0.342187 0.001563 0.053125
9 0.575781 0.342187 0.001563 0.053125
9 0.535156 0.342187 0.001563 0.053125
9 0.492969 0.342187 0.001563 0.053125
11 0.371094 0.364844 0.017188 0.048438
9 0.341406 0.342969 0.001563 0.051562
11 0.257812 0.367188 0.015625 0.028125
8 0.276562 0.356250 0.006250 0.006250
9 0.228906 0.342187 0.001563 0.053125
9 0.188281 0.342187 0.001563 0.053125
9 0.146094 0.342187 0.001563 0.053125
0 0.954688 0.373437 0.021875 0.018750
0 0.720313 0.373437 0.021875 0.018750
0 0.607812 0.373437 0.021875 0.018750
0 0.565625 0.373437 0.021875 0.018750
0 0.525000 0.373437 0.021875 0.018750
0 0.484375 0.373437 0.021875 0.018750
0 0.332813 0.373437 0.021875 0.018750
0 0.218750 0.373437 0.021875 0.018750
0 0.178125 0.373437 0.021875 0.018750
0 0.137500 0.373437 0.021875 0.018750
