10 0.798438 0.325781 0.034375 0.020313
10 0.658594 0.325781 0.067187 0.020313
10 0.407813 0.325781 0.034375 0.020313
10 0.269531 0.325781 0.067187 0.020313
10 0.018750 0.325781 0.034375 0.020313
9 0.860938 0.364844 0.003125 0.067187
9 0.471875 0.364844 0.003125 0.067187
9 0.082812 0.364844 0.003125 0.067187
9 0.814844 0.342187 0.001563 0.053125
9 0.782031 0.342187 0.001563 0.053125
12 0.712500 0.367188 0.015625 0.028125
8 0.731250 0.356250 0.006250 0.006250
9 0.691406 0.342187 0.001563 0.053125
9 0.658594 0.342187 0.001563 0.053125
9 0.625781 0.342187 0.001563 0.053125
9 0.550781 0.342969 0.001563 0.051562
9 0.424219 0.342187 0.001563 0.053125
9 0.391406 0.342187 0.001563 0.053125
12 0.321875 0.367188 0.015625 0.028125
8 0.342187 0.356250 0.006250 0.006250
9 0.302344 0.342187 0.001563 0.053125
9 0.269531 0.342187 0.001563 0.053125
9 0.236719 0.342187 0.001563 0.053125
9 0.128906 0.342969 0.001563 0.051562
9 0.035156 0.342187 0.001563 0.053125
9 0.002344 0.342187 0.001563 0.053125
0 0.804688 0.373437 0.021875 0.018750
0 0.771875 0.373437 0.021875 0.018750
0 0.682813 0.373437 0.021875 0.018750
0 0.650000 0.373437 0.021875 0.018750
0 0.617188 0.373437 0.021875 0.018750
0 0.542188 0.373437 0.021875 0.018750
0 0.415625 0.373437 0.021875 0.018750
0 0.382812 0.373437 0.021875 0.018750
0 0.292187 0.373437 0.021875 0.018750
0 0.259375 0.373437 0.021875 0.018750
0 0.226562 0.373437 0.021875 0.018750
0 0.118750 0.373437 0.021875 0.018750
0 0.026562 0.373437 0.021875 0.018750
