10 0.769531 0.319531 0.045312 0.032813
14 0.659375 0.364844 0.003125 0.067187
14 0.148438 0.364844 0.003125 0.067187
11 0.911719 0.366406 0.023438 0.060937
14 0.885156 0.337500 0.017188 0.062500
9 0.877344 0.339062 0.001563 0.059375
11 0.825781 0.366406 0.023438 0.060937
9 0.791406 0.335938 0.001563 0.065625
9 0.747656 0.335938 0.001563 0.065625
11 0.696094 0.366406 0.023438 0.060937
11 0.625781 0.366406 0.023438 0.060937
14 0.599219 0.337500 0.017188 0.062500
9 0.591406 0.339062 0.001563 0.059375
11 0.539844 0.366406 0.023438 0.060937
14 0.513281 0.337500 0.017188 0.062500
9 0.505469 0.339062 0.001563 0.059375
11 0.400781 0.366406 0.023438 0.060937
14 0.374219 0.337500 0.017188 0.062500
9 0.366406 0.339062 0.001563 0.059375
11 0.314844 0.366406 0.023438 0.060937
14 0.288281 0.337500 0.017188 0.062500
9 0.280469 0.339062 0.001563 0.059375
11 0.228906 0.366406 0.023438 0.060937
14 0.202344 0.337500 0.017188 0.062500
9 0.194531 0.339062 0.001563 0.059375
11 0.116406 0.366406 0.023438 0.060937
14 0.089844 0.337500 0.017188 0.062500
9 0.082031 0.339062 0.001563 0.059375
11 0.030469 0.366406 0.023438 0.060937
14 0.006250 0.337500 0.012500 0.062500
0 0.867188 0.373437 0.021875 0.018750
0 0.781250 0.373437 0.021875 0.018750
0 0.739062 0.373437 0.021875 0.018750
0 0.582812 0.373437 0.021875 0.018750
0 0.496875 0.373437 0.021875 0.018750
0 0.357812 0.373437 0.021875 0.018750
0 0.271875 0.373437 0.021875 0.018750
0 0.185938 0.373437 0.021875 0.018750
0 0.071875 0.373437 0.021875 0.018750
