10 0.988281 0.325781 0.023438 0.020313
10 0.770312 0.325781 0.043750 0.020313
10 0.617188 0.325781 0.043750 0.020313
10 0.490625 0.325781 0.043750 0.020313
10 0.109375 0.325781 0.043750 0.020313
9 0.660937 0.364844 0.003125 0.067187
9 0.153125 0.364844 0.003125 0.067187
9 0.977344 0.342187 0.001563 0.053125
12 0.864062 0.367188 0.015625 0.028125
9 0.791406 0.342187 0.001563 0.053125
9 0.749219 0.342187 0.001563 0.053125
9 0.638281 0.342187 0.001563 0.053125
9 0.596094 0.342187 0.001563 0.053125
9 0.511719 0.342187 0.001563 0.053125
9 0.469531 0.342187 0.001563 0.053125
12 0.356250 0.367188 0.015625 0.028125
9 0.283594 0.342969 0.001563 0.051562
9 0.199219 0.342969 0.001563 0.051562
9 0.130469 0.342187 0.001563 0.053125
9 0.088281 0.342187 0.001563 0.053125
9 0.003906 0.342187 0.001563 0.053125
0 0.968750 0.373437 0.021875 0.018750
0 0.782813 0.373437 0.021875 0.018750
0 0.740625 0.373437 0.021875 0.018750
0 0.628125 0.373437 0.021875 0.018750
0 0.585938 0.373437 0.021875 0.018750
0 0.503125 0.373437 0.021875 0.018750
0 0.460938 0.373437 0.021875 0.018750
0 0.275000 0.373437 0.021875 0.018750
0 0.190625 0.373437 0.021875 0.018750
0 0.120313 0.373437 0.021875 0.018750
0 0.078125 0.373437 0.021875 0.018750
