10 0.989844 0.325781 0.020313 0.020313
10 0.843750 0.325781 0.040625 0.020313
10 0.609375 0.325781 0.040625 0.020313
10 0.215625 0.325781 0.040625 0.020313
9 0.778125 0.364844 0.003125 0.067187
9 0.384375 0.364844 0.003125 0.067187
9 0.012500 0.364844 0.003125 0.067187
9 0.980469 0.342187 0.001563 0.053125
9 0.939844 0.342969 0.001563 0.051562
9 0.863281 0.342187 0.001563 0.053125
9 0.824219 0.342187 0.001563 0.053125
12 0.708594 0.364844 0.017188 0.048438
12 0.654687 0.367188 0.015625 0.028125
9 0.628906 0.342187 0.001563 0.053125
9 0.589844 0.342187 0.001563 0.053125
9 0.549219 0.342969 0.001563 0.051562
9 0.469531 0.342969 0.001563 0.051562
12 0.314844 0.364844 0.017188 0.048438
12 0.260937 0.367188 0.015625 0.028125
9 0.235156 0.342187 0.001563 0.053125
9 0.196094 0.342187 0.001563 0.053125
9 0.153906 0.342969 0.001563 0.051562
12 0.087500 0.367188 0.015625 0.028125
9 0.058594 0.342969 0.001563 0.051562
0 0.971875 0.373437 0.021875 0.018750
0 0.929688 0.373437 0.021875 0.018750
0 0.853125 0.373437 0.021875 0.018750
0 0.815625 0.373437 0.021875 0.018750
0 0.618750 0.373437 0.021875 0.018750
0 0.581250 0.373437 0.021875 0.018750
0 0.539062 0.373437 0.021875 0.018750
0 0.459375 0.373437 0.021875 0.018750
0 0.225000 0.373437 0.021875 0.018750
0 0.187500 0.373437 0.021875 0.018750
0 0.145313 0.373437 0.021875 0.018750
0 0.050000 0.373437 0.021875 0.018750
