10 0.744531 0.325781 0.035937 0.020313
10 0.525781 0.325781 0.070312 0.020313
10 0.363281 0.325781 0.035937 0.020313
10 0.163281 0.325781 0.035937 0.020313
9 0.825000 0.364844 0.003125 0.067187
9 0.445312 0.364844 0.003125 0.067187
9 0.065625 0.364844 0.003125 0.067187
12 0.960938 0.367188 0.015625 0.028125
9 0.932031 0.342969 0.001563 0.051562
12 0.859375 0.367188 0.015625 0.028125
8 0.878125 0.356250 0.006250 0.006250
12 0.782813 0.367188 0.015625 0.028125
9 0.761719 0.342187 0.001563 0.053125
9 0.727344 0.342187 0.001563 0.053125
12 0.665625 0.367188 0.015625 0.028125
12 0.617188 0.367188 0.015625 0.028125
9 0.560156 0.342187 0.001563 0.053125
9 0.525781 0.342187 0.001563 0.053125
9 0.491406 0.342187 0.001563 0.053125
12 0.403125 0.367188 0.015625 0.028125
9 0.380469 0.342187 0.001563 0.053125
9 0.346094 0.342187 0.001563 0.053125
12 0.285938 0.367188 0.015625 0.028125
12 0.235937 0.367188 0.015625 0.028125
9 0.180469 0.342187 0.001563 0.053125
9 0.146094 0.342187 0.001563 0.053125
12 0.021875 0.367188 0.015625 0.028125
9 0.000781 0.342187 0.001563 0.053125
0 0.921875 0.373437 0.021875 0.018750
0 0.751563 0.373437 0.021875 0.018750
0 0.717187 0.373437 0.021875 0.018750
0 0.551562 0.373437 0.021875 0.018750
0 0.517188 0.373437 0.021875 0.018750
0 0.482812 0.373437 0.021875 0.018750
0 0.371875 0.373437 0.021875 0.018750
0 0.337500 0.373437 0.021875 0.018750
0 0.170313 0.373437 0.021875 0.018750
0 0.135937 0.373437 0.021875 0.018750
