10 0.923438 0.319531 0.140625 0.032813
10 0.412500 0.319531 0.140625 0.032813
10 0.019531 0.319531 0.039062 0.032813
9 0.657813 0.364844 0.003125 0.067187
9 0.215625 0.364844 0.003125 0.067187
9 0.992969 0.335938 0.001563 0.065625
9 0.946094 0.335938 0.001563 0.065625
9 0.900781 0.335938 0.001563 0.065625
9 0.853906 0.335938 0.001563 0.065625
12 0.741406 0.366406 0.023438 0.060937
15 0.711719 0.337500 0.017188 0.062500
9 0.703906 0.339062 0.001563 0.059375
15 0.582031 0.337500 0.017188 0.062500
9 0.574219 0.339062 0.001563 0.059375
12 0.519531 0.366406 0.023438 0.060937
9 0.482031 0.335938 0.001563 0.065625
9 0.435156 0.335938 0.001563 0.065625
9 0.389844 0.335938 0.001563 0.065625
9 0.342969 0.335938 0.001563 0.065625
12 0.250000 0.367188 0.015625 0.028125
15 0.138281 0.337500 0.017188 0.062500
9 0.130469 0.339062 0.001563 0.059375
12 0.075781 0.366406 0.023438 0.060937
9 0.038281 0.335938 0.001563 0.065625
0 0.982812 0.373437 0.021875 0.018750
0 0.937500 0.373437 0.021875 0.018750
0 0.890625 0.373437 0.021875 0.018750
0 0.845313 0.373437 0.021875 0.018750
0 0.695312 0.373437 0.021875 0.018750
0 0.564063 0.373437 0.021875 0.018750
0 0.471875 0.373437 0.021875 0.018750
0 0.426563 0.373437 0.021875 0.018750
0 0.379688 0.373437 0.021875 0.018750
0 0.334375 0.373437 0.021875 0.018750
0 0.121875 0.373437 0.021875 0.018750
0 0.029687 0.373437 0.021875 0.018750
