10 0.727344 0.319531 0.048438 0.032813
9 0.657813 0.364844 0.003125 0.067187
9 0.146875 0.364844 0.003125 0.067187
15 0.942969 0.337500 0.017188 0.062500
9 0.935156 0.339062 0.001563 0.059375
12 0.880469 0.366406 0.023438 0.060937
15 0.850781 0.337500 0.017188 0.062500
9 0.842969 0.339062 0.001563 0.059375
12 0.788281 0.366406 0.023438 0.060937
9 0.750781 0.335938 0.001563 0.065625
9 0.703906 0.335938 0.001563 0.065625
15 0.580469 0.337500 0.017188 0.062500
9 0.572656 0.339062 0.001563 0.059375
12 0.517969 0.366406 0.023438 0.060937
15 0.430469 0.337500 0.017188 0.062500
9 0.422656 0.339062 0.001563 0.059375
12 0.369531 0.366406 0.023438 0.060937
15 0.339844 0.337500 0.017188 0.062500
9 0.332031 0.339062 0.001563 0.059375
12 0.277344 0.366406 0.023438 0.060937
15 0.247656 0.337500 0.017188 0.062500
9 0.239844 0.339062 0.001563 0.059375
12 0.185156 0.366406 0.023438 0.060937
15 0.069531 0.337500 0.017188 0.062500
9 0.061719 0.339062 0.001563 0.059375
12 0.009375 0.366406 0.018750 0.060937
0 0.925000 0.373437 0.021875 0.018750
0 0.832812 0.373437 0.021875 0.018750
0 0.740625 0.373437 0.021875 0.018750
0 0.695312 0.373437 0.021875 0.018750
0 0.564063 0.373437 0.021875 0.018750
0 0.414062 0.373437 0.021875 0.018750
0 0.321875 0.373437 0.021875 0.018750
0 0.229687 0.373437 0.021875 0.018750
0 0.053125 0.373437 0.021875 0.018750
