10 0.983594 0.319531 0.032813 0.032813
10 0.758594 0.319531 0.085938 0.032813
10 0.489063 0.319531 0.043750 0.032813
10 0.279687 0.319531 0.043750 0.032813
9 0.670312 0.364844 0.003125 0.067187
9 0.170313 0.364844 0.003125 0.067187
9 0.967969 0.335938 0.001563 0.065625
12 0.917969 0.366406 0.023438 0.060937
15 0.891406 0.337500 0.017188 0.062500
9 0.883594 0.339062 0.001563 0.059375
12 0.833594 0.366406 0.023438 0.060937
9 0.799219 0.335938 0.001563 0.065625
9 0.757031 0.335938 0.001563 0.065625
9 0.716406 0.335938 0.001563 0.065625
12 0.638281 0.366406 0.023438 0.060937
15 0.611719 0.337500 0.017188 0.062500
9 0.603906 0.339062 0.001563 0.059375
9 0.510156 0.335938 0.001563 0.065625
9 0.467969 0.335938 0.001563 0.065625
12 0.417969 0.366406 0.023438 0.060937
15 0.391406 0.337500 0.017188 0.062500
9 0.383594 0.339062 0.001563 0.059375
12 0.333594 0.366406 0.023438 0.060937
9 0.300781 0.335938 0.001563 0.065625
9 0.258594 0.335938 0.001563 0.065625
12 0.207031 0.366406 0.023438 0.060937
12 0.138281 0.366406 0.023438 0.060937
15 0.113281 0.337500 0.017188 0.062500
9 0.105469 0.339062 0.001563 0.059375
9 0.010156 0.335938 0.001563 0.065625
0 0.994531 0.373437 0.010937 0.018750
0 0.957812 0.373437 0.021875 0.018750
0 0.875000 0.373437 0.021875 0.018750
0 0.790625 0.373437 0.021875 0.018750
0 0.748437 0.373437 0.021875 0.018750
0 0.706250 0.373437 0.021875 0.018750
0 0.595313 0.373437 0.021875 0.018750
0 0.500000 0.373437 0.021875 0.018750
0 0.459375 0.373437 0.021875 0.018750
0 0.375000 0.373437 0.021875 0.018750
0 0.290625 0.373437 0.021875 0.018750
0 0.248438 0.373437 0.021875 0.018750
0 0.095312 0.373437 0.021875 0.018750
0 0.006250 0.373437 0.012500 0.018750
