10 0.964844 0.319531 0.070312 0.032813
10 0.813281 0.319531 0.045312 0.032813
10 0.462500 0.319531 0.087500 0.032813
10 0.302344 0.319531 0.045312 0.032813
10 0.014063 0.319531 0.028125 0.032813
9 0.659375 0.364844 0.003125 0.067187
9 0.181250 0.364844 0.003125 0.067187
9 0.974219 0.335938 0.001563 0.065625
9 0.930469 0.335938 0.001563 0.065625
9 0.833594 0.335938 0.001563 0.065625
9 0.791406 0.335938 0.001563 0.065625
12 0.739844 0.366406 0.023438 0.060937
15 0.713281 0.337500 0.017188 0.062500
9 0.705469 0.339062 0.001563 0.059375
12 0.625781 0.366406 0.023438 0.060937
15 0.599219 0.337500 0.017188 0.062500
9 0.591406 0.339062 0.001563 0.059375
12 0.539844 0.366406 0.023438 0.060937
9 0.505469 0.335938 0.001563 0.065625
9 0.463281 0.335938 0.001563 0.065625
9 0.419531 0.335938 0.001563 0.065625
9 0.324219 0.335938 0.001563 0.065625
9 0.280469 0.335938 0.001563 0.065625
12 0.147656 0.366406 0.023438 0.060937
15 0.121094 0.337500 0.017188 0.062500
9 0.113281 0.339062 0.001563 0.059375
12 0.061719 0.366406 0.023438 0.060937
9 0.027344 0.335938 0.001563 0.065625
0 0.964063 0.373437 0.021875 0.018750
0 0.921875 0.373437 0.021875 0.018750
0 0.825000 0.373437 0.021875 0.018750
0 0.781250 0.373437 0.021875 0.018750
0 0.695312 0.373437 0.021875 0.018750
0 0.582812 0.373437 0.021875 0.018750
0 0.496875 0.373437 0.021875 0.018750
0 0.453125 0.373437 0.021875 0.018750
0 0.410938 0.373437 0.021875 0.018750
0 0.314063 0.373437 0.021875 0.018750
0 0.271875 0.373437 0.021875 0.018750
0 0.104688 0.373437 0.021875 0.018750
0 0.018750 0.373437 0.021875 0.018750
