10 0.810937 0.325781 0.034375 0.020313
10 0.712500 0.325781 0.100000 0.020313
10 0.581250 0.325781 0.100000 0.020313
10 0.407813 0.325781 0.034375 0.020313
10 0.309375 0.325781 0.100000 0.020313
10 0.194531 0.325781 0.067187 0.020313
10 0.010937 0.325781 0.021875 0.020313
9 0.889062 0.364844 0.003125 0.067187
9 0.485938 0.364844 0.003125 0.067187
9 0.082812 0.364844 0.003125 0.067187
12 0.989844 0.364844 0.017188 0.048438
12 0.924219 0.364844 0.017188 0.048438
12 0.848437 0.367188 0.015625 0.028125
9 0.828906 0.342187 0.001563 0.053125
9 0.794531 0.342187 0.001563 0.053125
9 0.761719 0.342187 0.001563 0.053125
9 0.728906 0.342187 0.001563 0.053125
9 0.696094 0.342187 0.001563 0.053125
9 0.663281 0.342187 0.001563 0.053125
9 0.630469 0.342187 0.001563 0.053125
9 0.597656 0.342187 0.001563 0.053125
9 0.564844 0.342187 0.001563 0.053125
9 0.532031 0.342187 0.001563 0.053125
12 0.445312 0.367188 0.015625 0.028125
9 0.424219 0.342187 0.001563 0.053125
9 0.391406 0.342187 0.001563 0.053125
9 0.358594 0.342187 0.001563 0.053125
9 0.325781 0.342187 0.001563 0.053125
9 0.292969 0.342187 0.001563 0.053125
9 0.260156 0.342187 0.001563 0.053125
9 0.227344 0.342187 0.001563 0.053125
9 0.194531 0.342187 0.001563 0.053125
9 0.161719 0.342187 0.001563 0.053125
12 0.042188 0.367188 0.015625 0.028125
9 0.021094 0.342187 0.001563 0.053125
0 0.818750 0.373437 0.021875 0.018750
0 0.785937 0.373437 0.021875 0.018750
0 0.753125 0.373437 0.021875 0.018750
0 0.720313 0.373437 0.021875 0.018750
0 0.687500 0.373437 0.021875 0.018750
0 0.654687 0.373437 0.021875 0.018750
0 0.621875 0.373437 0.021875 0.018750
0 0.589063 0.373437 0.021875 0.018750
0 0.554688 0.373437 0.021875 0.018750
0 0.521875 0.373437 0.021875 0.018750
0 0.415625 0.373437 0.021875 0.018750
0 0.382812 0.373437 0.021875 0.018750
0 0.350000 0.373437 0.021875 0.018750
0 0.317188 0.373437 0.021875 0.018750
0 0.284375 0.373437 0.021875 0.018750
0 0.251563 0.373437 0.021875 0.018750
0 0.218750 0.373437 0.021875 0.018750
0 0.184375 0.373437 0.021875 0.018750
0 0.151562 0.373437 0.021875 0.018750
0 0.012500 0.373437 0.021875 0.018750
