10 0.798438 0.325781 0.034375 0.020313
10 0.643750 0.325781 0.034375 0.020313
10 0.410938 0.325781 0.034375 0.020313
10 0.256250 0.325781 0.034375 0.020313
10 0.023438 0.325781 0.034375 0.020313
9 0.860938 0.364844 0.003125 0.067187
9 0.475000 0.364844 0.003125 0.067187
9 0.087500 0.364844 0.003125 0.067187
9 0.814844 0.342187 0.001563 0.053125
9 0.782031 0.342187 0.001563 0.053125
12 0.712500 0.367188 0.015625 0.028125
8 0.732812 0.356250 0.006250 0.006250
9 0.660156 0.342187 0.001563 0.053125
9 0.627344 0.342187 0.001563 0.053125
9 0.552344 0.342969 0.001563 0.051562
9 0.427344 0.342187 0.001563 0.053125
9 0.394531 0.342187 0.001563 0.053125
12 0.325000 0.367188 0.015625 0.028125
8 0.345313 0.356250 0.006250 0.006250
9 0.272656 0.342187 0.001563 0.053125
9 0.239844 0.342187 0.001563 0.053125
9 0.133594 0.342969 0.001563 0.051562
9 0.039844 0.342187 0.001563 0.053125
9 0.007031 0.342187 0.001563 0.053125
0 0.804688 0.373437 0.021875 0.018750
0 0.773438 0.373437 0.021875 0.018750
0 0.651563 0.373437 0.021875 0.018750
0 0.618750 0.373437 0.021875 0.018750
0 0.543750 0.373437 0.021875 0.018750
0 0.418750 0.373437 0.021875 0.018750
0 0.385937 0.373437 0.021875 0.018750
0 0.264062 0.373437 0.021875 0.018750
0 0.231250 0.373437 0.021875 0.018750
0 0.123438 0.373437 0.021875 0.018750
0 0.031250 0.373437 0.021875 0.018750
0 0.004687 0.373437 0.009375 0.018750
