10 0.735156 0.325781 0.070312 0.020313
10 0.347656 0.325781 0.070312 0.020313
10 0.023438 0.325781 0.046875 0.020313
9 0.782813 0.364844 0.003125 0.067187
9 0.396875 0.364844 0.003125 0.067187
9 0.060937 0.364844 0.003125 0.067187
9 0.986719 0.342969 0.001563 0.051562
12 0.892188 0.367188 0.015625 0.028125
9 0.863281 0.342969 0.001563 0.051562
9 0.767969 0.342187 0.001563 0.053125
9 0.733594 0.342187 0.001563 0.053125
9 0.700781 0.342187 0.001563 0.053125
12 0.629687 0.367188 0.015625 0.028125
8 0.648438 0.356250 0.006250 0.006250
9 0.599219 0.342969 0.001563 0.051562
12 0.506250 0.367188 0.015625 0.028125
9 0.442969 0.342969 0.001563 0.051562
9 0.382031 0.342187 0.001563 0.053125
9 0.347656 0.342187 0.001563 0.053125
9 0.313281 0.342187 0.001563 0.053125
12 0.242188 0.367188 0.015625 0.028125
8 0.262500 0.356250 0.006250 0.006250
9 0.213281 0.342969 0.001563 0.051562
12 0.142187 0.367188 0.015625 0.028125
8 0.162500 0.356250 0.006250 0.006250
12 0.095312 0.367188 0.015625 0.028125
9 0.046094 0.342187 0.001563 0.053125
9 0.011719 0.342187 0.001563 0.053125
0 0.976562 0.373437 0.021875 0.018750
0 0.853125 0.373437 0.021875 0.018750
0 0.757812 0.373437 0.021875 0.018750
0 0.725000 0.373437 0.021875 0.018750
0 0.690625 0.373437 0.021875 0.018750
0 0.590625 0.373437 0.021875 0.018750
0 0.432812 0.373437 0.021875 0.018750
0 0.371875 0.373437 0.021875 0.018750
0 0.339062 0.373437 0.021875 0.018750
0 0.304688 0.373437 0.021875 0.018750
0 0.204687 0.373437 0.021875 0.018750
0 0.035937 0.373437 0.021875 0.018750
0 0.007031 0.373437 0.014063 0.018750
