7 0.262500 0.366406 0.043750 0.114062
10 0.914844 0.325781 0.067187 0.020313
10 0.800000 0.325781 0.100000 0.020313
10 0.505469 0.325781 0.067187 0.020313
10 0.407031 0.325781 0.067187 0.020313
9 0.704688 0.364844 0.003125 0.067187
9 0.947656 0.342187 0.001563 0.053125
9 0.914844 0.342187 0.001563 0.053125
9 0.882031 0.342187 0.001563 0.053125
9 0.849219 0.342187 0.001563 0.053125
9 0.816406 0.342187 0.001563 0.053125
9 0.783594 0.342187 0.001563 0.053125
9 0.750781 0.342187 0.001563 0.053125
12 0.665625 0.367188 0.015625 0.028125
9 0.636719 0.342969 0.001563 0.051562
9 0.538281 0.342187 0.001563 0.053125
9 0.505469 0.342187 0.001563 0.053125
9 0.472656 0.342187 0.001563 0.053125
9 0.439844 0.342187 0.001563 0.053125
9 0.407031 0.342187 0.001563 0.053125
9 0.374219 0.342187 0.001563 0.053125
0 0.939063 0.373437 0.021875 0.018750
0 0.906250 0.373437 0.021875 0.018750
0 0.873437 0.373437 0.021875 0.018750
0 0.840625 0.373437 0.021875 0.018750
0 0.807813 0.373437 0.021875 0.018750
0 0.775000 0.373437 0.021875 0.018750
0 0.742188 0.373437 0.021875 0.018750
0 0.626563 0.373437 0.021875 0.018750
0 0.528125 0.373437 0.021875 0.018750
0 0.495312 0.373437 0.021875 0.018750
0 0.462500 0.373437 0.021875 0.018750
0 0.429688 0.373437 0.021875 0.018750
0 0.396875 0.373437 0.021875 0.018750
0 0.365625 0.373437 0.021875 0.018750
