10 0.637500 0.319531 0.078125 0.032813
10 0.466406 0.319531 0.117188 0.032813
10 0.139063 0.319531 0.078125 0.032813
10 0.012500 0.319531 0.025000 0.032813
9 0.860938 0.364844 0.003125 0.067187
9 0.362500 0.364844 0.003125 0.067187
15 0.839844 0.337500 0.017188 0.062500
9 0.832031 0.339062 0.001563 0.059375
12 0.785156 0.366406 0.023438 0.060937
15 0.760156 0.337500 0.017188 0.062500
9 0.752344 0.339062 0.001563 0.059375
12 0.705469 0.366406 0.023438 0.060937
9 0.675781 0.335938 0.001563 0.065625
9 0.638281 0.335938 0.001563 0.065625
9 0.599219 0.335938 0.001563 0.065625
12 0.553906 0.366406 0.023438 0.060937
9 0.524219 0.335938 0.001563 0.065625
9 0.485156 0.335938 0.001563 0.065625
9 0.447656 0.335938 0.001563 0.065625
9 0.408594 0.335938 0.001563 0.065625
15 0.339844 0.337500 0.017188 0.062500
9 0.332031 0.339062 0.001563 0.059375
12 0.286719 0.366406 0.023438 0.060937
15 0.261719 0.337500 0.017188 0.062500
9 0.253906 0.339062 0.001563 0.059375
12 0.207031 0.366406 0.023438 0.060937
9 0.177344 0.335938 0.001563 0.065625
9 0.139844 0.335938 0.001563 0.065625
9 0.100781 0.335938 0.001563 0.065625
12 0.053906 0.366406 0.023438 0.060937
9 0.024219 0.335938 0.001563 0.065625
0 0.821875 0.373437 0.021875 0.018750
0 0.743750 0.373437 0.021875 0.018750
0 0.667188 0.373437 0.021875 0.018750
0 0.629687 0.373437 0.021875 0.018750
0 0.590625 0.373437 0.021875 0.018750
0 0.514062 0.373437 0.021875 0.018750
0 0.476562 0.373437 0.021875 0.018750
0 0.437500 0.373437 0.021875 0.018750
0 0.400000 0.373437 0.021875 0.018750
0 0.323437 0.373437 0.021875 0.018750
0 0.245312 0.373437 0.021875 0.018750
0 0.168750 0.373437 0.021875 0.018750
0 0.129688 0.373437 0.021875 0.018750
0 0.092188 0.373437 0.021875 0.018750
0 0.015625 0.373437 0.021875 0.018750
