7 0.262500 0.366406 0.043750 0.114062
10 0.947656 0.325781 0.042188 0.020313
10 0.630469 0.325781 0.042188 0.020313
10 0.430469 0.325781 0.042188 0.020313
9 0.759375 0.364844 0.003125 0.067187
9 0.966406 0.342187 0.001563 0.053125
9 0.927344 0.342187 0.001563 0.053125
9 0.807031 0.342969 0.001563 0.051562
9 0.728906 0.342969 0.001563 0.051562
9 0.649219 0.342187 0.001563 0.053125
9 0.610156 0.342187 0.001563 0.053125
9 0.528906 0.342969 0.001563 0.051562
9 0.449219 0.342187 0.001563 0.053125
9 0.410156 0.342187 0.001563 0.053125
12 0.329688 0.367188 0.015625 0.028125
8 0.348438 0.356250 0.006250 0.006250
0 0.957812 0.373437 0.021875 0.018750
0 0.917188 0.373437 0.021875 0.018750
0 0.796875 0.373437 0.021875 0.018750
0 0.720313 0.373437 0.021875 0.018750
0 0.640625 0.373437 0.021875 0.018750
0 0.601562 0.373437 0.021875 0.018750
0 0.520312 0.373437 0.021875 0.018750
0 0.440625 0.373437 0.021875 0.018750
0 0.401562 0.373437 0.021875 0.018750
