10 0.551562 0.325781 0.081250 0.020313
10 0.037500 0.325781 0.075000 0.020313
9 0.860938 0.364844 0.003125 0.067187
9 0.343750 0.364844 0.003125 0.067187
9 0.830469 0.342969 0.001563 0.051562
9 0.749219 0.342969 0.001563 0.051562
9 0.667969 0.342969 0.001563 0.051562
9 0.589844 0.342187 0.001563 0.053125
9 0.550781 0.342187 0.001563 0.053125
9 0.511719 0.342187 0.001563 0.053125
9 0.430469 0.342969 0.001563 0.051562
9 0.313281 0.342969 0.001563 0.051562
9 0.232031 0.342969 0.001563 0.051562
9 0.150781 0.342969 0.001563 0.051562
9 0.072656 0.342187 0.001563 0.053125
9 0.033594 0.342187 0.001563 0.053125
0 0.821875 0.373437 0.021875 0.018750
0 0.740625 0.373437 0.021875 0.018750
0 0.659375 0.373437 0.021875 0.018750
0 0.579688 0.373437 0.021875 0.018750
0 0.540625 0.373437 0.021875 0.018750
0 0.501563 0.373437 0.021875 0.018750
0 0.420312 0.373437 0.021875 0.018750
0 0.304688 0.373437 0.021875 0.018750
0 0.223438 0.373437 0.021875 0.018750
0 0.142187 0.373437 0.021875 0.018750
0 0.064062 0.373437 0.021875 0.018750
0 0.023438 0.373437 0.021875 0.018750
