10 0.248438 0.325781 0.065625 0.020313
9 0.670312 0.364844 0.003125 0.067187
9 0.170313 0.364844 0.003125 0.067187
9 0.933594 0.342969 0.001563 0.051562
9 0.805469 0.342969 0.001563 0.051562
12 0.703125 0.367188 0.015625 0.028125
9 0.561719 0.342969 0.001563 0.051562
9 0.433594 0.342969 0.001563 0.051562
12 0.331250 0.367188 0.015625 0.028125
9 0.280469 0.342187 0.001563 0.053125
9 0.216406 0.342187 0.001563 0.053125
9 0.061719 0.342969 0.001563 0.051562
0 0.923438 0.373437 0.021875 0.018750
0 0.796875 0.373437 0.021875 0.018750
0 0.551562 0.373437 0.021875 0.018750
0 0.425000 0.373437 0.021875 0.018750
0 0.270313 0.373437 0.021875 0.018750
0 0.206250 0.373437 0.021875 0.018750
0 0.051562 0.373437 0.021875 0.018750
