10 0.597656 0.319531 0.379688 0.032813
10 0.143750 0.319531 0.287500 0.032813
9 0.860938 0.364844 0.003125 0.067187
9 0.362500 0.364844 0.003125 0.067187
9 0.785156 0.335938 0.001563 0.065625
9 0.744531 0.335938 0.001563 0.065625
9 0.702344 0.335938 0.001563 0.065625
9 0.660156 0.335938 0.001563 0.065625
9 0.617969 0.335938 0.001563 0.065625
9 0.575781 0.335938 0.001563 0.065625
9 0.533594 0.335938 0.001563 0.065625
9 0.491406 0.335938 0.001563 0.065625
9 0.450781 0.335938 0.001563 0.065625
9 0.408594 0.335938 0.001563 0.065625
9 0.286719 0.335938 0.001563 0.065625
9 0.244531 0.335938 0.001563 0.065625
9 0.202344 0.335938 0.001563 0.065625
9 0.160156 0.335938 0.001563 0.065625
9 0.117969 0.335938 0.001563 0.065625
9 0.075781 0.335938 0.001563 0.065625
9 0.033594 0.335938 0.001563 0.065625
0 0.776563 0.373437 0.021875 0.018750
0 0.734375 0.373437 0.021875 0.018750
0 0.692187 0.373437 0.021875 0.018750
0 0.650000 0.373437 0.021875 0.018750
0 0.609375 0.373437 0.021875 0.018750
0 0.567187 0.373437 0.021875 0.018750
0 0.525000 0.373437 0.021875 0.018750
0 0.482812 0.373437 0.021875 0.018750
0 0.440625 0.373437 0.021875 0.018750
0 0.398438 0.373437 0.021875 0.018750
0 0.276562 0.373437 0.021875 0.018750
0 0.234375 0.373437 0.021875 0.018750
0 0.192188 0.373437 0.021875 0.018750
0 0.151562 0.373437 0.021875 0.018750
0 0.109375 0.373437 0.021875 0.018750
0 0.067187 0.373437 0.021875 0.018750
0 0.025000 0.373437 0.021875 0.018750
