10 0.487500 0.325781 0.034375 0.020313
9 0.792188 0.364844 0.003125 0.067187
9 0.423438 0.364844 0.003125 0.067187
9 0.046875 0.364844 0.003125 0.067187
12 0.946875 0.367188 0.015625 0.028125
9 0.885156 0.342969 0.001563 0.051562
12 0.826562 0.367188 0.015625 0.028125
9 0.761719 0.342969 0.001563 0.051562
12 0.692187 0.367188 0.015625 0.028125
8 0.710938 0.356250 0.006250 0.006250
9 0.628906 0.342969 0.001563 0.051562
12 0.570312 0.367188 0.015625 0.028125
12 0.523438 0.367188 0.015625 0.028125
9 0.503906 0.342187 0.001563 0.053125
9 0.471094 0.342187 0.001563 0.053125
9 0.392969 0.342969 0.001563 0.051562
12 0.323437 0.367188 0.015625 0.028125
8 0.343750 0.356250 0.006250 0.006250
9 0.261719 0.342969 0.001563 0.051562
12 0.201563 0.367188 0.015625 0.028125
12 0.156250 0.367188 0.015625 0.028125
9 0.125781 0.342969 0.001563 0.051562
9 0.016406 0.342969 0.001563 0.051562
0 0.992969 0.373437 0.014063 0.018750
0 0.876563 0.373437 0.021875 0.018750
0 0.751563 0.373437 0.021875 0.018750
0 0.620313 0.373437 0.021875 0.018750
0 0.493750 0.373437 0.021875 0.018750
0 0.460938 0.373437 0.021875 0.018750
0 0.384375 0.373437 0.021875 0.018750
0 0.251563 0.373437 0.021875 0.018750
0 0.117188 0.373437 0.021875 0.018750
0 0.008594 0.373437 0.017188 0.018750
