7 0.262500 0.366406 0.043750 0.114062
10 0.906250 0.325781 0.103125 0.020313
10 0.507812 0.325781 0.103125 0.020313
9 0.606250 0.364844 0.003125 0.067187
9 0.957031 0.342187 0.001563 0.053125
9 0.922656 0.342187 0.001563 0.053125
9 0.889844 0.342187 0.001563 0.053125
9 0.855469 0.342187 0.001563 0.053125
12 0.762500 0.367188 0.015625 0.028125
12 0.715625 0.367188 0.015625 0.028125
9 0.652344 0.342969 0.001563 0.051562
9 0.558594 0.342187 0.001563 0.053125
9 0.524219 0.342187 0.001563 0.053125
9 0.491406 0.342187 0.001563 0.053125
9 0.457031 0.342187 0.001563 0.053125
12 0.330469 0.364844 0.017188 0.048438
8 0.350000 0.356250 0.006250 0.006250
0 0.946875 0.373437 0.021875 0.018750
0 0.914062 0.373437 0.021875 0.018750
0 0.879687 0.373437 0.021875 0.018750
0 0.846875 0.373437 0.021875 0.018750
0 0.643750 0.373437 0.021875 0.018750
0 0.548438 0.373437 0.021875 0.018750
0 0.515625 0.373437 0.021875 0.018750
0 0.481250 0.373437 0.021875 0.018750
0 0.448437 0.373437 0.021875 0.018750
