10 0.975000 0.325781 0.050000 0.020313
10 0.484375 0.325781 0.071875 0.020313
10 0.032813 0.325781 0.065625 0.020313
9 0.667188 0.364844 0.003125 0.067187
9 0.212500 0.364844 0.003125 0.067187
9 0.950781 0.342187 0.001563 0.053125
9 0.882031 0.342969 0.001563 0.051562
12 0.770312 0.367188 0.015625 0.028125
9 0.713281 0.342969 0.001563 0.051562
12 0.575000 0.367188 0.015625 0.028125
9 0.517969 0.342187 0.001563 0.053125
9 0.449219 0.342187 0.001563 0.053125
9 0.378906 0.342969 0.001563 0.051562
12 0.246875 0.367188 0.015625 0.028125
8 0.265625 0.356250 0.006250 0.006250
12 0.120313 0.367188 0.015625 0.028125
9 0.063281 0.342187 0.001563 0.053125
0 0.942187 0.373437 0.021875 0.018750
0 0.871875 0.373437 0.021875 0.018750
0 0.704688 0.373437 0.021875 0.018750
0 0.509375 0.373437 0.021875 0.018750
0 0.439063 0.373437 0.021875 0.018750
0 0.370312 0.373437 0.021875 0.018750
0 0.054688 0.373437 0.021875 0.018750
