10 0.555469 0.325781 0.070312 0.020313
10 0.028906 0.325781 0.057813 0.020313
9 0.637500 0.364844 0.003125 0.067187
9 0.106250 0.364844 0.003125 0.067187
9 0.916406 0.342969 0.001563 0.051562
12 0.807813 0.367188 0.015625 0.028125
9 0.752344 0.342969 0.001563 0.051562
9 0.588281 0.342187 0.001563 0.053125
9 0.521094 0.342187 0.001563 0.053125
9 0.383594 0.342969 0.001563 0.051562
12 0.275000 0.367188 0.015625 0.028125
9 0.152344 0.342969 0.001563 0.051562
9 0.057031 0.342187 0.001563 0.053125
0 0.906250 0.373437 0.021875 0.018750
0 0.742188 0.373437 0.021875 0.018750
0 0.579688 0.373437 0.021875 0.018750
0 0.510938 0.373437 0.021875 0.018750
0 0.375000 0.373437 0.021875 0.018750
0 0.142187 0.373437 0.021875 0.018750
0 0.046875 0.373437 0.021875 0.018750
