10 0.960938 0.325781 0.046875 0.020313
10 0.440625 0.325781 0.046875 0.020313
9 0.648438 0.364844 0.003125 0.067187
9 0.190625 0.364844 0.003125 0.067187
9 0.983594 0.342187 0.001563 0.053125
9 0.938281 0.342187 0.001563 0.053125
9 0.849219 0.342969 0.001563 0.051562
12 0.771875 0.367188 0.015625 0.028125
9 0.694531 0.342969 0.001563 0.051562
9 0.617969 0.342969 0.001563 0.051562
12 0.540625 0.367188 0.015625 0.028125
9 0.508594 0.342969 0.001563 0.051562
9 0.463281 0.342187 0.001563 0.053125
9 0.417969 0.342187 0.001563 0.053125
9 0.327344 0.342969 0.001563 0.051562
12 0.225781 0.364844 0.017188 0.048438
9 0.160156 0.342969 0.001563 0.051562
12 0.084375 0.367188 0.015625 0.028125
9 0.050781 0.342969 0.001563 0.051562
9 0.005469 0.342187 0.001563 0.053125
0 0.975000 0.373437 0.021875 0.018750
0 0.929688 0.373437 0.021875 0.018750
0 0.839063 0.373437 0.021875 0.018750
0 0.685937 0.373437 0.021875 0.018750
0 0.607812 0.373437 0.021875 0.018750
0 0.498437 0.373437 0.021875 0.018750
0 0.453125 0.373437 0.021875 0.018750
0 0.409375 0.373437 0.021875 0.018750
0 0.318750 0.373437 0.021875 0.018750
0 0.151562 0.373437 0.021875 0.018750
0 0.042188 0.373437 0.021875 0.018750
0 0.003906 0.373437 0.007812 0.018750
