10 0.907813 0.325781 0.046875 0.020313
10 0.818750 0.325781 0.046875 0.020313
10 0.425000 0.325781 0.046875 0.020313
10 0.246875 0.325781 0.046875 0.020313
14 0.687500 0.364844 0.003125 0.067187
14 0.178125 0.364844 0.003125 0.067187
11 0.960938 0.367188 0.015625 0.028125
9 0.928906 0.342187 0.001563 0.053125
9 0.885156 0.342187 0.001563 0.053125
9 0.839844 0.342187 0.001563 0.053125
9 0.796094 0.342187 0.001563 0.053125
11 0.720313 0.367188 0.015625 0.028125
11 0.629687 0.367188 0.015625 0.028125
9 0.553906 0.342969 0.001563 0.051562
11 0.478125 0.367188 0.015625 0.028125
9 0.446094 0.342187 0.001563 0.053125
9 0.402344 0.342187 0.001563 0.053125
9 0.358594 0.342969 0.001563 0.051562
9 0.269531 0.342187 0.001563 0.053125
9 0.224219 0.342187 0.001563 0.053125
11 0.121875 0.367188 0.015625 0.028125
9 0.046094 0.342969 0.001563 0.051562
0 0.920312 0.373437 0.021875 0.018750
0 0.875000 0.373437 0.021875 0.018750
0 0.831250 0.373437 0.021875 0.018750
0 0.785937 0.373437 0.021875 0.018750
0 0.545312 0.373437 0.021875 0.018750
0 0.437500 0.373437 0.021875 0.018750
0 0.393750 0.373437 0.021875 0.018750
0 0.348438 0.373437 0.021875 0.018750
0 0.259375 0.373437 0.021875 0.018750
0 0.215625 0.373437 0.021875 0.018750
0 0.035937 0.373437 0.021875 0.018750
