10 0.982031 0.325781 0.035937 0.020313
10 0.866406 0.325781 0.067187 0.020313
10 0.522656 0.325781 0.067187 0.020313
10 0.261719 0.325781 0.067187 0.020313
10 0.021875 0.325781 0.043750 0.020313
9 0.695312 0.364844 0.003125 0.067187
9 0.182812 0.364844 0.003125 0.067187
9 0.964844 0.342187 0.001563 0.053125
9 0.899219 0.342187 0.001563 0.053125
9 0.833594 0.342187 0.001563 0.053125
12 0.729688 0.367188 0.015625 0.028125
12 0.609375 0.367188 0.015625 0.028125
9 0.555469 0.342187 0.001563 0.053125
9 0.489844 0.342187 0.001563 0.053125
9 0.425781 0.342969 0.001563 0.051562
9 0.294531 0.342187 0.001563 0.053125
9 0.228906 0.342187 0.001563 0.053125
12 0.096875 0.367188 0.015625 0.028125
9 0.042969 0.342187 0.001563 0.053125
0 0.954688 0.373437 0.021875 0.018750
0 0.890625 0.373437 0.021875 0.018750
0 0.825000 0.373437 0.021875 0.018750
0 0.546875 0.373437 0.021875 0.018750
0 0.481250 0.373437 0.021875 0.018750
0 0.415625 0.373437 0.021875 0.018750
0 0.284375 0.373437 0.021875 0.018750
0 0.220312 0.373437 0.021875 0.018750
0 0.034375 0.373437 0.021875 0.018750
