10 0.225000 0.325781 0.112500 0.020313
9 0.860938 0.364844 0.003125 0.067187
9 0.500000 0.364844 0.003125 0.067187
9 0.123438 0.364844 0.003125 0.067187
9 0.802344 0.342969 0.001563 0.051562
12 0.737500 0.367188 0.015625 0.028125
12 0.685937 0.367188 0.015625 0.028125
9 0.619531 0.342969 0.001563 0.051562
12 0.535156 0.364844 0.017188 0.048438
9 0.441406 0.342969 0.001563 0.051562
12 0.376563 0.367188 0.015625 0.028125
12 0.303906 0.364844 0.017188 0.048438
9 0.278906 0.342187 0.001563 0.053125
9 0.242969 0.342187 0.001563 0.053125
9 0.205469 0.342187 0.001563 0.053125
9 0.169531 0.342187 0.001563 0.053125
9 0.063281 0.342969 0.001563 0.051562
12 0.003125 0.367188 0.006250 0.028125
0 0.792188 0.373437 0.021875 0.018750
0 0.610938 0.373437 0.021875 0.018750
0 0.431250 0.373437 0.021875 0.018750
0 0.270313 0.373437 0.021875 0.018750
0 0.232813 0.373437 0.021875 0.018750
0 0.196875 0.373437 0.021875 0.018750
0 0.159375 0.373437 0.021875 0.018750
0 0.053125 0.373437 0.021875 0.018750
