9 0.860938 0.364844 0.003125 0.067187
9 0.314063 0.364844 0.003125 0.067187
9 0.802344 0.342969 0.001563 0.051562
12 0.656250 0.367188 0.015625 0.028125
8 0.676562 0.356250 0.006250 0.006250
9 0.591406 0.342969 0.001563 0.051562
9 0.438281 0.342969 0.001563 0.051562
9 0.255469 0.342969 0.001563 0.051562
12 0.109375 0.367188 0.015625 0.028125
8 0.128125 0.356250 0.006250 0.006250
9 0.044531 0.342969 0.001563 0.051562
0 0.793750 0.373437 0.021875 0.018750
0 0.582812 0.373437 0.021875 0.018750
0 0.428125 0.373437 0.021875 0.018750
0 0.246875 0.373437 0.021875 0.018750
0 0.035937 0.373437 0.021875 0.018750
