10 0.852344 0.319531 0.295312 0.032813
10 0.445312 0.319531 0.390625 0.032813
10 0.073438 0.319531 0.146875 0.032813
9 0.659375 0.364844 0.003125 0.067187
9 0.165625 0.364844 0.003125 0.067187
9 0.977344 0.335938 0.001563 0.065625
9 0.938281 0.335938 0.001563 0.065625
9 0.900781 0.335938 0.001563 0.065625
9 0.861719 0.335938 0.001563 0.065625
9 0.822656 0.335938 0.001563 0.065625
9 0.783594 0.335938 0.001563 0.065625
9 0.744531 0.335938 0.001563 0.065625
9 0.705469 0.335938 0.001563 0.065625
9 0.639844 0.335938 0.001563 0.065625
9 0.600781 0.335938 0.001563 0.065625
9 0.561719 0.335938 0.001563 0.065625
9 0.522656 0.335938 0.001563 0.065625
9 0.483594 0.335938 0.001563 0.065625
9 0.444531 0.335938 0.001563 0.065625
9 0.405469 0.335938 0.001563 0.065625
9 0.367969 0.335938 0.001563 0.065625
9 0.328906 0.335938 0.001563 0.065625
9 0.289844 0.335938 0.001563 0.065625
9 0.250781 0.335938 0.001563 0.065625
12 0.203906 0.366406 0.023438 0.060937
9 0.146094 0.335938 0.001563 0.065625
9 0.107031 0.335938 0.001563 0.065625
9 0.067969 0.335938 0.001563 0.065625
9 0.028906 0.335938 0.001563 0.065625
0 0.968750 0.373437 0.021875 0.018750
0 0.929688 0.373437 0.021875 0.018750
0 0.890625 0.373437 0.021875 0.018750
0 0.851562 0.373437 0.021875 0.018750
0 0.812500 0.373437 0.021875 0.018750
0 0.773438 0.373437 0.021875 0.018750
0 0.735938 0.373437 0.021875 0.018750
0 0.696875 0.373437 0.021875 0.018750
0 0.629687 0.373437 0.021875 0.018750
0 0.590625 0.373437 0.021875 0.018750
0 0.551562 0.373437 0.021875 0.018750
0 0.514062 0.373437 0.021875 0.018750
0 0.475000 0.373437 0.021875 0.018750
0 0.435937 0.373437 0.021875 0.018750
0 0.396875 0.373437 0.021875 0.018750
0 0.357812 0.373437 0.021875 0.018750
0 0.318750 0.373437 0.021875 0.018750
0 0.279687 0.373437 0.021875 0.018750
0 0.242188 0.373437 0.021875 0.018750
0 0.135937 0.373437 0.021875 0.018750
0 0.096875 0.373437 0.021875 0.018750
0 0.057813 0.373437 0.021875 0.018750
0 0.020313 0.373437 0.021875 0.018750
