10 0.904687 0.319531 0.056250 0.032813
10 0.392188 0.319531 0.056250 0.032813
9 0.656250 0.364844 0.003125 0.067187
9 0.223438 0.364844 0.003125 0.067187
12 0.977344 0.366406 0.023438 0.060937
9 0.932031 0.335938 0.001563 0.065625
9 0.877344 0.335938 0.001563 0.065625
12 0.747656 0.366406 0.023438 0.060937
15 0.710156 0.337500 0.017188 0.062500
9 0.702344 0.339062 0.001563 0.059375
12 0.567187 0.367188 0.015625 0.028125
15 0.533594 0.337500 0.017188 0.062500
9 0.525781 0.339062 0.001563 0.059375
12 0.463281 0.366406 0.023438 0.060937
9 0.417969 0.335938 0.001563 0.065625
9 0.364844 0.335938 0.001563 0.065625
12 0.257812 0.367188 0.015625 0.028125
12 0.134375 0.367188 0.015625 0.028125
15 0.100781 0.337500 0.017188 0.062500
9 0.092969 0.339062 0.001563 0.059375
12 0.030469 0.366406 0.023438 0.060937
0 0.921875 0.373437 0.021875 0.018750
0 0.868750 0.373437 0.021875 0.018750
0 0.693750 0.373437 0.021875 0.018750
0 0.517188 0.373437 0.021875 0.018750
0 0.409375 0.373437 0.021875 0.018750
0 0.356250 0.373437 0.021875 0.018750
0 0.084375 0.373437 0.021875 0.018750
