10 0.969531 0.325781 0.042188 0.020313
10 0.808594 0.325781 0.042188 0.020313
10 0.600000 0.325781 0.081250 0.020313
10 0.461719 0.325781 0.042188 0.020313
10 0.300781 0.325781 0.042188 0.020313
10 0.117188 0.325781 0.081250 0.020313
9 0.660937 0.364844 0.003125 0.067187
9 0.178125 0.364844 0.003125 0.067187
9 0.989844 0.342187 0.001563 0.053125
9 0.949219 0.342187 0.001563 0.053125
9 0.908594 0.342969 0.001563 0.051562
9 0.828906 0.342187 0.001563 0.053125
9 0.788281 0.342187 0.001563 0.053125
9 0.707031 0.342969 0.001563 0.051562
9 0.639844 0.342187 0.001563 0.053125
9 0.600781 0.342187 0.001563 0.053125
9 0.560156 0.342187 0.001563 0.053125
9 0.482031 0.342187 0.001563 0.053125
9 0.441406 0.342187 0.001563 0.053125
9 0.400781 0.342969 0.001563 0.051562
9 0.321094 0.342187 0.001563 0.053125
9 0.280469 0.342187 0.001563 0.053125
12 0.212500 0.367188 0.015625 0.028125
9 0.157031 0.342187 0.001563 0.053125
9 0.117969 0.342187 0.001563 0.053125
9 0.077344 0.342187 0.001563 0.053125
0 0.979688 0.373437 0.021875 0.018750
0 0.940625 0.373437 0.021875 0.018750
0 0.898438 0.373437 0.021875 0.018750
0 0.818750 0.373437 0.021875 0.018750
0 0.779687 0.373437 0.021875 0.018750
0 0.698438 0.373437 0.021875 0.018750
0 0.631250 0.373437 0.021875 0.018750
0 0.590625 0.373437 0.021875 0.018750
0 0.551562 0.373437 0.021875 0.018750
0 0.471875 0.373437 0.021875 0.018750
0 0.432812 0.373437 0.021875 0.018750
0 0.390625 0.373437 0.021875 0.018750
0 0.310937 0.373437 0.021875 0.018750
0 0.271875 0.373437 0.021875 0.018750
0 0.148438 0.373437 0.021875 0.018750
0 0.107813 0.373437 0.021875 0.018750
0 0.068750 0.373437 0.021875 0.018750
