10 0.682813 0.319531 0.093750 0.032813
10 0.466406 0.319531 0.048438 0.032813
10 0.171875 0.319531 0.093750 0.032813
14 0.860938 0.364844 0.003125 0.067187
14 0.350000 0.364844 0.003125 0.067187
14 0.839844 0.337500 0.017188 0.062500
9 0.832031 0.339062 0.001563 0.059375
9 0.728906 0.335938 0.001563 0.065625
9 0.683594 0.335938 0.001563 0.065625
9 0.636719 0.335938 0.001563 0.065625
11 0.525781 0.366406 0.023438 0.060937
9 0.488281 0.335938 0.001563 0.065625
9 0.442969 0.335938 0.001563 0.065625
11 0.388281 0.366406 0.023438 0.060937
14 0.328906 0.337500 0.017188 0.062500
9 0.321094 0.339062 0.001563 0.059375
9 0.217969 0.335938 0.001563 0.065625
9 0.171094 0.335938 0.001563 0.065625
9 0.125781 0.335938 0.001563 0.065625
11 0.014844 0.366406 0.023438 0.060937
0 0.821875 0.373437 0.021875 0.018750
0 0.718750 0.373437 0.021875 0.018750
0 0.673438 0.373437 0.021875 0.018750
0 0.628125 0.373437 0.021875 0.018750
0 0.478125 0.373437 0.021875 0.018750
0 0.432812 0.373437 0.021875 0.018750
0 0.310937 0.373437 0.021875 0.018750
0 0.207813 0.373437 0.021875 0.018750
0 0.162500 0.373437 0.021875 0.018750
0 0.117188 0.373437 0.021875 0.018750
