10 0.589844 0.325781 0.042188 0.020313
10 0.469531 0.325781 0.123438 0.020313
10 0.089844 0.325781 0.042188 0.020313
10 0.015625 0.325781 0.031250 0.020313
9 0.860938 0.364844 0.003125 0.067187
9 0.362500 0.364844 0.003125 0.067187
9 0.830469 0.342969 0.001563 0.051562
12 0.760938 0.367188 0.015625 0.028125
9 0.732031 0.342969 0.001563 0.051562
9 0.689844 0.342969 0.001563 0.051562
9 0.610156 0.342187 0.001563 0.053125
9 0.569531 0.342187 0.001563 0.053125
9 0.528906 0.342187 0.001563 0.053125
9 0.488281 0.342187 0.001563 0.053125
9 0.449219 0.342187 0.001563 0.053125
9 0.408594 0.342187 0.001563 0.053125
9 0.332031 0.342969 0.001563 0.051562
12 0.262500 0.367188 0.015625 0.028125
9 0.232031 0.342969 0.001563 0.051562
9 0.191406 0.342969 0.001563 0.051562
9 0.110156 0.342187 0.001563 0.053125
9 0.069531 0.342187 0.001563 0.053125
9 0.030469 0.342187 0.001563 0.053125
0 0.821875 0.373437 0.021875 0.018750
0 0.721875 0.373437 0.021875 0.018750
0 0.681250 0.373437 0.021875 0.018750
0 0.600000 0.373437 0.021875 0.018750
0 0.560937 0.373437 0.021875 0.018750
0 0.520312 0.373437 0.021875 0.018750
0 0.479687 0.373437 0.021875 0.018750
0 0.439063 0.373437 0.021875 0.018750
0 0.398438 0.373437 0.021875 0.018750
0 0.321875 0.373437 0.021875 0.018750
0 0.223438 0.373437 0.021875 0.018750
0 0.181250 0.373437 0.021875 0.018750
0 0.101562 0.373437 0.021875 0.018750
0 0.060937 0.373437 0.021875 0.018750
0 0.020313 0.373437 0.021875 0.018750
