10 0.813281 0.325781 0.067187 0.020313
10 0.411719 0.325781 0.067187 0.020313
10 0.021875 0.325781 0.043750 0.020313
9 0.860938 0.364844 0.003125 0.067187
9 0.459375 0.364844 0.003125 0.067187
9 0.057813 0.364844 0.003125 0.067187
9 0.846094 0.342187 0.001563 0.053125
9 0.813281 0.342187 0.001563 0.053125
9 0.780469 0.342187 0.001563 0.053125
9 0.674219 0.342969 0.001563 0.051562
12 0.614062 0.367188 0.015625 0.028125
12 0.568750 0.367188 0.015625 0.028125
9 0.538281 0.342969 0.001563 0.051562
9 0.444531 0.342187 0.001563 0.053125
9 0.411719 0.342187 0.001563 0.053125
9 0.378906 0.342187 0.001563 0.053125
9 0.271094 0.342969 0.001563 0.051562
12 0.212500 0.367188 0.015625 0.028125
12 0.167187 0.367188 0.015625 0.028125
9 0.103906 0.342969 0.001563 0.051562
9 0.042969 0.342187 0.001563 0.053125
9 0.010156 0.342187 0.001563 0.053125
0 0.837500 0.373437 0.021875 0.018750
0 0.804688 0.373437 0.021875 0.018750
0 0.771875 0.373437 0.021875 0.018750
0 0.664062 0.373437 0.021875 0.018750
0 0.529687 0.373437 0.021875 0.018750
0 0.435937 0.373437 0.021875 0.018750
0 0.403125 0.373437 0.021875 0.018750
0 0.370312 0.373437 0.021875 0.018750
0 0.262500 0.373437 0.021875 0.018750
0 0.095312 0.373437 0.021875 0.018750
0 0.034375 0.373437 0.021875 0.018750
0 0.006250 0.373437 0.012500 0.018750
