7 0.232813 0.977344 0.043750 0.045312
7 0.232813 0.688281 0.043750 0.114062
7 0.232813 0.527344 0.043750 0.114062
7 0.232813 0.850781 0.043750 0.114062
7 0.232813 0.366406 0.043750 0.114062
10 0.876563 0.409375 0.153125 0.025000
10 0.607812 0.418750 0.153125 0.025000
10 0.367188 0.425000 0.153125 0.025000
10 0.895312 0.566406 0.190625 0.032813
10 0.626563 0.572656 0.190625 0.035937
10 0.385937 0.578125 0.190625 0.040625
10 0.842969 0.728906 0.085938 0.035937
10 0.574219 0.738281 0.085938 0.035937
10 0.333594 0.746094 0.085938 0.035937
10 0.856250 0.885156 0.112500 0.048438
10 0.587500 0.889844 0.112500 0.057813
10 0.346875 0.903125 0.112500 0.053125
9 0.201563 0.665625 0.003125 0.668750
9 0.775000 0.665625 0.003125 0.668750
9 0.842969 0.982031 0.001563 0.035937
12 0.959375 0.851562 0.015625 0.028125
9 0.911719 0.846094 0.001563 0.085938
9 0.800781 0.882031 0.001563 0.045312
12 0.690625 0.851562 0.015625 0.028125
9 0.642969 0.850000 0.001563 0.078125
9 0.532031 0.890625 0.001563 0.046875
12 0.450000 0.851562 0.015625 0.028125
9 0.400781 0.861719 0.001563 0.085938
9 0.291406 0.901563 0.001563 0.050000
12 0.959375 0.690625 0.015625 0.028125
9 0.885156 0.685156 0.001563 0.085938
9 0.800781 0.721094 0.001563 0.045312
12 0.690625 0.690625 0.015625 0.028125
9 0.616406 0.692969 0.001563 0.085938
9 0.532031 0.728906 0.001563 0.045312
12 0.450000 0.690625 0.015625 0.028125
9 0.375781 0.700781 0.001563 0.085938
9 0.291406 0.736719 0.001563 0.045312
9 0.989844 0.522656 0.001563 0.085938
9 0.800781 0.558594 0.001563 0.042188
9 0.721094 0.529687 0.001563 0.081250
9 0.532031 0.566406 0.001563 0.042188
9 0.480469 0.535937 0.001563 0.078125
9 0.291406 0.574219 0.001563 0.042188
9 0.952344 0.359375 0.001563 0.081250
9 0.800781 0.396094 0.001563 0.042188
9 0.683594 0.367969 0.001563 0.082812
9 0.532031 0.403906 0.001563 0.042188
9 0.442969 0.375000 0.001563 0.081250
9 0.291406 0.413281 0.001563 0.042188
0 0.853125 0.962500 0.021875 0.018750
0 0.584375 0.970313 0.021875 0.018750
0 0.343750 0.978125 0.021875 0.018750
0 0.921875 0.800000 0.021875 0.018750
0 0.810937 0.857812 0.021875 0.018750
0 0.653125 0.809375 0.021875 0.018750
0 0.542188 0.865625 0.021875 0.018750
0 0.410938 0.817187 0.021875 0.018750
0 0.301563 0.873437 0.021875 0.018750
0 0.895312 0.639062 0.021875 0.018750
0 0.810937 0.695312 0.021875 0.018750
0 0.626563 0.646875 0.021875 0.018750
0 0.542188 0.703125 0.021875 0.018750
0 0.385937 0.654687 0.021875 0.018750
0 0.301563 0.712500 0.021875 0.018750
0 0.994531 0.478125 0.010937 0.018750
0 0.810937 0.534375 0.021875 0.018750
0 0.731250 0.485938 0.021875 0.018750
0 0.542188 0.542188 0.021875 0.018750
0 0.490625 0.493750 0.021875 0.018750
0 0.301563 0.550000 0.021875 0.018750
0 0.962500 0.315625 0.021875 0.018750
0 0.810937 0.373437 0.021875 0.018750
0 0.693750 0.325000 0.021875 0.018750
0 0.542188 0.381250 0.021875 0.018750
0 0.453125 0.332813 0.021875 0.018750
0 0.301563 0.389062 0.021875 0.018750
