10 0.896094 0.319531 0.129688 0.032813
10 0.726562 0.319531 0.043750 0.032813
10 0.386719 0.319531 0.129688 0.032813
9 0.659375 0.364844 0.003125 0.067187
9 0.148438 0.364844 0.003125 0.067187
12 0.990625 0.366406 0.018750 0.060937
9 0.960156 0.335938 0.001563 0.065625
9 0.916406 0.335938 0.001563 0.065625
9 0.874219 0.335938 0.001563 0.065625
9 0.832031 0.335938 0.001563 0.065625
12 0.782031 0.366406 0.023438 0.060937
9 0.747656 0.335938 0.001563 0.065625
9 0.705469 0.335938 0.001563 0.065625
15 0.636719 0.337500 0.017188 0.062500
9 0.628906 0.339062 0.001563 0.059375
15 0.541406 0.337500 0.017188 0.062500
9 0.533594 0.339062 0.001563 0.059375
12 0.483594 0.366406 0.023438 0.060937
9 0.449219 0.335938 0.001563 0.065625
9 0.407031 0.335938 0.001563 0.065625
9 0.364844 0.335938 0.001563 0.065625
9 0.322656 0.335938 0.001563 0.065625
12 0.271094 0.366406 0.023438 0.060937
15 0.244531 0.337500 0.017188 0.062500
9 0.236719 0.339062 0.001563 0.059375
12 0.186719 0.366406 0.023438 0.060937
15 0.127344 0.337500 0.017188 0.062500
9 0.119531 0.339062 0.001563 0.059375
15 0.032031 0.337500 0.017188 0.062500
9 0.024219 0.339062 0.001563 0.059375
0 0.950000 0.373437 0.021875 0.018750
0 0.907813 0.373437 0.021875 0.018750
0 0.865625 0.373437 0.021875 0.018750
0 0.823438 0.373437 0.021875 0.018750
0 0.739062 0.373437 0.021875 0.018750
0 0.695312 0.373437 0.021875 0.018750
0 0.620313 0.373437 0.021875 0.018750
0 0.525000 0.373437 0.021875 0.018750
0 0.439063 0.373437 0.021875 0.018750
0 0.396875 0.373437 0.021875 0.018750
0 0.354687 0.373437 0.021875 0.018750
0 0.312500 0.373437 0.021875 0.018750
0 0.228125 0.373437 0.021875 0.018750
0 0.109375 0.373437 0.021875 0.018750
0 0.014063 0.373437 0.021875 0.018750
