10 0.242969 0.319531 0.054688 0.032813
14 0.670312 0.364844 0.003125 0.067187
14 0.170313 0.364844 0.003125 0.067187
14 0.892969 0.337500 0.017188 0.062500
9 0.885156 0.339062 0.001563 0.059375
11 0.824219 0.366406 0.023438 0.060937
14 0.789844 0.337500 0.017188 0.062500
9 0.782031 0.339062 0.001563 0.059375
14 0.644531 0.337500 0.017188 0.062500
9 0.636719 0.339062 0.001563 0.059375
8 0.567187 0.356250 0.006250 0.006250
14 0.511719 0.337500 0.017188 0.062500
9 0.503906 0.339062 0.001563 0.059375
14 0.394531 0.337500 0.017188 0.062500
9 0.386719 0.339062 0.001563 0.059375
9 0.267969 0.335938 0.001563 0.065625
9 0.216406 0.335938 0.001563 0.065625
14 0.144531 0.337500 0.017188 0.062500
9 0.136719 0.339062 0.001563 0.059375
8 0.068750 0.356250 0.006250 0.006250
14 0.011719 0.337500 0.017188 0.062500
9 0.003906 0.339062 0.001563 0.059375
0 0.991406 0.373437 0.017188 0.018750
0 0.876563 0.373437 0.021875 0.018750
0 0.771875 0.373437 0.021875 0.018750
0 0.626563 0.373437 0.021875 0.018750
0 0.493750 0.373437 0.021875 0.018750
0 0.376563 0.373437 0.021875 0.018750
0 0.259375 0.373437 0.021875 0.018750
0 0.206250 0.373437 0.021875 0.018750
0 0.126562 0.373437 0.021875 0.018750
