10 0.982031 0.319531 0.035937 0.032813
10 0.835938 0.319531 0.087500 0.032813
10 0.510156 0.319531 0.045312 0.032813
10 0.380469 0.319531 0.048438 0.032813
10 0.250781 0.319531 0.045312 0.032813
10 0.010937 0.319531 0.021875 0.032813
9 0.693750 0.364844 0.003125 0.067187
9 0.182812 0.364844 0.003125 0.067187
9 0.964844 0.335938 0.001563 0.065625
12 0.913281 0.366406 0.023438 0.060937
9 0.878906 0.335938 0.001563 0.065625
9 0.836719 0.335938 0.001563 0.065625
9 0.792969 0.335938 0.001563 0.065625
15 0.624219 0.337500 0.017188 0.062500
9 0.616406 0.339062 0.001563 0.059375
12 0.564844 0.366406 0.023438 0.060937
9 0.532031 0.335938 0.001563 0.065625
9 0.488281 0.335938 0.001563 0.065625
12 0.438281 0.366406 0.023438 0.060937
9 0.403906 0.335938 0.001563 0.065625
9 0.357031 0.335938 0.001563 0.065625
12 0.305469 0.366406 0.023438 0.060937
9 0.271094 0.335938 0.001563 0.065625
9 0.228906 0.335938 0.001563 0.065625
15 0.113281 0.337500 0.017188 0.062500
9 0.105469 0.339062 0.001563 0.059375
12 0.053906 0.366406 0.023438 0.060937
9 0.019531 0.335938 0.001563 0.065625
0 0.992969 0.373437 0.014063 0.018750
0 0.954688 0.373437 0.021875 0.018750
0 0.868750 0.373437 0.021875 0.018750
0 0.826562 0.373437 0.021875 0.018750
0 0.784375 0.373437 0.021875 0.018750
0 0.607812 0.373437 0.021875 0.018750
0 0.521875 0.373437 0.021875 0.018750
0 0.479687 0.373437 0.021875 0.018750
0 0.393750 0.373437 0.021875 0.018750
0 0.346875 0.373437 0.021875 0.018750
0 0.260937 0.373437 0.021875 0.018750
0 0.218750 0.373437 0.021875 0.018750
0 0.095312 0.373437 0.021875 0.018750
0 0.010937 0.373437 0.021875 0.018750
