10 0.674219 0.319531 0.098437 0.032813
10 0.175781 0.319531 0.098437 0.032813
14 0.860938 0.364844 0.003125 0.067187
14 0.362500 0.364844 0.003125 0.067187
14 0.839844 0.337500 0.017188 0.062500
9 0.832031 0.339062 0.001563 0.059375
9 0.722656 0.335938 0.001563 0.065625
9 0.674219 0.335938 0.001563 0.065625
9 0.625781 0.335938 0.001563 0.065625
14 0.525781 0.337500 0.017188 0.062500
9 0.517969 0.339062 0.001563 0.059375
14 0.416406 0.337500 0.017188 0.062500
9 0.408594 0.339062 0.001563 0.059375
14 0.339844 0.337500 0.017188 0.062500
9 0.332031 0.339062 0.001563 0.059375
9 0.224219 0.335938 0.001563 0.065625
9 0.175781 0.335938 0.001563 0.065625
9 0.127344 0.335938 0.001563 0.065625
14 0.025781 0.337500 0.017188 0.062500
9 0.017969 0.339062 0.001563 0.059375
0 0.821875 0.373437 0.021875 0.018750
0 0.714063 0.373437 0.021875 0.018750
0 0.665625 0.373437 0.021875 0.018750
0 0.617188 0.373437 0.021875 0.018750
0 0.507812 0.373437 0.021875 0.018750
0 0.400000 0.373437 0.021875 0.018750
0 0.323437 0.373437 0.021875 0.018750
0 0.214062 0.373437 0.021875 0.018750
0 0.165625 0.373437 0.021875 0.018750
0 0.117188 0.373437 0.021875 0.018750
0 0.010156 0.373437 0.020313 0.018750
