7 0.262500 0.366406 0.043750 0.114062
10 0.968750 0.325781 0.062500 0.020313
10 0.705469 0.325781 0.123438 0.020313
10 0.371875 0.325781 0.062500 0.020313
9 0.806250 0.364844 0.003125 0.067187
9 0.999219 0.342187 0.001563 0.053125
9 0.938281 0.342187 0.001563 0.053125
12 0.840625 0.367188 0.015625 0.028125
9 0.764844 0.342187 0.001563 0.053125
9 0.703906 0.342187 0.001563 0.053125
9 0.644531 0.342187 0.001563 0.053125
9 0.522656 0.342969 0.001563 0.051562
9 0.402344 0.342187 0.001563 0.053125
9 0.341406 0.342187 0.001563 0.053125
0 0.989062 0.373437 0.021875 0.018750
0 0.929688 0.373437 0.021875 0.018750
0 0.756250 0.373437 0.021875 0.018750
0 0.695312 0.373437 0.021875 0.018750
0 0.634375 0.373437 0.021875 0.018750
0 0.514062 0.373437 0.021875 0.018750
0 0.392188 0.373437 0.021875 0.018750
0 0.332813 0.373437 0.021875 0.018750
