10 0.750781 0.325781 0.035937 0.020313
10 0.447656 0.325781 0.035937 0.020313
10 0.091406 0.325781 0.104688 0.020313
14 0.865625 0.364844 0.003125 0.067187
14 0.564063 0.364844 0.003125 0.067187
14 0.315625 0.364844 0.003125 0.067187
11 0.976562 0.367188 0.015625 0.028125
9 0.946094 0.342969 0.001563 0.051562
11 0.789844 0.364844 0.017188 0.048438
8 0.809375 0.356250 0.006250 0.006250
9 0.767969 0.342187 0.001563 0.053125
9 0.733594 0.342187 0.001563 0.053125
11 0.673438 0.367188 0.015625 0.028125
9 0.610156 0.342969 0.001563 0.051562
11 0.486719 0.364844 0.017188 0.048438
8 0.507812 0.356250 0.006250 0.006250
9 0.464844 0.342187 0.001563 0.053125
9 0.430469 0.342187 0.001563 0.053125
11 0.350781 0.364844 0.017188 0.048438
11 0.239844 0.364844 0.017188 0.048438
8 0.259375 0.356250 0.006250 0.006250
9 0.210156 0.342969 0.001563 0.051562
9 0.141406 0.342187 0.001563 0.053125
9 0.107031 0.342187 0.001563 0.053125
9 0.074219 0.342187 0.001563 0.053125
9 0.039844 0.342187 0.001563 0.053125
0 0.937500 0.373437 0.021875 0.018750
0 0.757812 0.373437 0.021875 0.018750
0 0.723437 0.373437 0.021875 0.018750
0 0.600000 0.373437 0.021875 0.018750
0 0.454688 0.373437 0.021875 0.018750
0 0.421875 0.373437 0.021875 0.018750
0 0.200000 0.373437 0.021875 0.018750
0 0.132812 0.373437 0.021875 0.018750
0 0.098437 0.373437 0.021875 0.018750
0 0.064062 0.373437 0.021875 0.018750
0 0.029687 0.373437 0.021875 0.018750
