7 0.262500 0.366406 0.043750 0.114062
10 0.931250 0.325781 0.137500 0.020313
10 0.432812 0.325781 0.093750 0.020313
14 0.817187 0.364844 0.003125 0.067187
9 0.999219 0.342187 0.001563 0.053125
9 0.953906 0.342187 0.001563 0.053125
9 0.908594 0.342187 0.001563 0.053125
9 0.863281 0.342187 0.001563 0.053125
9 0.744531 0.342969 0.001563 0.051562
11 0.667188 0.367188 0.015625 0.028125
9 0.588281 0.342969 0.001563 0.051562
11 0.510938 0.367188 0.015625 0.028125
9 0.478906 0.342187 0.001563 0.053125
9 0.432031 0.342187 0.001563 0.053125
9 0.386719 0.342187 0.001563 0.053125
0 0.989844 0.373437 0.020313 0.018750
0 0.945312 0.373437 0.021875 0.018750
0 0.898438 0.373437 0.021875 0.018750
0 0.853125 0.373437 0.021875 0.018750
0 0.734375 0.373437 0.021875 0.018750
0 0.579688 0.373437 0.021875 0.018750
0 0.468750 0.373437 0.021875 0.018750
0 0.423438 0.373437 0.021875 0.018750
0 0.378125 0.373437 0.021875 0.018750
