9 0.860938 0.364844 0.003125 0.067187
9 0.362500 0.364844 0.003125 0.067187
12 0.822656 0.366406 0.023438 0.060937
15 0.791406 0.337500 0.017188 0.062500
9 0.783594 0.339062 0.001563 0.059375
15 0.622656 0.337500 0.017188 0.062500
9 0.614844 0.339062 0.001563 0.059375
12 0.557031 0.366406 0.023438 0.060937
15 0.525781 0.337500 0.017188 0.062500
9 0.517969 0.339062 0.001563 0.059375
15 0.416406 0.337500 0.017188 0.062500
9 0.408594 0.339062 0.001563 0.059375
12 0.324219 0.366406 0.023438 0.060937
15 0.291406 0.337500 0.017188 0.062500
9 0.283594 0.339062 0.001563 0.059375
15 0.122656 0.337500 0.017188 0.062500
9 0.114844 0.339062 0.001563 0.059375
12 0.058594 0.366406 0.023438 0.060937
15 0.025781 0.337500 0.017188 0.062500
9 0.017969 0.339062 0.001563 0.059375
0 0.775000 0.373437 0.021875 0.018750
0 0.604688 0.373437 0.021875 0.018750
0 0.507812 0.373437 0.021875 0.018750
0 0.400000 0.373437 0.021875 0.018750
0 0.275000 0.373437 0.021875 0.018750
0 0.106250 0.373437 0.021875 0.018750
0 0.010156 0.373437 0.020313 0.018750
