7 0.262500 0.366406 0.043750 0.114062
10 0.874219 0.319531 0.045312 0.032813
10 0.598437 0.319531 0.087500 0.032813
14 0.806250 0.364844 0.003125 0.067187
14 0.988281 0.337500 0.017188 0.062500
9 0.980469 0.339062 0.001563 0.059375
11 0.928906 0.366406 0.023438 0.060937
9 0.894531 0.335938 0.001563 0.065625
9 0.852344 0.335938 0.001563 0.065625
11 0.772656 0.366406 0.023438 0.060937
14 0.746094 0.337500 0.017188 0.062500
9 0.738281 0.339062 0.001563 0.059375
9 0.641406 0.335938 0.001563 0.065625
9 0.599219 0.335938 0.001563 0.065625
9 0.555469 0.335938 0.001563 0.065625
11 0.503906 0.366406 0.023438 0.060937
14 0.477344 0.337500 0.017188 0.062500
9 0.469531 0.339062 0.001563 0.059375
11 0.419531 0.366406 0.023438 0.060937
14 0.392969 0.337500 0.017188 0.062500
9 0.385156 0.339062 0.001563 0.059375
11 0.333594 0.366406 0.023438 0.060937
0 0.971875 0.373437 0.021875 0.018750
0 0.885938 0.373437 0.021875 0.018750
0 0.842187 0.373437 0.021875 0.018750
0 0.729688 0.373437 0.021875 0.018750
0 0.632812 0.373437 0.021875 0.018750
0 0.589063 0.373437 0.021875 0.018750
0 0.546875 0.373437 0.021875 0.018750
0 0.460938 0.373437 0.021875 0.018750
0 0.375000 0.373437 0.021875 0.018750
