10 0.816406 0.319531 0.045312 0.032813
10 0.665625 0.319531 0.087500 0.032813
10 0.419531 0.319531 0.045312 0.032813
10 0.305469 0.319531 0.045312 0.032813
10 0.154688 0.319531 0.087500 0.032813
9 0.860938 0.364844 0.003125 0.067187
9 0.351562 0.364844 0.003125 0.067187
9 0.836719 0.335938 0.001563 0.065625
9 0.794531 0.335938 0.001563 0.065625
12 0.742969 0.366406 0.023438 0.060937
9 0.708594 0.335938 0.001563 0.065625
9 0.666406 0.335938 0.001563 0.065625
9 0.622656 0.335938 0.001563 0.065625
15 0.533594 0.337500 0.017188 0.062500
9 0.525781 0.339062 0.001563 0.059375
12 0.474219 0.366406 0.023438 0.060937
9 0.439844 0.335938 0.001563 0.065625
9 0.397656 0.335938 0.001563 0.065625
9 0.327344 0.335938 0.001563 0.065625
9 0.283594 0.335938 0.001563 0.065625
12 0.232031 0.366406 0.023438 0.060937
9 0.197656 0.335938 0.001563 0.065625
9 0.155469 0.335938 0.001563 0.065625
9 0.111719 0.335938 0.001563 0.065625
15 0.024219 0.337500 0.017188 0.062500
9 0.016406 0.339062 0.001563 0.059375
0 0.828125 0.373437 0.021875 0.018750
0 0.785937 0.373437 0.021875 0.018750
0 0.700000 0.373437 0.021875 0.018750
0 0.656250 0.373437 0.021875 0.018750
0 0.614062 0.373437 0.021875 0.018750
0 0.517188 0.373437 0.021875 0.018750
0 0.431250 0.373437 0.021875 0.018750
0 0.387500 0.373437 0.021875 0.018750
0 0.317188 0.373437 0.021875 0.018750
0 0.275000 0.373437 0.021875 0.018750
0 0.189062 0.373437 0.021875 0.018750
0 0.145313 0.373437 0.021875 0.018750
0 0.103125 0.373437 0.021875 0.018750
0 0.008594 0.373437 0.017188 0.018750
