7 0.262500 0.366406 0.043750 0.114062
10 0.980469 0.325781 0.039062 0.020313
10 0.483594 0.325781 0.045312 0.020313
9 0.767188 0.364844 0.003125 0.067187
9 0.961719 0.342187 0.001563 0.053125
9 0.917969 0.342969 0.001563 0.051562
12 0.843750 0.367188 0.015625 0.028125
9 0.813281 0.342969 0.001563 0.051562
12 0.710938 0.367188 0.015625 0.028125
9 0.680469 0.342969 0.001563 0.051562
9 0.592969 0.342969 0.001563 0.051562
9 0.505469 0.342187 0.001563 0.053125
9 0.461719 0.342187 0.001563 0.053125
9 0.417969 0.342969 0.001563 0.051562
12 0.329688 0.367188 0.015625 0.028125
8 0.348438 0.356250 0.006250 0.006250
0 0.992969 0.373437 0.014063 0.018750
0 0.953125 0.373437 0.021875 0.018750
0 0.909375 0.373437 0.021875 0.018750
0 0.803125 0.373437 0.021875 0.018750
0 0.670312 0.373437 0.021875 0.018750
0 0.582812 0.373437 0.021875 0.018750
0 0.495312 0.373437 0.021875 0.018750
0 0.451562 0.373437 0.021875 0.018750
0 0.407813 0.373437 0.021875 0.018750
