7 0.262500 0.366406 0.043750 0.114062
14 0.768750 0.364844 0.003125 0.067187
11 0.967969 0.366406 0.023438 0.060937
14 0.930469 0.337500 0.017188 0.062500
9 0.922656 0.339062 0.001563 0.059375
11 0.860156 0.366406 0.023438 0.060937
14 0.822656 0.337500 0.017188 0.062500
9 0.814844 0.339062 0.001563 0.059375
11 0.679688 0.367188 0.015625 0.028125
14 0.646094 0.337500 0.017188 0.062500
9 0.638281 0.339062 0.001563 0.059375
14 0.524219 0.337500 0.017188 0.062500
9 0.516406 0.339062 0.001563 0.059375
11 0.453906 0.366406 0.023438 0.060937
14 0.416406 0.337500 0.017188 0.062500
9 0.408594 0.339062 0.001563 0.059375
0 0.912500 0.373437 0.021875 0.018750
0 0.804688 0.373437 0.021875 0.018750
0 0.628125 0.373437 0.021875 0.018750
0 0.507812 0.373437 0.021875 0.018750
0 0.400000 0.373437 0.021875 0.018750
