10 0.579688 0.325781 0.040625 0.020313
10 0.460938 0.325781 0.040625 0.020313
10 0.073438 0.325781 0.040625 0.020313
9 0.860938 0.364844 0.003125 0.067187
9 0.356250 0.364844 0.003125 0.067187
9 0.799219 0.342969 0.001563 0.051562
9 0.717969 0.342969 0.001563 0.051562
9 0.677344 0.342969 0.001563 0.051562
9 0.599219 0.342187 0.001563 0.053125
9 0.560156 0.342187 0.001563 0.053125
9 0.480469 0.342187 0.001563 0.053125
9 0.441406 0.342187 0.001563 0.053125
9 0.294531 0.342969 0.001563 0.051562
9 0.213281 0.342969 0.001563 0.051562
9 0.172656 0.342969 0.001563 0.051562
9 0.094531 0.342187 0.001563 0.053125
9 0.053906 0.342187 0.001563 0.053125
0 0.790625 0.373437 0.021875 0.018750
0 0.709375 0.373437 0.021875 0.018750
0 0.667188 0.373437 0.021875 0.018750
0 0.589063 0.373437 0.021875 0.018750
0 0.550000 0.373437 0.021875 0.018750
0 0.471875 0.373437 0.021875 0.018750
0 0.432812 0.373437 0.021875 0.018750
0 0.285938 0.373437 0.021875 0.018750
0 0.204687 0.373437 0.021875 0.018750
0 0.162500 0.373437 0.021875 0.018750
0 0.084375 0.373437 0.021875 0.018750
0 0.045312 0.373437 0.021875 0.018750
