7 0.262500 0.366406 0.043750 0.114062
10 0.947656 0.319531 0.085938 0.032813
10 0.605469 0.319531 0.085938 0.032813
10 0.436719 0.319531 0.085938 0.032813
9 0.773438 0.364844 0.003125 0.067187
9 0.989844 0.335938 0.001563 0.065625
9 0.947656 0.335938 0.001563 0.065625
9 0.905469 0.335938 0.001563 0.065625
12 0.853906 0.366406 0.023438 0.060937
15 0.827344 0.337500 0.017188 0.062500
9 0.819531 0.339062 0.001563 0.059375
15 0.752344 0.337500 0.017188 0.062500
9 0.744531 0.339062 0.001563 0.059375
9 0.649219 0.335938 0.001563 0.065625
9 0.607031 0.335938 0.001563 0.065625
9 0.563281 0.335938 0.001563 0.065625
12 0.513281 0.366406 0.023438 0.060937
9 0.478906 0.335938 0.001563 0.065625
9 0.436719 0.335938 0.001563 0.065625
9 0.394531 0.335938 0.001563 0.065625
0 0.979688 0.373437 0.021875 0.018750
0 0.937500 0.373437 0.021875 0.018750
0 0.895312 0.373437 0.021875 0.018750
0 0.810937 0.373437 0.021875 0.018750
0 0.734375 0.373437 0.021875 0.018750
0 0.639062 0.373437 0.021875 0.018750
0 0.596875 0.373437 0.021875 0.018750
0 0.554688 0.373437 0.021875 0.018750
0 0.470313 0.373437 0.021875 0.018750
0 0.428125 0.373437 0.021875 0.018750
0 0.384375 0.373437 0.021875 0.018750
