10 0.882812 0.319531 0.046875 0.032813
10 0.516406 0.319531 0.048438 0.032813
10 0.382812 0.319531 0.046875 0.032813
10 0.239063 0.319531 0.046875 0.032813
10 0.020313 0.319531 0.040625 0.032813
9 0.670312 0.364844 0.003125 0.067187
9 0.170313 0.364844 0.003125 0.067187
9 0.992969 0.335938 0.001563 0.065625
12 0.939844 0.366406 0.023438 0.060937
9 0.903906 0.335938 0.001563 0.065625
9 0.860156 0.335938 0.001563 0.065625
12 0.807031 0.366406 0.023438 0.060937
15 0.778906 0.337500 0.017188 0.062500
9 0.771094 0.339062 0.001563 0.059375
15 0.647656 0.337500 0.017188 0.062500
9 0.639844 0.339062 0.001563 0.059375
9 0.539844 0.335938 0.001563 0.065625
9 0.492969 0.335938 0.001563 0.065625
12 0.439844 0.366406 0.023438 0.060937
9 0.403906 0.335938 0.001563 0.065625
9 0.360156 0.335938 0.001563 0.065625
9 0.260156 0.335938 0.001563 0.065625
9 0.216406 0.335938 0.001563 0.065625
15 0.147656 0.337500 0.017188 0.062500
9 0.139844 0.339062 0.001563 0.059375
9 0.039844 0.335938 0.001563 0.065625
0 0.982812 0.373437 0.021875 0.018750
0 0.895312 0.373437 0.021875 0.018750
0 0.850000 0.373437 0.021875 0.018750
0 0.762500 0.373437 0.021875 0.018750
0 0.631250 0.373437 0.021875 0.018750
0 0.531250 0.373437 0.021875 0.018750
0 0.484375 0.373437 0.021875 0.018750
0 0.395313 0.373437 0.021875 0.018750
0 0.351562 0.373437 0.021875 0.018750
0 0.251563 0.373437 0.021875 0.018750
0 0.206250 0.373437 0.021875 0.018750
0 0.131250 0.373437 0.021875 0.018750
0 0.031250 0.373437 0.021875 0.018750
