10 0.849219 0.325781 0.039062 0.020313
9 0.784375 0.364844 0.003125 0.067187
9 0.393750 0.364844 0.003125 0.067187
9 0.003125 0.364844 0.003125 0.067187
9 0.957031 0.342969 0.001563 0.051562
12 0.892188 0.367188 0.015625 0.028125
9 0.866406 0.342187 0.001563 0.053125
9 0.830469 0.342187 0.001563 0.053125
12 0.716406 0.364844 0.017188 0.048438
9 0.649219 0.342969 0.001563 0.051562
9 0.571094 0.342969 0.001563 0.051562
12 0.506250 0.367188 0.015625 0.028125
9 0.477344 0.342969 0.001563 0.051562
12 0.325781 0.364844 0.017188 0.048438
9 0.260156 0.342969 0.001563 0.051562
9 0.180469 0.342969 0.001563 0.051562
12 0.115625 0.367188 0.015625 0.028125
9 0.049219 0.342969 0.001563 0.051562
0 0.946875 0.373437 0.021875 0.018750
0 0.857812 0.373437 0.021875 0.018750
0 0.820312 0.373437 0.021875 0.018750
0 0.640625 0.373437 0.021875 0.018750
0 0.560937 0.373437 0.021875 0.018750
0 0.467187 0.373437 0.021875 0.018750
0 0.250000 0.373437 0.021875 0.018750
0 0.171875 0.373437 0.021875 0.018750
0 0.040625 0.373437 0.021875 0.018750
