10 0.714063 0.319531 0.103125 0.032813
10 0.267188 0.319531 0.103125 0.032813
10 0.043750 0.319531 0.087500 0.032813
9 0.860938 0.364844 0.003125 0.067187
9 0.412500 0.364844 0.003125 0.067187
9 0.766406 0.335938 0.001563 0.065625
9 0.714844 0.335938 0.001563 0.065625
9 0.663281 0.335938 0.001563 0.065625
15 0.557031 0.337500 0.017188 0.062500
9 0.549219 0.339062 0.001563 0.059375
12 0.446875 0.367188 0.015625 0.028125
9 0.317969 0.335938 0.001563 0.065625
9 0.266406 0.335938 0.001563 0.065625
9 0.216406 0.335938 0.001563 0.065625
8 0.150000 0.356250 0.006250 0.006250
9 0.086719 0.335938 0.001563 0.065625
9 0.035156 0.335938 0.001563 0.065625
0 0.756250 0.373437 0.021875 0.018750
0 0.706250 0.373437 0.021875 0.018750
0 0.654687 0.373437 0.021875 0.018750
0 0.540625 0.373437 0.021875 0.018750
0 0.307812 0.373437 0.021875 0.018750
0 0.257812 0.373437 0.021875 0.018750
0 0.206250 0.373437 0.021875 0.018750
0 0.078125 0.373437 0.021875 0.018750
0 0.026562 0.373437 0.021875 0.018750
