7 0.262500 0.366406 0.043750 0.114062
14 0.751563 0.364844 0.003125 0.067187
9 0.953906 0.342969 0.001563 0.051562
11 0.876563 0.367188 0.015625 0.028125
9 0.797656 0.342969 0.001563 0.051562
11 0.693750 0.367188 0.015625 0.028125
9 0.614844 0.342969 0.001563 0.051562
9 0.524219 0.342969 0.001563 0.051562
9 0.432031 0.342969 0.001563 0.051562
11 0.330469 0.364844 0.017188 0.048438
0 0.943750 0.373437 0.021875 0.018750
0 0.789062 0.373437 0.021875 0.018750
0 0.606250 0.373437 0.021875 0.018750
0 0.514062 0.373437 0.021875 0.018750
0 0.423438 0.373437 0.021875 0.018750
