10 0.571875 0.325781 0.068750 0.020313
10 0.371875 0.325781 0.200000 0.020313
10 0.024219 0.325781 0.048438 0.020313
9 0.784375 0.364844 0.003125 0.067187
9 0.226562 0.364844 0.003125 0.067187
12 0.950000 0.367188 0.015625 0.028125
12 0.817969 0.364844 0.017188 0.048438
9 0.736719 0.342969 0.001563 0.051562
9 0.603906 0.342187 0.001563 0.053125
9 0.538281 0.342187 0.001563 0.053125
9 0.471094 0.342187 0.001563 0.053125
9 0.405469 0.342187 0.001563 0.053125
9 0.339844 0.342187 0.001563 0.053125
9 0.272656 0.342187 0.001563 0.053125
9 0.178906 0.342969 0.001563 0.051562
9 0.047656 0.342187 0.001563 0.053125
0 0.726562 0.373437 0.021875 0.018750
0 0.595313 0.373437 0.021875 0.018750
0 0.528125 0.373437 0.021875 0.018750
0 0.462500 0.373437 0.021875 0.018750
0 0.396875 0.373437 0.021875 0.018750
0 0.329688 0.373437 0.021875 0.018750
0 0.264062 0.373437 0.021875 0.018750
0 0.170313 0.373437 0.021875 0.018750
0 0.037500 0.373437 0.021875 0.018750
