7 0.232813 0.977344 0.043750 0.045312
7 0.232813 0.688281 0.043750 0.114062
7 0.232813 0.527344 0.043750 0.114062
7 0.232813 0.850781 0.043750 0.114062
7 0.232813 0.366406 0.043750 0.114062
10 0.907031 0.410938 0.114062 0.012500
10 0.749219 0.318750 0.114062 0.012500
10 0.544531 0.321875 0.114062 0.012500
10 0.366406 0.329688 0.114062 0.012500
10 0.920312 0.570312 0.140625 0.025000
10 0.762500 0.475781 0.140625 0.020313
10 0.557813 0.486719 0.140625 0.020313
10 0.379688 0.499219 0.140625 0.020313
10 0.882031 0.735938 0.064062 0.025000
10 0.724219 0.639062 0.064062 0.025000
10 0.519531 0.651563 0.064062 0.025000
10 0.341406 0.664062 0.064062 0.025000
10 0.891406 0.891406 0.082812 0.035937
10 0.733594 0.800781 0.082812 0.032813
10 0.528906 0.803906 0.082812 0.032813
10 0.350781 0.816406 0.082812 0.032813
10 0.708594 0.963281 0.032813 0.035937
10 0.503906 0.967969 0.032813 0.035937
10 0.325781 0.978906 0.032813 0.035937
9 0.201563 0.665625 0.003125 0.668750
9 0.646875 0.665625 0.003125 0.668750
9 0.724219 0.975000 0.001563 0.050000
9 0.692969 0.976562 0.001563 0.046875
9 0.519531 0.976562 0.001563 0.046875
9 0.488281 0.978906 0.001563 0.042188
9 0.341406 0.982812 0.001563 0.034375
9 0.310156 0.984375 0.001563 0.031250
12 0.970313 0.851562 0.015625 0.028125
9 0.932031 0.872656 0.001563 0.057813
9 0.850781 0.878125 0.001563 0.053125
12 0.792188 0.851562 0.015625 0.028125
9 0.774219 0.816406 0.001563 0.057813
9 0.692969 0.822656 0.001563 0.060937
12 0.587500 0.851562 0.015625 0.028125
9 0.569531 0.822656 0.001563 0.060937
9 0.488281 0.829688 0.001563 0.065625
12 0.409375 0.851562 0.015625 0.028125
9 0.391406 0.833594 0.001563 0.057813
9 0.310156 0.838281 0.001563 0.060937
12 0.970313 0.690625 0.015625 0.028125
9 0.913281 0.711719 0.001563 0.057813
9 0.850781 0.717187 0.001563 0.053125
12 0.792188 0.690625 0.015625 0.028125
9 0.755469 0.657813 0.001563 0.053125
9 0.692969 0.663281 0.001563 0.057813
12 0.587500 0.690625 0.015625 0.028125
9 0.549219 0.667188 0.001563 0.050000
9 0.488281 0.673438 0.001563 0.053125
12 0.409375 0.690625 0.015625 0.028125
9 0.372656 0.677344 0.001563 0.045312
9 0.310156 0.684375 0.001563 0.050000
9 0.989844 0.546875 0.001563 0.053125
9 0.850781 0.553125 0.001563 0.050000
9 0.832031 0.495312 0.001563 0.053125
9 0.692969 0.502344 0.001563 0.057813
9 0.627344 0.506250 0.001563 0.050000
9 0.488281 0.512500 0.001563 0.053125
9 0.449219 0.516406 0.001563 0.045312
9 0.310156 0.521875 0.001563 0.050000
9 0.963281 0.384375 0.001563 0.050000
9 0.850781 0.389844 0.001563 0.045312
9 0.805469 0.338281 0.001563 0.045312
9 0.692969 0.345313 0.001563 0.050000
9 0.599219 0.345313 0.001563 0.050000
9 0.488281 0.350000 0.001563 0.053125
9 0.422656 0.353125 0.001563 0.050000
9 0.310156 0.357812 0.001563 0.053125
0 0.892188 0.996875 0.021875 0.006250
0 0.942187 0.840625 0.021875 0.018750
0 0.860938 0.848437 0.021875 0.018750
0 0.764062 0.848437 0.021875 0.018750
0 0.684375 0.857812 0.021875 0.018750
0 0.559375 0.857812 0.021875 0.018750
0 0.479687 0.865625 0.021875 0.018750
0 0.382812 0.865625 0.021875 0.018750
0 0.301563 0.873437 0.021875 0.018750
0 0.923438 0.679688 0.021875 0.018750
0 0.860938 0.687500 0.021875 0.018750
0 0.745313 0.687500 0.021875 0.018750
0 0.684375 0.695312 0.021875 0.018750
0 0.540625 0.695312 0.021875 0.018750
0 0.479687 0.703125 0.021875 0.018750
0 0.362500 0.703125 0.021875 0.018750
0 0.301563 0.712500 0.021875 0.018750
0 0.994531 0.518750 0.010937 0.018750
0 0.860938 0.526563 0.021875 0.018750
0 0.823438 0.526563 0.021875 0.018750
0 0.684375 0.534375 0.021875 0.018750
0 0.617188 0.534375 0.021875 0.018750
0 0.479687 0.542188 0.021875 0.018750
0 0.440625 0.542188 0.021875 0.018750
0 0.301563 0.550000 0.021875 0.018750
0 0.973437 0.356250 0.021875 0.018750
0 0.860938 0.364063 0.021875 0.018750
0 0.795312 0.364063 0.021875 0.018750
0 0.684375 0.373437 0.021875 0.018750
0 0.590625 0.373437 0.021875 0.018750
0 0.479687 0.381250 0.021875 0.018750
0 0.412500 0.381250 0.021875 0.018750
0 0.301563 0.389062 0.021875 0.018750
