10 0.915625 0.319531 0.128125 0.032813
10 0.605469 0.319531 0.085938 0.032813
10 0.415625 0.319531 0.128125 0.032813
10 0.237500 0.319531 0.043750 0.032813
10 0.105469 0.319531 0.085938 0.032813
9 0.670312 0.364844 0.003125 0.067187
9 0.170313 0.364844 0.003125 0.067187
9 0.978906 0.335938 0.001563 0.065625
9 0.936719 0.335938 0.001563 0.065625
9 0.894531 0.335938 0.001563 0.065625
9 0.852344 0.335938 0.001563 0.065625
12 0.802344 0.366406 0.023438 0.060937
15 0.775781 0.337500 0.017188 0.062500
9 0.767969 0.339062 0.001563 0.059375
9 0.646094 0.335938 0.001563 0.065625
9 0.603906 0.335938 0.001563 0.065625
9 0.563281 0.335938 0.001563 0.065625
12 0.511719 0.366406 0.023438 0.060937
9 0.478906 0.335938 0.001563 0.065625
9 0.436719 0.335938 0.001563 0.065625
9 0.394531 0.335938 0.001563 0.065625
9 0.352344 0.335938 0.001563 0.065625
9 0.258594 0.335938 0.001563 0.065625
9 0.216406 0.335938 0.001563 0.065625
9 0.146094 0.335938 0.001563 0.065625
9 0.105469 0.335938 0.001563 0.065625
9 0.063281 0.335938 0.001563 0.065625
12 0.011719 0.366406 0.023438 0.060937
0 0.968750 0.373437 0.021875 0.018750
0 0.926562 0.373437 0.021875 0.018750
0 0.884375 0.373437 0.021875 0.018750
0 0.843750 0.373437 0.021875 0.018750
0 0.759375 0.373437 0.021875 0.018750
0 0.637500 0.373437 0.021875 0.018750
0 0.595313 0.373437 0.021875 0.018750
0 0.553125 0.373437 0.021875 0.018750
0 0.468750 0.373437 0.021875 0.018750
0 0.426563 0.373437 0.021875 0.018750
0 0.385937 0.373437 0.021875 0.018750
0 0.343750 0.373437 0.021875 0.018750
0 0.248438 0.373437 0.021875 0.018750
0 0.206250 0.373437 0.021875 0.018750
0 0.137500 0.373437 0.021875 0.018750
0 0.095312 0.373437 0.021875 0.018750
0 0.053125 0.373437 0.021875 0.018750
