10 0.832031 0.319531 0.232813 0.032813
10 0.545312 0.319531 0.040625 0.032813
10 0.351562 0.319531 0.193750 0.032813
10 0.045312 0.319531 0.040625 0.032813
9 0.670312 0.364844 0.003125 0.067187
9 0.171875 0.364844 0.003125 0.067187
12 0.977344 0.366406 0.023438 0.060937
9 0.947656 0.335938 0.001563 0.065625
9 0.908594 0.335938 0.001563 0.065625
9 0.871094 0.335938 0.001563 0.065625
9 0.832031 0.335938 0.001563 0.065625
9 0.792969 0.335938 0.001563 0.065625
9 0.755469 0.335938 0.001563 0.065625
9 0.716406 0.335938 0.001563 0.065625
15 0.647656 0.337500 0.017188 0.062500
9 0.639844 0.339062 0.001563 0.059375
12 0.592969 0.366406 0.023438 0.060937
9 0.563281 0.335938 0.001563 0.065625
9 0.525781 0.335938 0.001563 0.065625
12 0.478906 0.366406 0.023438 0.060937
9 0.447656 0.335938 0.001563 0.065625
9 0.410156 0.335938 0.001563 0.065625
9 0.371094 0.335938 0.001563 0.065625
9 0.333594 0.335938 0.001563 0.065625
9 0.294531 0.335938 0.001563 0.065625
9 0.255469 0.335938 0.001563 0.065625
12 0.208594 0.366406 0.023438 0.060937
15 0.149219 0.337500 0.017188 0.062500
9 0.141406 0.339062 0.001563 0.059375
12 0.094531 0.366406 0.023438 0.060937
9 0.064844 0.335938 0.001563 0.065625
9 0.025781 0.335938 0.001563 0.065625
0 0.937500 0.373437 0.021875 0.018750
0 0.900000 0.373437 0.021875 0.018750
0 0.860938 0.373437 0.021875 0.018750
0 0.821875 0.373437 0.021875 0.018750
0 0.784375 0.373437 0.021875 0.018750
0 0.745313 0.373437 0.021875 0.018750
0 0.707812 0.373437 0.021875 0.018750
0 0.631250 0.373437 0.021875 0.018750
0 0.554688 0.373437 0.021875 0.018750
0 0.515625 0.373437 0.021875 0.018750
0 0.439063 0.373437 0.021875 0.018750
0 0.400000 0.373437 0.021875 0.018750
0 0.362500 0.373437 0.021875 0.018750
0 0.323437 0.373437 0.021875 0.018750
0 0.284375 0.373437 0.021875 0.018750
0 0.246875 0.373437 0.021875 0.018750
0 0.132812 0.373437 0.021875 0.018750
0 0.054688 0.373437 0.021875 0.018750
0 0.017188 0.373437 0.021875 0.018750
