10 0.594531 0.319531 0.048438 0.032813
10 0.105469 0.319531 0.048438 0.032813
9 0.646875 0.364844 0.003125 0.067187
9 0.157812 0.364844 0.003125 0.067187
12 0.919531 0.366406 0.023438 0.060937
15 0.888281 0.337500 0.017188 0.062500
9 0.880469 0.339062 0.001563 0.059375
12 0.825781 0.366406 0.023438 0.060937
15 0.794531 0.337500 0.017188 0.062500
9 0.786719 0.339062 0.001563 0.059375
12 0.730469 0.366406 0.023438 0.060937
15 0.700781 0.337500 0.017188 0.062500
9 0.692969 0.339062 0.001563 0.059375
9 0.617969 0.335938 0.001563 0.065625
9 0.571094 0.335938 0.001563 0.065625
12 0.396094 0.366406 0.023438 0.060937
15 0.366406 0.337500 0.017188 0.062500
9 0.358594 0.339062 0.001563 0.059375
12 0.302344 0.366406 0.023438 0.060937
15 0.271094 0.337500 0.017188 0.062500
9 0.263281 0.339062 0.001563 0.059375
9 0.130469 0.335938 0.001563 0.065625
9 0.082031 0.335938 0.001563 0.065625
0 0.871875 0.373437 0.021875 0.018750
0 0.778125 0.373437 0.021875 0.018750
0 0.682813 0.373437 0.021875 0.018750
0 0.607812 0.373437 0.021875 0.018750
0 0.560937 0.373437 0.021875 0.018750
0 0.348438 0.373437 0.021875 0.018750
0 0.254688 0.373437 0.021875 0.018750
0 0.120313 0.373437 0.021875 0.018750
0 0.073438 0.373437 0.021875 0.018750
