9 0.645312 0.364844 0.003125 0.067187
9 0.157812 0.364844 0.003125 0.067187
15 0.936719 0.337500 0.017188 0.062500
9 0.928906 0.339062 0.001563 0.059375
12 0.872656 0.366406 0.023438 0.060937
12 0.825781 0.366406 0.023438 0.060937
15 0.794531 0.337500 0.017188 0.062500
9 0.786719 0.339062 0.001563 0.059375
12 0.730469 0.366406 0.023438 0.060937
15 0.700781 0.337500 0.017188 0.062500
9 0.692969 0.339062 0.001563 0.059375
15 0.566406 0.337500 0.017188 0.062500
9 0.558594 0.339062 0.001563 0.059375
12 0.502344 0.366406 0.023438 0.060937
15 0.413281 0.337500 0.017188 0.062500
9 0.405469 0.339062 0.001563 0.059375
12 0.349219 0.366406 0.023438 0.060937
12 0.302344 0.366406 0.023438 0.060937
15 0.271094 0.337500 0.017188 0.062500
9 0.263281 0.339062 0.001563 0.059375
15 0.078906 0.337500 0.017188 0.062500
9 0.071094 0.339062 0.001563 0.059375
12 0.014844 0.366406 0.023438 0.060937
0 0.918750 0.373437 0.021875 0.018750
0 0.778125 0.373437 0.021875 0.018750
0 0.682813 0.373437 0.021875 0.018750
0 0.550000 0.373437 0.021875 0.018750
0 0.395313 0.373437 0.021875 0.018750
0 0.254688 0.373437 0.021875 0.018750
0 0.060937 0.373437 0.021875 0.018750
