7 0.262500 0.366406 0.043750 0.114062
10 0.950000 0.319531 0.100000 0.032813
10 0.724219 0.319531 0.042188 0.032813
10 0.502344 0.319531 0.082812 0.032813
10 0.361719 0.319531 0.042188 0.032813
9 0.804688 0.364844 0.003125 0.067187
9 0.982031 0.335938 0.001563 0.065625
9 0.941406 0.335938 0.001563 0.065625
9 0.900781 0.335938 0.001563 0.065625
12 0.774219 0.366406 0.023438 0.060937
9 0.742969 0.335938 0.001563 0.065625
9 0.703906 0.335938 0.001563 0.065625
12 0.653906 0.366406 0.023438 0.060937
15 0.630469 0.337500 0.017188 0.062500
9 0.622656 0.339062 0.001563 0.059375
12 0.574219 0.366406 0.023438 0.060937
9 0.542969 0.335938 0.001563 0.065625
9 0.502344 0.335938 0.001563 0.065625
9 0.461719 0.335938 0.001563 0.065625
12 0.413281 0.366406 0.023438 0.060937
9 0.382031 0.335938 0.001563 0.065625
9 0.341406 0.335938 0.001563 0.065625
0 0.971875 0.373437 0.021875 0.018750
0 0.932813 0.373437 0.021875 0.018750
0 0.892188 0.373437 0.021875 0.018750
0 0.734375 0.373437 0.021875 0.018750
0 0.693750 0.373437 0.021875 0.018750
0 0.612500 0.373437 0.021875 0.018750
0 0.532813 0.373437 0.021875 0.018750
0 0.492188 0.373437 0.021875 0.018750
0 0.453125 0.373437 0.021875 0.018750
0 0.371875 0.373437 0.021875 0.018750
0 0.332813 0.373437 0.021875 0.018750
