10 0.612500 0.319531 0.087500 0.032813
10 0.461719 0.319531 0.045312 0.032813
10 0.101562 0.319531 0.087500 0.032813
9 0.860938 0.364844 0.003125 0.067187
9 0.351562 0.364844 0.003125 0.067187
15 0.791406 0.337500 0.017188 0.062500
9 0.783594 0.339062 0.001563 0.059375
12 0.732031 0.366406 0.023438 0.060937
12 0.689844 0.366406 0.023438 0.060937
9 0.655469 0.335938 0.001563 0.065625
9 0.611719 0.335938 0.001563 0.065625
9 0.569531 0.335938 0.001563 0.065625
12 0.517969 0.366406 0.023438 0.060937
9 0.483594 0.335938 0.001563 0.065625
9 0.439844 0.335938 0.001563 0.065625
12 0.388281 0.366406 0.023438 0.060937
15 0.280469 0.337500 0.017188 0.062500
9 0.272656 0.339062 0.001563 0.059375
12 0.221094 0.366406 0.023438 0.060937
12 0.178906 0.366406 0.023438 0.060937
9 0.144531 0.335938 0.001563 0.065625
9 0.100781 0.335938 0.001563 0.065625
9 0.058594 0.335938 0.001563 0.065625
12 0.009375 0.366406 0.018750 0.060937
0 0.775000 0.373437 0.021875 0.018750
0 0.645312 0.373437 0.021875 0.018750
0 0.603125 0.373437 0.021875 0.018750
0 0.559375 0.373437 0.021875 0.018750
0 0.473438 0.373437 0.021875 0.018750
0 0.431250 0.373437 0.021875 0.018750
0 0.264062 0.373437 0.021875 0.018750
0 0.134375 0.373437 0.021875 0.018750
0 0.092188 0.373437 0.021875 0.018750
0 0.050000 0.373437 0.021875 0.018750
