10 0.666406 0.319531 0.092188 0.032813
10 0.361719 0.319531 0.226562 0.032813
10 0.132031 0.319531 0.092188 0.032813
9 0.735938 0.364844 0.003125 0.067187
9 0.203125 0.364844 0.003125 0.067187
12 0.993750 0.366406 0.012500 0.060937
12 0.955469 0.366406 0.023438 0.060937
15 0.925781 0.337500 0.017188 0.062500
9 0.917969 0.339062 0.001563 0.059375
12 0.770312 0.367188 0.015625 0.028125
9 0.710156 0.335938 0.001563 0.065625
9 0.664844 0.335938 0.001563 0.065625
9 0.621094 0.335938 0.001563 0.065625
12 0.566406 0.366406 0.023438 0.060937
9 0.474219 0.335938 0.001563 0.065625
9 0.428906 0.335938 0.001563 0.065625
9 0.385156 0.335938 0.001563 0.065625
9 0.339844 0.335938 0.001563 0.065625
9 0.294531 0.335938 0.001563 0.065625
9 0.249219 0.335938 0.001563 0.065625
9 0.177344 0.335938 0.001563 0.065625
9 0.132031 0.335938 0.001563 0.065625
9 0.086719 0.335938 0.001563 0.065625
12 0.033594 0.366406 0.023438 0.060937
0 0.909375 0.373437 0.021875 0.018750
0 0.701562 0.373437 0.021875 0.018750
0 0.656250 0.373437 0.021875 0.018750
0 0.610938 0.373437 0.021875 0.018750
0 0.465625 0.373437 0.021875 0.018750
0 0.420312 0.373437 0.021875 0.018750
0 0.375000 0.373437 0.021875 0.018750
0 0.329688 0.373437 0.021875 0.018750
0 0.285938 0.373437 0.021875 0.018750
0 0.240625 0.373437 0.021875 0.018750
0 0.167187 0.373437 0.021875 0.018750
0 0.123438 0.373437 0.021875 0.018750
0 0.078125 0.373437 0.021875 0.018750
