7 0.262500 0.366406 0.043750 0.114062
10 0.657031 0.319531 0.098437 0.032813
14 0.795312 0.364844 0.003125 0.067187
9 0.999219 0.339062 0.001563 0.059375
14 0.897656 0.337500 0.017188 0.062500
9 0.889844 0.339062 0.001563 0.059375
11 0.832031 0.366406 0.023438 0.060937
9 0.705469 0.335938 0.001563 0.065625
9 0.657031 0.335938 0.001563 0.065625
9 0.608594 0.335938 0.001563 0.065625
14 0.507031 0.337500 0.017188 0.062500
9 0.499219 0.339062 0.001563 0.059375
11 0.382031 0.366406 0.023438 0.060937
14 0.349219 0.337500 0.017188 0.062500
9 0.341406 0.339062 0.001563 0.059375
0 0.989062 0.373437 0.021875 0.018750
0 0.879687 0.373437 0.021875 0.018750
0 0.695312 0.373437 0.021875 0.018750
0 0.646875 0.373437 0.021875 0.018750
0 0.598437 0.373437 0.021875 0.018750
0 0.489063 0.373437 0.021875 0.018750
0 0.332813 0.373437 0.021875 0.018750
