10 0.847656 0.325781 0.039062 0.020313
10 0.746094 0.325781 0.039062 0.020313
10 0.355469 0.325781 0.039062 0.020313
9 0.782813 0.364844 0.003125 0.067187
9 0.393750 0.364844 0.003125 0.067187
9 0.003125 0.364844 0.003125 0.067187
9 0.958594 0.342969 0.001563 0.051562
12 0.892188 0.367188 0.015625 0.028125
9 0.866406 0.342187 0.001563 0.053125
9 0.828906 0.342187 0.001563 0.053125
9 0.764844 0.342187 0.001563 0.053125
9 0.727344 0.342187 0.001563 0.053125
12 0.639844 0.364844 0.017188 0.048438
9 0.572656 0.342969 0.001563 0.051562
12 0.506250 0.367188 0.015625 0.028125
9 0.477344 0.342969 0.001563 0.051562
9 0.374219 0.342187 0.001563 0.053125
9 0.336719 0.342187 0.001563 0.053125
12 0.249219 0.364844 0.017188 0.048438
9 0.182031 0.342969 0.001563 0.051562
12 0.115625 0.367188 0.015625 0.028125
9 0.049219 0.342969 0.001563 0.051562
0 0.948438 0.373437 0.021875 0.018750
0 0.857812 0.373437 0.021875 0.018750
0 0.820312 0.373437 0.021875 0.018750
0 0.754687 0.373437 0.021875 0.018750
0 0.717187 0.373437 0.021875 0.018750
0 0.562500 0.373437 0.021875 0.018750
0 0.467187 0.373437 0.021875 0.018750
0 0.365625 0.373437 0.021875 0.018750
0 0.326562 0.373437 0.021875 0.018750
0 0.171875 0.373437 0.021875 0.018750
0 0.040625 0.373437 0.021875 0.018750
