10 0.818750 0.325781 0.046875 0.020313
10 0.571875 0.325781 0.090625 0.020313
10 0.246875 0.325781 0.046875 0.020313
10 0.064062 0.325781 0.090625 0.020313
9 0.687500 0.364844 0.003125 0.067187
9 0.178125 0.364844 0.003125 0.067187
12 0.935937 0.367188 0.015625 0.028125
12 0.871875 0.367188 0.015625 0.028125
9 0.839844 0.342187 0.001563 0.053125
9 0.796094 0.342187 0.001563 0.053125
12 0.720313 0.367188 0.015625 0.028125
9 0.616406 0.342187 0.001563 0.053125
9 0.572656 0.342187 0.001563 0.053125
9 0.527344 0.342187 0.001563 0.053125
12 0.453125 0.367188 0.015625 0.028125
12 0.390625 0.367188 0.015625 0.028125
9 0.358594 0.342969 0.001563 0.051562
9 0.269531 0.342187 0.001563 0.053125
9 0.224219 0.342187 0.001563 0.053125
9 0.108594 0.342187 0.001563 0.053125
9 0.064844 0.342187 0.001563 0.053125
9 0.019531 0.342187 0.001563 0.053125
0 0.995313 0.373437 0.009375 0.018750
0 0.831250 0.373437 0.021875 0.018750
0 0.785937 0.373437 0.021875 0.018750
0 0.607812 0.373437 0.021875 0.018750
0 0.562500 0.373437 0.021875 0.018750
0 0.518750 0.373437 0.021875 0.018750
0 0.348438 0.373437 0.021875 0.018750
0 0.259375 0.373437 0.021875 0.018750
0 0.215625 0.373437 0.021875 0.018750
0 0.100000 0.373437 0.021875 0.018750
0 0.054688 0.373437 0.021875 0.018750
0 0.010937 0.373437 0.021875 0.018750
