7 0.262500 0.366406 0.043750 0.114062
9 0.748437 0.364844 0.003125 0.067187
9 0.961719 0.342969 0.001563 0.051562
12 0.879687 0.367188 0.015625 0.028125
9 0.794531 0.342969 0.001563 0.051562
9 0.717969 0.342969 0.001563 0.051562
9 0.621094 0.342969 0.001563 0.051562
12 0.523438 0.367188 0.015625 0.028125
8 0.543750 0.356250 0.006250 0.006250
9 0.438281 0.342969 0.001563 0.051562
12 0.330469 0.364844 0.017188 0.048438
0 0.951562 0.373437 0.021875 0.018750
0 0.785937 0.373437 0.021875 0.018750
0 0.709375 0.373437 0.021875 0.018750
0 0.610938 0.373437 0.021875 0.018750
0 0.429688 0.373437 0.021875 0.018750
