10 0.867969 0.362500 0.114062 0.012500
10 0.661719 0.364063 0.114062 0.015625
10 0.485156 0.370312 0.114062 0.028125
10 0.278125 0.375000 0.112500 0.028125
10 0.103125 0.385937 0.112500 0.028125
10 0.881250 0.518750 0.140625 0.025000
10 0.675000 0.518750 0.140625 0.025000
10 0.498437 0.526563 0.140625 0.040625
10 0.291406 0.531250 0.139063 0.040625
10 0.116406 0.543750 0.139063 0.040625
10 0.842969 0.681250 0.064062 0.025000
10 0.636719 0.681250 0.064062 0.025000
10 0.460156 0.689063 0.064062 0.040625
10 0.253125 0.692187 0.062500 0.037500
10 0.078125 0.707031 0.062500 0.042188
10 0.852344 0.862500 0.082812 0.053125
10 0.646094 0.862500 0.082812 0.053125
10 0.469531 0.862500 0.082812 0.053125
10 0.263281 0.862500 0.082812 0.053125
10 0.088281 0.862500 0.082812 0.053125
9 0.785937 0.665625 0.003125 0.668750
9 0.401562 0.665625 0.003125 0.668750
9 0.020313 0.665625 0.003125 0.668750
9 0.989844 0.976562 0.001563 0.046875
9 0.844531 0.960156 0.001563 0.079687
9 0.811719 0.980469 0.001563 0.039062
9 0.638281 0.964063 0.001563 0.071875
9 0.605469 0.984375 0.001563 0.031250
9 0.460156 0.967969 0.001563 0.064062
9 0.428906 0.988281 0.001563 0.023438
9 0.253906 0.972656 0.001563 0.054688
9 0.077344 0.976562 0.001563 0.046875
9 0.989844 0.838281 0.001563 0.095312
12 0.931250 0.854688 0.015625 0.028125
9 0.892969 0.810937 0.001563 0.106250
9 0.811719 0.842187 0.001563 0.087500
12 0.725000 0.854688 0.015625 0.028125
9 0.686719 0.814844 0.001563 0.098437
9 0.605469 0.845313 0.001563 0.078125
12 0.546875 0.854688 0.015625 0.028125
9 0.510156 0.818750 0.001563 0.090625
9 0.428906 0.849219 0.001563 0.070312
12 0.340625 0.854688 0.015625 0.028125
9 0.303906 0.824219 0.001563 0.082812
9 0.222656 0.853125 0.001563 0.062500
12 0.165625 0.854688 0.015625 0.028125
9 0.127344 0.828125 0.001563 0.075000
9 0.047656 0.858594 0.001563 0.054688
9 0.989844 0.658594 0.001563 0.060937
12 0.931250 0.692187 0.015625 0.028125
9 0.874219 0.640625 0.001563 0.090625
9 0.811719 0.662500 0.001563 0.053125
12 0.725000 0.692187 0.015625 0.028125
9 0.667969 0.643750 0.001563 0.081250
9 0.605469 0.666406 0.001563 0.045312
12 0.546875 0.692187 0.015625 0.028125
9 0.491406 0.648438 0.001563 0.075000
9 0.428906 0.678906 0.001563 0.054688
12 0.340625 0.692187 0.015625 0.028125
9 0.283594 0.655469 0.001563 0.070312
9 0.222656 0.682813 0.001563 0.046875
12 0.165625 0.692187 0.015625 0.028125
9 0.108594 0.665625 0.001563 0.075000
9 0.047656 0.696094 0.001563 0.054688
9 0.989844 0.496094 0.001563 0.060937
9 0.950781 0.478125 0.001563 0.090625
9 0.811719 0.500000 0.001563 0.053125
9 0.744531 0.481250 0.001563 0.081250
9 0.605469 0.503906 0.001563 0.045312
9 0.567969 0.485156 0.001563 0.073438
9 0.428906 0.515625 0.001563 0.053125
9 0.360156 0.492969 0.001563 0.070312
9 0.222656 0.521875 0.001563 0.050000
9 0.185156 0.502344 0.001563 0.073438
9 0.047656 0.532813 0.001563 0.053125
9 0.989844 0.333594 0.001563 0.060937
9 0.924219 0.315625 0.001563 0.090625
9 0.811719 0.337500 0.001563 0.053125
9 0.717969 0.318750 0.001563 0.081250
9 0.605469 0.343750 0.001563 0.050000
9 0.539844 0.322656 0.001563 0.073438
9 0.428906 0.353125 0.001563 0.053125
9 0.333594 0.330469 0.001563 0.070312
9 0.222656 0.359375 0.001563 0.050000
9 0.158594 0.339844 0.001563 0.073438
9 0.047656 0.370312 0.001563 0.053125
0 0.994531 0.950000 0.010937 0.018750
0 0.854688 0.917188 0.021875 0.018750
0 0.821875 0.957812 0.021875 0.018750
0 0.648438 0.925000 0.021875 0.018750
0 0.615625 0.965625 0.021875 0.018750
0 0.470313 0.934375 0.021875 0.018750
0 0.439063 0.973437 0.021875 0.018750
0 0.264062 0.942187 0.021875 0.018750
0 0.232813 0.982812 0.021875 0.018750
0 0.087500 0.950000 0.021875 0.018750
0 0.057813 0.990625 0.021875 0.018750
0 0.994531 0.787500 0.010937 0.018750
0 0.903125 0.754687 0.021875 0.018750
0 0.821875 0.795312 0.021875 0.018750
0 0.696875 0.762500 0.021875 0.018750
0 0.615625 0.803125 0.021875 0.018750
0 0.520312 0.771875 0.021875 0.018750
0 0.439063 0.810937 0.021875 0.018750
0 0.314063 0.779687 0.021875 0.018750
0 0.232813 0.820312 0.021875 0.018750
0 0.137500 0.787500 0.021875 0.018750
0 0.057813 0.828125 0.021875 0.018750
0 0.994531 0.625000 0.010937 0.018750
0 0.884375 0.592187 0.021875 0.018750
0 0.821875 0.632812 0.021875 0.018750
0 0.678125 0.600000 0.021875 0.018750
0 0.615625 0.640625 0.021875 0.018750
0 0.501563 0.609375 0.021875 0.018750
0 0.439063 0.648438 0.021875 0.018750
0 0.293750 0.617188 0.021875 0.018750
0 0.232813 0.657813 0.021875 0.018750
0 0.118750 0.625000 0.021875 0.018750
0 0.057813 0.665625 0.021875 0.018750
0 0.994531 0.462500 0.010937 0.018750
0 0.960938 0.429688 0.021875 0.018750
0 0.821875 0.470313 0.021875 0.018750
0 0.754687 0.439063 0.021875 0.018750
0 0.615625 0.478125 0.021875 0.018750
0 0.578125 0.446875 0.021875 0.018750
0 0.439063 0.487500 0.021875 0.018750
0 0.370312 0.454688 0.021875 0.018750
0 0.232813 0.495312 0.021875 0.018750
0 0.195312 0.462500 0.021875 0.018750
0 0.057813 0.503125 0.021875 0.018750
0 0.994531 0.300000 0.010937 0.018750
0 0.934375 0.267188 0.021875 0.018750
0 0.821875 0.307812 0.021875 0.018750
0 0.728125 0.276562 0.021875 0.018750
0 0.615625 0.315625 0.021875 0.018750
0 0.550000 0.284375 0.021875 0.018750
0 0.439063 0.325000 0.021875 0.018750
0 0.343750 0.292187 0.021875 0.018750
0 0.232813 0.332813 0.021875 0.018750
0 0.168750 0.300000 0.021875 0.018750
0 0.057813 0.340625 0.021875 0.018750
