10 0.979688 0.325781 0.040625 0.020313
10 0.858594 0.325781 0.042188 0.020313
10 0.736719 0.325781 0.042188 0.020313
10 0.480469 0.325781 0.042188 0.020313
10 0.360156 0.325781 0.042188 0.020313
9 0.670312 0.364844 0.003125 0.067187
9 0.170313 0.364844 0.003125 0.067187
9 0.960156 0.342187 0.001563 0.053125
9 0.878906 0.342187 0.001563 0.053125
9 0.838281 0.342187 0.001563 0.053125
9 0.757031 0.342187 0.001563 0.053125
9 0.716406 0.342187 0.001563 0.053125
9 0.639844 0.342969 0.001563 0.051562
12 0.529687 0.367188 0.015625 0.028125
9 0.500781 0.342187 0.001563 0.053125
9 0.460156 0.342187 0.001563 0.053125
9 0.380469 0.342187 0.001563 0.053125
9 0.339844 0.342187 0.001563 0.053125
9 0.257031 0.342969 0.001563 0.051562
9 0.139844 0.342969 0.001563 0.051562
12 0.029687 0.367188 0.015625 0.028125
9 0.000781 0.342187 0.001563 0.053125
0 0.989844 0.373437 0.020313 0.018750
0 0.950000 0.373437 0.021875 0.018750
0 0.868750 0.373437 0.021875 0.018750
0 0.828125 0.373437 0.021875 0.018750
0 0.748437 0.373437 0.021875 0.018750
0 0.707812 0.373437 0.021875 0.018750
0 0.629687 0.373437 0.021875 0.018750
0 0.492188 0.373437 0.021875 0.018750
0 0.451562 0.373437 0.021875 0.018750
0 0.370312 0.373437 0.021875 0.018750
0 0.329688 0.373437 0.021875 0.018750
0 0.248438 0.373437 0.021875 0.018750
0 0.129688 0.373437 0.021875 0.018750
