10 0.707031 0.319531 0.051562 0.032813
10 0.232031 0.319531 0.051562 0.032813
9 0.860938 0.364844 0.003125 0.067187
9 0.385937 0.364844 0.003125 0.067187
15 0.838281 0.337500 0.017188 0.062500
9 0.830469 0.339062 0.001563 0.059375
12 0.772656 0.366406 0.023438 0.060937
9 0.732031 0.335938 0.001563 0.065625
9 0.682031 0.335938 0.001563 0.065625
12 0.581250 0.367188 0.015625 0.028125
12 0.474219 0.366406 0.023438 0.060937
15 0.441406 0.337500 0.017188 0.062500
9 0.433594 0.339062 0.001563 0.059375
15 0.363281 0.337500 0.017188 0.062500
9 0.355469 0.339062 0.001563 0.059375
12 0.297656 0.366406 0.023438 0.060937
9 0.257031 0.335938 0.001563 0.065625
9 0.207031 0.335938 0.001563 0.065625
12 0.106250 0.367188 0.015625 0.028125
12 0.018750 0.367188 0.015625 0.028125
0 0.821875 0.373437 0.021875 0.018750
0 0.721875 0.373437 0.021875 0.018750
0 0.671875 0.373437 0.021875 0.018750
0 0.423438 0.373437 0.021875 0.018750
0 0.346875 0.373437 0.021875 0.018750
0 0.246875 0.373437 0.021875 0.018750
0 0.196875 0.373437 0.021875 0.018750
