15 0.931250 0.364063 0.018750 0.025000
14 0.959375 0.370312 0.021875 0.012500
14 0.903125 0.370312 0.018750 0.012500
15 0.957812 0.364063 0.018750 0.025000
14 0.987500 0.370312 0.025000 0.012500
14 0.916406 0.370312 0.045312 0.012500
15 0.801562 0.364063 0.018750 0.025000
14 0.829688 0.370312 0.021875 0.012500
14 0.775000 0.370312 0.018750 0.012500
15 0.793750 0.364063 0.018750 0.025000
14 0.835156 0.370312 0.048438 0.012500
14 0.753906 0.370312 0.045312 0.012500
15 0.665625 0.364063 0.018750 0.025000
14 0.693750 0.370312 0.021875 0.012500
14 0.639062 0.370312 0.018750 0.012500
15 0.657813 0.364063 0.018750 0.025000
14 0.699219 0.370312 0.048438 0.012500
14 0.617969 0.370312 0.045312 0.012500
15 0.535937 0.364063 0.018750 0.025000
14 0.564063 0.370312 0.021875 0.012500
14 0.509375 0.370312 0.018750 0.012500
15 0.493750 0.364063 0.018750 0.025000
14 0.535937 0.370312 0.050000 0.012500
14 0.453906 0.370312 0.045312 0.012500
15 0.400000 0.364063 0.018750 0.025000
14 0.428125 0.370312 0.021875 0.012500
14 0.373437 0.370312 0.018750 0.012500
15 0.357812 0.364063 0.018750 0.025000
14 0.400000 0.370312 0.050000 0.012500
14 0.317969 0.370312 0.045312 0.012500
15 0.159375 0.364063 0.018750 0.025000
14 0.185938 0.370312 0.015625 0.012500
14 0.136719 0.370312 0.010937 0.012500
15 0.193750 0.364063 0.018750 0.025000
14 0.235156 0.370312 0.048438 0.012500
14 0.153906 0.370312 0.045312 0.012500
15 0.023438 0.364063 0.018750 0.025000
14 0.048438 0.370312 0.015625 0.012500
14 0.003125 0.370312 0.006250 0.012500
15 0.057813 0.364063 0.018750 0.025000
14 0.099219 0.370312 0.048438 0.012500
14 0.020313 0.370312 0.040625 0.012500
10 0.957812 0.319531 0.084375 0.032813
10 0.735938 0.319531 0.240625 0.032813
10 0.435937 0.319531 0.240625 0.032813
10 0.135937 0.319531 0.240625 0.032813
9 0.870313 0.364844 0.003125 0.067187
9 0.570312 0.364844 0.003125 0.067187
9 0.270313 0.364844 0.003125 0.067187
9 0.983594 0.335938 0.001563 0.065625
9 0.949219 0.335938 0.001563 0.065625
9 0.916406 0.335938 0.001563 0.065625
9 0.853906 0.335938 0.001563 0.065625
9 0.819531 0.335938 0.001563 0.065625
9 0.786719 0.335938 0.001563 0.065625
9 0.752344 0.335938 0.001563 0.065625
9 0.717969 0.335938 0.001563 0.065625
9 0.683594 0.335938 0.001563 0.065625
9 0.650781 0.335938 0.001563 0.065625
9 0.616406 0.335938 0.001563 0.065625
9 0.555469 0.335938 0.001563 0.065625
9 0.521094 0.335938 0.001563 0.065625
9 0.486719 0.335938 0.001563 0.065625
9 0.452344 0.335938 0.001563 0.065625
9 0.417969 0.335938 0.001563 0.065625
9 0.385156 0.335938 0.001563 0.065625
9 0.350781 0.335938 0.001563 0.065625
9 0.316406 0.335938 0.001563 0.065625
9 0.253906 0.335938 0.001563 0.065625
9 0.219531 0.335938 0.001563 0.065625
9 0.186719 0.335938 0.001563 0.065625
9 0.152344 0.335938 0.001563 0.065625
9 0.117969 0.335938 0.001563 0.065625
9 0.083594 0.335938 0.001563 0.065625
9 0.049219 0.335938 0.001563 0.065625
9 0.016406 0.335938 0.001563 0.065625
0 0.973437 0.373437 0.021875 0.018750
0 0.940625 0.373437 0.021875 0.018750
0 0.906250 0.373437 0.021875 0.018750
0 0.845313 0.373437 0.021875 0.018750
0 0.810937 0.373437 0.021875 0.018750
0 0.776563 0.373437 0.021875 0.018750
0 0.742188 0.373437 0.021875 0.018750
0 0.707812 0.373437 0.021875 0.018750
0 0.675000 0.373437 0.021875 0.018750
0 0.640625 0.373437 0.021875 0.018750
0 0.606250 0.373437 0.021875 0.018750
0 0.545312 0.373437 0.021875 0.018750
0 0.512500 0.373437 0.021875 0.018750
0 0.478125 0.373437 0.021875 0.018750
0 0.443750 0.373437 0.021875 0.018750
0 0.409375 0.373437 0.021875 0.018750
0 0.375000 0.373437 0.021875 0.018750
0 0.340625 0.373437 0.021875 0.018750
0 0.306250 0.373437 0.021875 0.018750
0 0.245312 0.373437 0.021875 0.018750
0 0.210938 0.373437 0.021875 0.018750
0 0.176563 0.373437 0.021875 0.018750
0 0.143750 0.373437 0.021875 0.018750
0 0.109375 0.373437 0.021875 0.018750
0 0.075000 0.373437 0.021875 0.018750
0 0.040625 0.373437 0.021875 0.018750
0 0.008594 0.373437 0.017188 0.018750
