7 0.262500 0.366406 0.043750 0.114062
10 0.991406 0.319531 0.017188 0.032813
10 0.517969 0.319531 0.048438 0.032813
10 0.364844 0.319531 0.048438 0.032813
9 0.782813 0.364844 0.003125 0.067187
9 0.983594 0.335938 0.001563 0.065625
12 0.927344 0.366406 0.023438 0.060937
15 0.896094 0.337500 0.017188 0.062500
9 0.888281 0.339062 0.001563 0.059375
12 0.746094 0.366406 0.023438 0.060937
15 0.714844 0.337500 0.017188 0.062500
9 0.707031 0.339062 0.001563 0.059375
9 0.542969 0.335938 0.001563 0.065625
9 0.494531 0.335938 0.001563 0.065625
9 0.388281 0.335938 0.001563 0.065625
9 0.341406 0.335938 0.001563 0.065625
0 0.973437 0.373437 0.021875 0.018750
0 0.879687 0.373437 0.021875 0.018750
0 0.698438 0.373437 0.021875 0.018750
0 0.532813 0.373437 0.021875 0.018750
0 0.485938 0.373437 0.021875 0.018750
0 0.379688 0.373437 0.021875 0.018750
0 0.332813 0.373437 0.021875 0.018750
