10 0.825000 0.319531 0.159375 0.032813
10 0.512500 0.319531 0.081250 0.032813
10 0.335156 0.319531 0.120313 0.032813
10 0.021875 0.319531 0.043750 0.032813
14 0.660937 0.364844 0.003125 0.067187
14 0.150000 0.364844 0.003125 0.067187
9 0.982031 0.335938 0.001563 0.065625
11 0.933594 0.366406 0.023438 0.060937
9 0.903906 0.335938 0.001563 0.065625
9 0.863281 0.335938 0.001563 0.065625
9 0.824219 0.335938 0.001563 0.065625
9 0.785156 0.335938 0.001563 0.065625
9 0.746094 0.335938 0.001563 0.065625
11 0.697656 0.366406 0.023438 0.060937
14 0.638281 0.337500 0.017188 0.062500
9 0.630469 0.339062 0.001563 0.059375
11 0.582031 0.366406 0.023438 0.060937
9 0.552344 0.335938 0.001563 0.065625
9 0.511719 0.335938 0.001563 0.065625
9 0.472656 0.335938 0.001563 0.065625
11 0.424219 0.366406 0.023438 0.060937
9 0.394531 0.335938 0.001563 0.065625
9 0.355469 0.335938 0.001563 0.065625
9 0.314844 0.335938 0.001563 0.065625
9 0.275781 0.335938 0.001563 0.065625
11 0.227344 0.366406 0.023438 0.060937
14 0.203906 0.337500 0.017188 0.062500
9 0.196094 0.339062 0.001563 0.059375
14 0.127344 0.337500 0.017188 0.062500
9 0.119531 0.339062 0.001563 0.059375
11 0.072656 0.366406 0.023438 0.060937
9 0.041406 0.335938 0.001563 0.065625
9 0.002344 0.335938 0.001563 0.065625
0 0.973437 0.373437 0.021875 0.018750
0 0.893750 0.373437 0.021875 0.018750
0 0.854688 0.373437 0.021875 0.018750
0 0.815625 0.373437 0.021875 0.018750
0 0.776563 0.373437 0.021875 0.018750
0 0.735938 0.373437 0.021875 0.018750
0 0.620313 0.373437 0.021875 0.018750
0 0.542188 0.373437 0.021875 0.018750
0 0.503125 0.373437 0.021875 0.018750
0 0.464062 0.373437 0.021875 0.018750
0 0.384375 0.373437 0.021875 0.018750
0 0.345313 0.373437 0.021875 0.018750
0 0.306250 0.373437 0.021875 0.018750
0 0.267188 0.373437 0.021875 0.018750
0 0.187500 0.373437 0.021875 0.018750
0 0.110937 0.373437 0.021875 0.018750
0 0.031250 0.373437 0.021875 0.018750
