7 0.262500 0.366406 0.043750 0.114062
10 0.930469 0.325781 0.126562 0.020313
10 0.435156 0.325781 0.064062 0.020313
9 0.821875 0.364844 0.003125 0.067187
9 0.992969 0.342187 0.001563 0.053125
9 0.930469 0.342187 0.001563 0.053125
9 0.867969 0.342187 0.001563 0.053125
9 0.777344 0.342969 0.001563 0.051562
9 0.653906 0.342969 0.001563 0.051562
9 0.466406 0.342187 0.001563 0.053125
9 0.403906 0.342187 0.001563 0.053125
0 0.982812 0.373437 0.021875 0.018750
0 0.920312 0.373437 0.021875 0.018750
0 0.857812 0.373437 0.021875 0.018750
0 0.768750 0.373437 0.021875 0.018750
0 0.643750 0.373437 0.021875 0.018750
0 0.456250 0.373437 0.021875 0.018750
0 0.393750 0.373437 0.021875 0.018750
