10 0.742188 0.325781 0.037500 0.020313
10 0.344531 0.325781 0.107813 0.020313
10 0.203906 0.325781 0.107813 0.020313
9 0.826562 0.364844 0.003125 0.067187
9 0.539062 0.364844 0.003125 0.067187
9 0.104688 0.364844 0.003125 0.067187
12 0.986719 0.364844 0.017188 0.048438
12 0.935937 0.367188 0.015625 0.028125
9 0.872656 0.342969 0.001563 0.051562
12 0.782813 0.367188 0.015625 0.028125
9 0.760156 0.342187 0.001563 0.053125
9 0.724219 0.342187 0.001563 0.053125
12 0.642969 0.364844 0.017188 0.048438
12 0.572656 0.364844 0.017188 0.048438
12 0.495312 0.367188 0.015625 0.028125
9 0.466406 0.342969 0.001563 0.051562
9 0.396094 0.342187 0.001563 0.053125
9 0.360156 0.342187 0.001563 0.053125
9 0.325781 0.342187 0.001563 0.053125
9 0.291406 0.342187 0.001563 0.053125
9 0.255469 0.342187 0.001563 0.053125
9 0.221094 0.342187 0.001563 0.053125
9 0.185156 0.342187 0.001563 0.053125
9 0.150781 0.342187 0.001563 0.053125
12 0.060937 0.367188 0.015625 0.028125
9 0.032031 0.342969 0.001563 0.051562
0 0.862500 0.373437 0.021875 0.018750
0 0.750000 0.373437 0.021875 0.018750
0 0.715625 0.373437 0.021875 0.018750
0 0.456250 0.373437 0.021875 0.018750
0 0.385937 0.373437 0.021875 0.018750
0 0.351562 0.373437 0.021875 0.018750
0 0.317188 0.373437 0.021875 0.018750
0 0.281250 0.373437 0.021875 0.018750
0 0.246875 0.373437 0.021875 0.018750
0 0.210938 0.373437 0.021875 0.018750
0 0.176563 0.373437 0.021875 0.018750
0 0.140625 0.373437 0.021875 0.018750
0 0.021875 0.373437 0.021875 0.018750
