7 0.262500 0.366406 0.043750 0.114062
10 0.527344 0.325781 0.085938 0.020313
9 0.778125 0.364844 0.003125 0.067187
9 0.992969 0.342187 0.001563 0.053125
9 0.908594 0.342969 0.001563 0.051562
9 0.824219 0.342969 0.001563 0.051562
12 0.725000 0.367188 0.015625 0.028125
9 0.653906 0.342969 0.001563 0.051562
9 0.569531 0.342187 0.001563 0.053125
9 0.527344 0.342187 0.001563 0.053125
9 0.485156 0.342187 0.001563 0.053125
9 0.400781 0.342969 0.001563 0.051562
12 0.329688 0.367188 0.015625 0.028125
0 0.984375 0.373437 0.021875 0.018750
0 0.900000 0.373437 0.021875 0.018750
0 0.815625 0.373437 0.021875 0.018750
0 0.643750 0.373437 0.021875 0.018750
0 0.559375 0.373437 0.021875 0.018750
0 0.517188 0.373437 0.021875 0.018750
0 0.476562 0.373437 0.021875 0.018750
0 0.392188 0.373437 0.021875 0.018750
