10 0.023438 0.319531 0.046875 0.032813
9 0.860938 0.364844 0.003125 0.067187
9 0.415625 0.364844 0.003125 0.067187
12 0.816406 0.366406 0.023438 0.060937
15 0.777344 0.337500 0.017188 0.062500
9 0.769531 0.339062 0.001563 0.059375
12 0.590625 0.367188 0.015625 0.028125
15 0.555469 0.337500 0.017188 0.062500
9 0.547656 0.339062 0.001563 0.059375
8 0.473438 0.356250 0.006250 0.006250
12 0.371094 0.366406 0.023438 0.060937
15 0.332031 0.337500 0.017188 0.062500
9 0.324219 0.339062 0.001563 0.059375
12 0.145313 0.367188 0.015625 0.028125
12 0.092969 0.366406 0.023438 0.060937
9 0.046094 0.335938 0.001563 0.065625
0 0.760938 0.373437 0.021875 0.018750
0 0.537500 0.373437 0.021875 0.018750
0 0.314063 0.373437 0.021875 0.018750
0 0.037500 0.373437 0.021875 0.018750
