10 0.384375 0.319531 0.050000 0.007812
10 0.067187 0.319531 0.050000 0.007812
9 0.860938 0.364844 0.003125 0.067187
9 0.629687 0.364844 0.003125 0.067187
9 0.312500 0.364844 0.003125 0.067187
12 0.800781 0.364844 0.017188 0.048438
9 0.744531 0.345313 0.001563 0.050000
9 0.675781 0.345313 0.001563 0.050000
12 0.587500 0.367188 0.015625 0.028125
15 0.560156 0.342187 0.017188 0.053125
9 0.552344 0.343750 0.001563 0.053125
12 0.492188 0.367188 0.015625 0.028125
15 0.463281 0.342187 0.017188 0.053125
9 0.455469 0.343750 0.001563 0.053125
9 0.407031 0.342187 0.001563 0.053125
9 0.360156 0.342187 0.001563 0.053125
15 0.291406 0.342187 0.017188 0.053125
9 0.283594 0.343750 0.001563 0.053125
12 0.221875 0.367188 0.015625 0.028125
12 0.175000 0.367188 0.015625 0.028125
15 0.146094 0.342187 0.017188 0.053125
9 0.138281 0.343750 0.001563 0.053125
9 0.089844 0.342187 0.001563 0.053125
9 0.042969 0.342187 0.001563 0.053125
0 0.734375 0.373437 0.021875 0.018750
0 0.667188 0.373437 0.021875 0.018750
0 0.542188 0.373437 0.021875 0.018750
0 0.446875 0.373437 0.021875 0.018750
0 0.398438 0.373437 0.021875 0.018750
0 0.350000 0.373437 0.021875 0.018750
0 0.273438 0.373437 0.021875 0.018750
0 0.129688 0.373437 0.021875 0.018750
0 0.081250 0.373437 0.021875 0.018750
0 0.032813 0.373437 0.021875 0.018750
