10 0.731250 0.008594 0.021875 0.017188
10 0.662500 0.012500 0.021875 0.025000
10 0.593750 0.016406 0.021875 0.032813
10 0.525000 0.020313 0.021875 0.040625
10 0.354687 0.027344 0.018750 0.042188
10 0.285938 0.036719 0.018750 0.042188
10 0.217188 0.045312 0.018750 0.040625
10 0.148438 0.052344 0.018750 0.039062
9 0.817187 0.064062 0.003125 0.128125
9 0.434375 0.064062 0.003125 0.128125
9 0.057813 0.064062 0.003125 0.128125
9 0.972656 0.017969 0.001563 0.035937
9 0.928906 0.006250 0.001563 0.012500
9 0.903906 0.021875 0.001563 0.043750
9 0.953906 0.075000 0.001563 0.050000
9 0.742969 0.010156 0.001563 0.020313
9 0.721094 0.026562 0.001563 0.053125
9 0.766406 0.075000 0.001563 0.050000
9 0.674219 0.014063 0.001563 0.028125
9 0.652344 0.032031 0.001563 0.057813
9 0.697656 0.075000 0.001563 0.050000
9 0.605469 0.018750 0.001563 0.037500
9 0.583594 0.039844 0.001563 0.057813
9 0.628906 0.075000 0.001563 0.050000
9 0.536719 0.024219 0.001563 0.042188
9 0.514844 0.047656 0.001563 0.057813
9 0.560156 0.075000 0.001563 0.050000
9 0.363281 0.031250 0.001563 0.043750
9 0.346094 0.054688 0.001563 0.059375
9 0.385156 0.075000 0.001563 0.050000
9 0.294531 0.039062 0.001563 0.043750
9 0.277344 0.062500 0.001563 0.059375
9 0.314844 0.075000 0.001563 0.050000
9 0.225781 0.047656 0.001563 0.042188
9 0.208594 0.071875 0.001563 0.059375
9 0.246094 0.075000 0.001563 0.050000
9 0.157031 0.057031 0.001563 0.042188
9 0.139844 0.079687 0.001563 0.059375
9 0.177344 0.075000 0.001563 0.050000
9 0.008594 0.075000 0.001563 0.050000
0 0.990625 0.005469 0.012500 0.010937
0 0.967187 0.038281 0.012500 0.010937
0 0.921875 0.014844 0.012500 0.010937
0 0.898438 0.046094 0.012500 0.010937
0 0.943750 0.103125 0.021875 0.018750
0 0.735938 0.022656 0.012500 0.010937
0 0.715625 0.053906 0.012500 0.010937
0 0.757812 0.103125 0.021875 0.018750
0 0.667188 0.030469 0.012500 0.010937
0 0.646875 0.063281 0.012500 0.010937
0 0.689063 0.103125 0.021875 0.018750
0 0.598437 0.038281 0.012500 0.010937
0 0.578125 0.071094 0.012500 0.010937
0 0.620313 0.103125 0.021875 0.018750
0 0.529687 0.046094 0.012500 0.010937
0 0.509375 0.078906 0.012500 0.010937
0 0.551562 0.103125 0.021875 0.018750
0 0.357812 0.053906 0.012500 0.010937
0 0.339062 0.086719 0.012500 0.010937
0 0.375000 0.103125 0.021875 0.018750
0 0.289062 0.063281 0.012500 0.010937
0 0.270313 0.094531 0.012500 0.010937
0 0.306250 0.103125 0.021875 0.018750
0 0.220312 0.071094 0.012500 0.010937
0 0.201563 0.102344 0.012500 0.010937
0 0.237500 0.103125 0.021875 0.018750
0 0.151562 0.078906 0.012500 0.010937
0 0.132812 0.111719 0.012500 0.010937
0 0.168750 0.103125 0.021875 0.018750
0 0.004687 0.103125 0.009375 0.018750
