7 0.262500 0.366406 0.043750 0.114062
10 0.931250 0.325781 0.125000 0.020313
10 0.689844 0.325781 0.042188 0.020313
10 0.422656 0.325781 0.082812 0.020313
9 0.823438 0.364844 0.003125 0.067187
9 0.991406 0.342187 0.001563 0.053125
9 0.950781 0.342187 0.001563 0.053125
9 0.910156 0.342187 0.001563 0.053125
9 0.869531 0.342187 0.001563 0.053125
9 0.791406 0.342969 0.001563 0.051562
9 0.710156 0.342187 0.001563 0.053125
9 0.669531 0.342187 0.001563 0.053125
9 0.586719 0.342969 0.001563 0.051562
9 0.503906 0.342969 0.001563 0.051562
9 0.463281 0.342187 0.001563 0.053125
9 0.422656 0.342187 0.001563 0.053125
9 0.382031 0.342187 0.001563 0.053125
0 0.981250 0.373437 0.021875 0.018750
0 0.940625 0.373437 0.021875 0.018750
0 0.900000 0.373437 0.021875 0.018750
0 0.859375 0.373437 0.021875 0.018750
0 0.782813 0.373437 0.021875 0.018750
0 0.701562 0.373437 0.021875 0.018750
0 0.659375 0.373437 0.021875 0.018750
0 0.578125 0.373437 0.021875 0.018750
0 0.495312 0.373437 0.021875 0.018750
0 0.454688 0.373437 0.021875 0.018750
0 0.414062 0.373437 0.021875 0.018750
0 0.373437 0.373437 0.021875 0.018750
