10 0.629687 0.319531 0.043750 0.032813
10 0.460938 0.319531 0.043750 0.032813
10 0.120313 0.319531 0.043750 0.032813
14 0.860938 0.364844 0.003125 0.067187
14 0.351562 0.364844 0.003125 0.067187
14 0.839844 0.337500 0.017188 0.062500
9 0.832031 0.339062 0.001563 0.059375
14 0.744531 0.337500 0.017188 0.062500
9 0.736719 0.339062 0.001563 0.059375
11 0.685156 0.366406 0.023438 0.060937
9 0.652344 0.335938 0.001563 0.065625
9 0.608594 0.335938 0.001563 0.065625
11 0.558594 0.366406 0.023438 0.060937
11 0.516406 0.366406 0.023438 0.060937
9 0.482031 0.335938 0.001563 0.065625
9 0.439844 0.335938 0.001563 0.065625
11 0.388281 0.366406 0.023438 0.060937
14 0.328906 0.337500 0.017188 0.062500
9 0.321094 0.339062 0.001563 0.059375
14 0.233594 0.337500 0.017188 0.062500
9 0.225781 0.339062 0.001563 0.059375
11 0.175781 0.366406 0.023438 0.060937
9 0.141406 0.335938 0.001563 0.065625
9 0.099219 0.335938 0.001563 0.065625
11 0.047656 0.366406 0.023438 0.060937
11 0.008594 0.366406 0.017188 0.060937
0 0.821875 0.373437 0.021875 0.018750
0 0.726562 0.373437 0.021875 0.018750
0 0.642188 0.373437 0.021875 0.018750
0 0.600000 0.373437 0.021875 0.018750
0 0.473438 0.373437 0.021875 0.018750
0 0.431250 0.373437 0.021875 0.018750
0 0.312500 0.373437 0.021875 0.018750
0 0.217188 0.373437 0.021875 0.018750
0 0.131250 0.373437 0.021875 0.018750
0 0.089063 0.373437 0.021875 0.018750
