10 0.017969 0.319531 0.035937 0.032813
9 0.860938 0.364844 0.003125 0.067187
9 0.410938 0.364844 0.003125 0.067187
12 0.778125 0.367188 0.015625 0.028125
15 0.747656 0.337500 0.017188 0.062500
9 0.739844 0.339062 0.001563 0.059375
12 0.680469 0.366406 0.023438 0.060937
15 0.646094 0.337500 0.017188 0.062500
9 0.638281 0.339062 0.001563 0.059375
12 0.578906 0.366406 0.023438 0.060937
15 0.542969 0.337500 0.017188 0.062500
9 0.535156 0.339062 0.001563 0.059375
8 0.470313 0.356250 0.006250 0.006250
12 0.328125 0.367188 0.015625 0.028125
15 0.297656 0.337500 0.017188 0.062500
9 0.289844 0.339062 0.001563 0.059375
12 0.230469 0.366406 0.023438 0.060937
15 0.196094 0.337500 0.017188 0.062500
9 0.188281 0.339062 0.001563 0.059375
12 0.128906 0.366406 0.023438 0.060937
12 0.077344 0.366406 0.023438 0.060937
9 0.035156 0.335938 0.001563 0.065625
0 0.729688 0.373437 0.021875 0.018750
0 0.628125 0.373437 0.021875 0.018750
0 0.526563 0.373437 0.021875 0.018750
0 0.279687 0.373437 0.021875 0.018750
0 0.178125 0.373437 0.021875 0.018750
0 0.025000 0.373437 0.021875 0.018750
