10 0.805469 0.319531 0.179688 0.032813
10 0.516406 0.319531 0.048438 0.032813
10 0.326562 0.319531 0.134375 0.032813
10 0.020313 0.319531 0.040625 0.032813
9 0.670312 0.364844 0.003125 0.067187
9 0.170313 0.364844 0.003125 0.067187
9 0.992969 0.335938 0.001563 0.065625
9 0.892969 0.335938 0.001563 0.065625
9 0.849219 0.335938 0.001563 0.065625
9 0.803906 0.335938 0.001563 0.065625
9 0.760156 0.335938 0.001563 0.065625
9 0.716406 0.335938 0.001563 0.065625
15 0.647656 0.337500 0.017188 0.062500
9 0.639844 0.339062 0.001563 0.059375
9 0.539844 0.335938 0.001563 0.065625
9 0.492969 0.335938 0.001563 0.065625
9 0.392969 0.335938 0.001563 0.065625
9 0.349219 0.335938 0.001563 0.065625
9 0.305469 0.335938 0.001563 0.065625
9 0.260156 0.335938 0.001563 0.065625
12 0.207031 0.366406 0.023438 0.060937
15 0.147656 0.337500 0.017188 0.062500
9 0.139844 0.339062 0.001563 0.059375
9 0.039844 0.335938 0.001563 0.065625
0 0.982812 0.373437 0.021875 0.018750
0 0.884375 0.373437 0.021875 0.018750
0 0.839063 0.373437 0.021875 0.018750
0 0.795312 0.373437 0.021875 0.018750
0 0.751563 0.373437 0.021875 0.018750
0 0.706250 0.373437 0.021875 0.018750
0 0.629687 0.373437 0.021875 0.018750
0 0.531250 0.373437 0.021875 0.018750
0 0.484375 0.373437 0.021875 0.018750
0 0.384375 0.373437 0.021875 0.018750
0 0.339062 0.373437 0.021875 0.018750
0 0.295312 0.373437 0.021875 0.018750
0 0.251563 0.373437 0.021875 0.018750
0 0.131250 0.373437 0.021875 0.018750
0 0.031250 0.373437 0.021875 0.018750
