10 0.857812 0.319531 0.284375 0.032813
10 0.410156 0.319531 0.292187 0.032813
9 0.670312 0.364844 0.003125 0.067187
9 0.170313 0.364844 0.003125 0.067187
9 0.957031 0.335938 0.001563 0.065625
9 0.908594 0.335938 0.001563 0.065625
9 0.860156 0.335938 0.001563 0.065625
9 0.813281 0.335938 0.001563 0.065625
9 0.764844 0.335938 0.001563 0.065625
9 0.716406 0.335938 0.001563 0.065625
12 0.590625 0.367188 0.015625 0.028125
9 0.553906 0.335938 0.001563 0.065625
9 0.505469 0.335938 0.001563 0.065625
9 0.458594 0.335938 0.001563 0.065625
9 0.410156 0.335938 0.001563 0.065625
9 0.361719 0.335938 0.001563 0.065625
9 0.313281 0.335938 0.001563 0.065625
9 0.264844 0.335938 0.001563 0.065625
12 0.207031 0.366406 0.023438 0.060937
12 0.090625 0.367188 0.015625 0.028125
9 0.055469 0.335938 0.001563 0.065625
9 0.007031 0.335938 0.001563 0.065625
0 0.992969 0.373437 0.014063 0.018750
0 0.948438 0.373437 0.021875 0.018750
0 0.900000 0.373437 0.021875 0.018750
0 0.851562 0.373437 0.021875 0.018750
0 0.803125 0.373437 0.021875 0.018750
0 0.754687 0.373437 0.021875 0.018750
0 0.706250 0.373437 0.021875 0.018750
0 0.545312 0.373437 0.021875 0.018750
0 0.496875 0.373437 0.021875 0.018750
0 0.448437 0.373437 0.021875 0.018750
0 0.400000 0.373437 0.021875 0.018750
0 0.351562 0.373437 0.021875 0.018750
0 0.303125 0.373437 0.021875 0.018750
0 0.254688 0.373437 0.021875 0.018750
0 0.045312 0.373437 0.021875 0.018750
0 0.003906 0.373437 0.007812 0.018750
