7 0.262500 0.366406 0.043750 0.114062
10 0.967187 0.325781 0.065625 0.020313
10 0.811719 0.325781 0.067187 0.020313
10 0.628906 0.325781 0.067187 0.020313
10 0.489063 0.325781 0.034375 0.020313
10 0.374219 0.325781 0.067187 0.020313
9 0.676562 0.364844 0.003125 0.067187
9 0.967969 0.342187 0.001563 0.053125
9 0.935156 0.342187 0.001563 0.053125
12 0.865625 0.367188 0.015625 0.028125
8 0.884375 0.356250 0.006250 0.006250
9 0.844531 0.342187 0.001563 0.053125
9 0.811719 0.342187 0.001563 0.053125
9 0.778906 0.342187 0.001563 0.053125
12 0.709375 0.367188 0.015625 0.028125
8 0.729688 0.356250 0.006250 0.006250
9 0.661719 0.342187 0.001563 0.053125
9 0.628906 0.342187 0.001563 0.053125
9 0.596094 0.342187 0.001563 0.053125
12 0.526563 0.367188 0.015625 0.028125
8 0.545312 0.356250 0.006250 0.006250
9 0.505469 0.342187 0.001563 0.053125
9 0.472656 0.342187 0.001563 0.053125
9 0.407031 0.342187 0.001563 0.053125
9 0.374219 0.342187 0.001563 0.053125
9 0.341406 0.342187 0.001563 0.053125
0 0.989844 0.373437 0.020313 0.018750
0 0.957812 0.373437 0.021875 0.018750
0 0.925000 0.373437 0.021875 0.018750
0 0.835938 0.373437 0.021875 0.018750
0 0.803125 0.373437 0.021875 0.018750
0 0.770312 0.373437 0.021875 0.018750
0 0.651563 0.373437 0.021875 0.018750
0 0.618750 0.373437 0.021875 0.018750
0 0.585938 0.373437 0.021875 0.018750
0 0.496875 0.373437 0.021875 0.018750
0 0.464062 0.373437 0.021875 0.018750
0 0.398438 0.373437 0.021875 0.018750
0 0.365625 0.373437 0.021875 0.018750
0 0.332813 0.373437 0.021875 0.018750
