7 0.262500 0.366406 0.043750 0.114062
10 0.985156 0.325781 0.029687 0.020313
10 0.603906 0.325781 0.035937 0.020313
9 0.681250 0.364844 0.003125 0.067187
9 0.971094 0.342187 0.001563 0.053125
12 0.912500 0.367188 0.015625 0.028125
12 0.865625 0.367188 0.015625 0.028125
9 0.835156 0.342969 0.001563 0.051562
9 0.760156 0.342969 0.001563 0.051562
12 0.640625 0.367188 0.015625 0.028125
9 0.619531 0.342187 0.001563 0.053125
9 0.586719 0.342187 0.001563 0.053125
12 0.526563 0.367188 0.015625 0.028125
12 0.479687 0.367188 0.015625 0.028125
9 0.449219 0.342969 0.001563 0.051562
9 0.341406 0.342969 0.001563 0.051562
0 0.992188 0.373437 0.015625 0.018750
0 0.962500 0.373437 0.021875 0.018750
0 0.826562 0.373437 0.021875 0.018750
0 0.751563 0.373437 0.021875 0.018750
0 0.609375 0.373437 0.021875 0.018750
0 0.576562 0.373437 0.021875 0.018750
0 0.440625 0.373437 0.021875 0.018750
0 0.332813 0.373437 0.021875 0.018750
