7 0.262500 0.366406 0.043750 0.114062
9 0.657813 0.364844 0.003125 0.067187
12 0.989844 0.364844 0.017188 0.048438
9 0.927344 0.342969 0.001563 0.051562
9 0.852344 0.342969 0.001563 0.051562
9 0.778906 0.342969 0.001563 0.051562
9 0.703906 0.342969 0.001563 0.051562
12 0.599219 0.364844 0.017188 0.048438
9 0.536719 0.342969 0.001563 0.051562
9 0.461719 0.342969 0.001563 0.051562
9 0.388281 0.342969 0.001563 0.051562
12 0.329688 0.367188 0.015625 0.028125
0 0.918750 0.373437 0.021875 0.018750
0 0.843750 0.373437 0.021875 0.018750
0 0.768750 0.373437 0.021875 0.018750
0 0.695312 0.373437 0.021875 0.018750
0 0.528125 0.373437 0.021875 0.018750
0 0.453125 0.373437 0.021875 0.018750
0 0.378125 0.373437 0.021875 0.018750
