10 0.651563 0.319531 0.171875 0.032813
10 0.460938 0.319531 0.043750 0.032813
10 0.142187 0.319531 0.171875 0.032813
9 0.860938 0.364844 0.003125 0.067187
9 0.351562 0.364844 0.003125 0.067187
15 0.839844 0.337500 0.017188 0.062500
9 0.832031 0.339062 0.001563 0.059375
9 0.736719 0.335938 0.001563 0.065625
9 0.694531 0.335938 0.001563 0.065625
9 0.652344 0.335938 0.001563 0.065625
9 0.608594 0.335938 0.001563 0.065625
9 0.566406 0.335938 0.001563 0.065625
12 0.516406 0.366406 0.023438 0.060937
9 0.482031 0.335938 0.001563 0.065625
9 0.439844 0.335938 0.001563 0.065625
12 0.388281 0.366406 0.023438 0.060937
15 0.328906 0.337500 0.017188 0.062500
9 0.321094 0.339062 0.001563 0.059375
9 0.225781 0.335938 0.001563 0.065625
9 0.183594 0.335938 0.001563 0.065625
9 0.141406 0.335938 0.001563 0.065625
9 0.099219 0.335938 0.001563 0.065625
9 0.057031 0.335938 0.001563 0.065625
12 0.008594 0.366406 0.017188 0.060937
0 0.821875 0.373437 0.021875 0.018750
0 0.726562 0.373437 0.021875 0.018750
0 0.684375 0.373437 0.021875 0.018750
0 0.642188 0.373437 0.021875 0.018750
0 0.600000 0.373437 0.021875 0.018750
0 0.557813 0.373437 0.021875 0.018750
0 0.473438 0.373437 0.021875 0.018750
0 0.431250 0.373437 0.021875 0.018750
0 0.312500 0.373437 0.021875 0.018750
0 0.217188 0.373437 0.021875 0.018750
0 0.175000 0.373437 0.021875 0.018750
0 0.131250 0.373437 0.021875 0.018750
0 0.089063 0.373437 0.021875 0.018750
0 0.046875 0.373437 0.021875 0.018750
