9 0.860938 0.364844 0.003125 0.067187
9 0.362500 0.364844 0.003125 0.067187
15 0.839844 0.337500 0.017188 0.062500
9 0.832031 0.339062 0.001563 0.059375
12 0.778906 0.366406 0.023438 0.060937
15 0.750781 0.337500 0.017188 0.062500
9 0.742969 0.339062 0.001563 0.059375
12 0.689844 0.366406 0.023438 0.060937
12 0.644531 0.366406 0.023438 0.060937
15 0.616406 0.337500 0.017188 0.062500
9 0.608594 0.339062 0.001563 0.059375
12 0.499219 0.366406 0.023438 0.060937
15 0.471094 0.337500 0.017188 0.062500
9 0.463281 0.339062 0.001563 0.059375
15 0.339844 0.337500 0.017188 0.062500
9 0.332031 0.339062 0.001563 0.059375
12 0.278906 0.366406 0.023438 0.060937
15 0.250781 0.337500 0.017188 0.062500
9 0.242969 0.339062 0.001563 0.059375
12 0.189844 0.366406 0.023438 0.060937
12 0.144531 0.366406 0.023438 0.060937
15 0.116406 0.337500 0.017188 0.062500
9 0.108594 0.339062 0.001563 0.059375
0 0.821875 0.373437 0.021875 0.018750
0 0.732812 0.373437 0.021875 0.018750
0 0.600000 0.373437 0.021875 0.018750
0 0.454688 0.373437 0.021875 0.018750
0 0.323437 0.373437 0.021875 0.018750
0 0.232813 0.373437 0.021875 0.018750
0 0.100000 0.373437 0.021875 0.018750
