10 0.782031 0.319531 0.164062 0.007812
10 0.141406 0.319531 0.282813 0.007812
10 0.782031 0.488281 0.164062 0.020313
10 0.246094 0.488281 0.492188 0.020313
10 0.782031 0.642969 0.164062 0.032813
10 0.298438 0.642969 0.596875 0.032813
10 0.782031 0.798438 0.164062 0.043750
10 0.325000 0.798438 0.650000 0.043750
10 0.782031 0.953125 0.164062 0.056250
10 0.337500 0.953125 0.675000 0.056250
9 0.857031 0.962500 0.001563 0.075000
9 0.830469 0.962500 0.001563 0.075000
9 0.805469 0.962500 0.001563 0.075000
9 0.778906 0.962500 0.001563 0.075000
9 0.752344 0.962500 0.001563 0.075000
9 0.725781 0.962500 0.001563 0.075000
9 0.700781 0.962500 0.001563 0.075000
9 0.674219 0.962500 0.001563 0.075000
9 0.647656 0.962500 0.001563 0.075000
9 0.621094 0.962500 0.001563 0.075000
9 0.594531 0.962500 0.001563 0.075000
9 0.569531 0.962500 0.001563 0.075000
9 0.542969 0.962500 0.001563 0.075000
9 0.516406 0.962500 0.001563 0.075000
9 0.489844 0.962500 0.001563 0.075000
9 0.464844 0.962500 0.001563 0.075000
9 0.438281 0.962500 0.001563 0.075000
9 0.411719 0.962500 0.001563 0.075000
9 0.385156 0.962500 0.001563 0.075000
9 0.360156 0.962500 0.001563 0.075000
9 0.333594 0.962500 0.001563 0.075000
9 0.307031 0.962500 0.001563 0.075000
9 0.280469 0.962500 0.001563 0.075000
9 0.253906 0.962500 0.001563 0.075000
9 0.228906 0.962500 0.001563 0.075000
9 0.202344 0.962500 0.001563 0.075000
9 0.175781 0.962500 0.001563 0.075000
9 0.149219 0.962500 0.001563 0.075000
9 0.124219 0.962500 0.001563 0.075000
9 0.097656 0.962500 0.001563 0.075000
9 0.071094 0.962500 0.001563 0.075000
9 0.044531 0.962500 0.001563 0.075000
9 0.019531 0.962500 0.001563 0.075000
9 0.857031 0.815625 0.001563 0.078125
9 0.805469 0.815625 0.001563 0.078125
9 0.752344 0.815625 0.001563 0.078125
9 0.700781 0.815625 0.001563 0.078125
9 0.647656 0.815625 0.001563 0.078125
9 0.594531 0.815625 0.001563 0.078125
9 0.542969 0.815625 0.001563 0.078125
9 0.489844 0.815625 0.001563 0.078125
9 0.438281 0.815625 0.001563 0.078125
9 0.385156 0.815625 0.001563 0.078125
9 0.333594 0.815625 0.001563 0.078125
9 0.280469 0.815625 0.001563 0.078125
9 0.228906 0.815625 0.001563 0.078125
9 0.175781 0.815625 0.001563 0.078125
9 0.124219 0.815625 0.001563 0.078125
9 0.071094 0.815625 0.001563 0.078125
9 0.019531 0.815625 0.001563 0.078125
9 0.805469 0.659375 0.001563 0.065625
9 0.700781 0.659375 0.001563 0.065625
9 0.594531 0.659375 0.001563 0.065625
9 0.489844 0.659375 0.001563 0.065625
9 0.385156 0.659375 0.001563 0.065625
9 0.280469 0.659375 0.001563 0.065625
9 0.175781 0.659375 0.001563 0.065625
9 0.071094 0.659375 0.001563 0.065625
9 0.700781 0.504687 0.001563 0.053125
9 0.489844 0.504687 0.001563 0.053125
9 0.280469 0.504687 0.001563 0.053125
9 0.071094 0.504687 0.001563 0.053125
9 0.700781 0.342187 0.001563 0.053125
9 0.280469 0.342187 0.001563 0.053125
0 0.848437 0.857812 0.021875 0.018750
0 0.795312 0.857812 0.021875 0.018750
0 0.743750 0.857812 0.021875 0.018750
0 0.690625 0.857812 0.021875 0.018750
0 0.639062 0.857812 0.021875 0.018750
0 0.585938 0.857812 0.021875 0.018750
0 0.532813 0.857812 0.021875 0.018750
0 0.481250 0.857812 0.021875 0.018750
0 0.428125 0.857812 0.021875 0.018750
0 0.376563 0.857812 0.021875 0.018750
0 0.323437 0.857812 0.021875 0.018750
0 0.271875 0.857812 0.021875 0.018750
0 0.218750 0.857812 0.021875 0.018750
0 0.167187 0.857812 0.021875 0.018750
0 0.114062 0.857812 0.021875 0.018750
0 0.062500 0.857812 0.021875 0.018750
0 0.010156 0.857812 0.020313 0.018750
0 0.795312 0.695312 0.021875 0.018750
0 0.690625 0.695312 0.021875 0.018750
0 0.585938 0.695312 0.021875 0.018750
0 0.481250 0.695312 0.021875 0.018750
0 0.376563 0.695312 0.021875 0.018750
0 0.271875 0.695312 0.021875 0.018750
0 0.167187 0.695312 0.021875 0.018750
0 0.062500 0.695312 0.021875 0.018750
0 0.690625 0.534375 0.021875 0.018750
0 0.481250 0.534375 0.021875 0.018750
0 0.271875 0.534375 0.021875 0.018750
0 0.062500 0.534375 0.021875 0.018750
0 0.690625 0.373437 0.021875 0.018750
0 0.271875 0.373437 0.021875 0.018750
