10 0.887500 0.319531 0.203125 0.032813
10 0.608594 0.319531 0.042188 0.032813
10 0.428125 0.319531 0.162500 0.032813
10 0.246094 0.319531 0.042188 0.032813
10 0.099219 0.319531 0.042188 0.032813
9 0.690625 0.364844 0.003125 0.067187
9 0.179688 0.364844 0.003125 0.067187
9 0.986719 0.335938 0.001563 0.065625
9 0.947656 0.335938 0.001563 0.065625
9 0.907031 0.335938 0.001563 0.065625
9 0.866406 0.335938 0.001563 0.065625
9 0.825781 0.335938 0.001563 0.065625
9 0.786719 0.335938 0.001563 0.065625
12 0.660156 0.366406 0.023438 0.060937
9 0.628906 0.335938 0.001563 0.065625
9 0.588281 0.335938 0.001563 0.065625
12 0.539844 0.366406 0.023438 0.060937
9 0.507031 0.335938 0.001563 0.065625
9 0.467969 0.335938 0.001563 0.065625
9 0.427344 0.335938 0.001563 0.065625
9 0.386719 0.335938 0.001563 0.065625
9 0.347656 0.335938 0.001563 0.065625
12 0.297656 0.366406 0.023438 0.060937
9 0.266406 0.335938 0.001563 0.065625
9 0.225781 0.335938 0.001563 0.065625
12 0.150781 0.366406 0.023438 0.060937
9 0.117969 0.335938 0.001563 0.065625
9 0.078906 0.335938 0.001563 0.065625
12 0.030469 0.366406 0.023438 0.060937
0 0.978125 0.373437 0.021875 0.018750
0 0.937500 0.373437 0.021875 0.018750
0 0.896875 0.373437 0.021875 0.018750
0 0.857812 0.373437 0.021875 0.018750
0 0.817187 0.373437 0.021875 0.018750
0 0.776563 0.373437 0.021875 0.018750
0 0.618750 0.373437 0.021875 0.018750
0 0.578125 0.373437 0.021875 0.018750
0 0.498437 0.373437 0.021875 0.018750
0 0.457813 0.373437 0.021875 0.018750
0 0.418750 0.373437 0.021875 0.018750
0 0.378125 0.373437 0.021875 0.018750
0 0.337500 0.373437 0.021875 0.018750
0 0.257812 0.373437 0.021875 0.018750
0 0.217188 0.373437 0.021875 0.018750
0 0.109375 0.373437 0.021875 0.018750
0 0.068750 0.373437 0.021875 0.018750
