10 0.728125 0.296094 0.184375 0.007812
10 0.482812 0.296094 0.184375 0.007812
10 0.210938 0.296094 0.184375 0.007812
10 0.029687 0.296094 0.059375 0.007812
14 0.860938 0.364844 0.003125 0.067187
14 0.345313 0.364844 0.003125 0.067187
9 0.819531 0.351562 0.001563 0.118750
9 0.758594 0.339062 0.001563 0.093750
9 0.697656 0.314844 0.001563 0.045312
9 0.636719 0.322656 0.001563 0.060937
9 0.574219 0.346875 0.001563 0.109375
9 0.513281 0.339062 0.001563 0.093750
9 0.452344 0.314844 0.001563 0.045312
9 0.391406 0.322656 0.001563 0.060937
9 0.303906 0.342969 0.001563 0.101562
9 0.242969 0.339062 0.001563 0.093750
9 0.180469 0.314844 0.001563 0.045312
9 0.119531 0.322656 0.001563 0.060937
9 0.058594 0.339062 0.001563 0.093750
0 0.809375 0.412500 0.021875 0.018750
0 0.748437 0.389062 0.021875 0.018750
0 0.687500 0.340625 0.021875 0.018750
0 0.626563 0.356250 0.021875 0.018750
0 0.565625 0.404687 0.021875 0.018750
0 0.504687 0.389062 0.021875 0.018750
0 0.443750 0.340625 0.021875 0.018750
0 0.382812 0.356250 0.021875 0.018750
0 0.293750 0.396875 0.021875 0.018750
0 0.232813 0.389062 0.021875 0.018750
0 0.171875 0.340625 0.021875 0.018750
0 0.110937 0.356250 0.021875 0.018750
0 0.050000 0.389062 0.021875 0.018750
