10 0.850000 0.319531 0.050000 0.032813
10 0.314063 0.319531 0.050000 0.032813
9 0.634375 0.364844 0.003125 0.067187
9 0.134375 0.364844 0.003125 0.067187
12 0.913281 0.366406 0.023438 0.060937
9 0.874219 0.335938 0.001563 0.065625
9 0.825781 0.335938 0.001563 0.065625
12 0.767969 0.366406 0.023438 0.060937
15 0.736719 0.337500 0.017188 0.062500
9 0.728906 0.339062 0.001563 0.059375
12 0.671094 0.366406 0.023438 0.060937
12 0.535156 0.366406 0.023438 0.060937
15 0.503906 0.337500 0.017188 0.062500
9 0.496094 0.339062 0.001563 0.059375
12 0.377344 0.366406 0.023438 0.060937
9 0.338281 0.335938 0.001563 0.065625
9 0.289844 0.335938 0.001563 0.065625
15 0.188281 0.337500 0.017188 0.062500
9 0.180469 0.339062 0.001563 0.059375
12 0.036719 0.366406 0.023438 0.060937
15 0.006250 0.337500 0.012500 0.062500
0 0.864062 0.373437 0.021875 0.018750
0 0.815625 0.373437 0.021875 0.018750
0 0.718750 0.373437 0.021875 0.018750
0 0.485938 0.373437 0.021875 0.018750
0 0.328125 0.373437 0.021875 0.018750
0 0.281250 0.373437 0.021875 0.018750
0 0.171875 0.373437 0.021875 0.018750
