10 0.727344 0.319531 0.048438 0.032813
10 0.608594 0.319531 0.048438 0.032813
10 0.097656 0.319531 0.048438 0.032813
9 0.657813 0.364844 0.003125 0.067187
9 0.146875 0.364844 0.003125 0.067187
12 0.983594 0.366406 0.023438 0.060937
15 0.953906 0.337500 0.017188 0.062500
9 0.946094 0.339062 0.001563 0.059375
15 0.850781 0.337500 0.017188 0.062500
9 0.842969 0.339062 0.001563 0.059375
12 0.788281 0.366406 0.023438 0.060937
9 0.750781 0.335938 0.001563 0.065625
9 0.703906 0.335938 0.001563 0.065625
9 0.630469 0.335938 0.001563 0.065625
9 0.585156 0.335938 0.001563 0.065625
12 0.472656 0.366406 0.023438 0.060937
15 0.442969 0.337500 0.017188 0.062500
9 0.435156 0.339062 0.001563 0.059375
15 0.339844 0.337500 0.017188 0.062500
9 0.332031 0.339062 0.001563 0.059375
12 0.277344 0.366406 0.023438 0.060937
15 0.247656 0.337500 0.017188 0.062500
9 0.239844 0.339062 0.001563 0.059375
12 0.185156 0.366406 0.023438 0.060937
9 0.119531 0.335938 0.001563 0.065625
9 0.074219 0.335938 0.001563 0.065625
0 0.937500 0.373437 0.021875 0.018750
0 0.832812 0.373437 0.021875 0.018750
0 0.740625 0.373437 0.021875 0.018750
0 0.695312 0.373437 0.021875 0.018750
0 0.621875 0.373437 0.021875 0.018750
0 0.575000 0.373437 0.021875 0.018750
0 0.425000 0.373437 0.021875 0.018750
0 0.321875 0.373437 0.021875 0.018750
0 0.229687 0.373437 0.021875 0.018750
0 0.110937 0.373437 0.021875 0.018750
0 0.064062 0.373437 0.021875 0.018750
