10 0.749219 0.319531 0.089063 0.032813
10 0.291406 0.319531 0.089063 0.032813
10 0.032031 0.319531 0.064062 0.032813
9 0.860938 0.364844 0.003125 0.067187
9 0.404687 0.364844 0.003125 0.067187
12 0.827344 0.366406 0.023438 0.060937
9 0.792969 0.335938 0.001563 0.065625
9 0.749219 0.335938 0.001563 0.065625
9 0.705469 0.335938 0.001563 0.065625
12 0.652344 0.366406 0.023438 0.060937
15 0.624219 0.337500 0.017188 0.062500
9 0.616406 0.339062 0.001563 0.059375
12 0.564844 0.366406 0.023438 0.060937
15 0.536719 0.337500 0.017188 0.062500
9 0.528906 0.339062 0.001563 0.059375
12 0.439063 0.367188 0.015625 0.028125
12 0.371094 0.366406 0.023438 0.060937
9 0.336719 0.335938 0.001563 0.065625
9 0.292969 0.335938 0.001563 0.065625
9 0.247656 0.335938 0.001563 0.065625
12 0.196094 0.366406 0.023438 0.060937
15 0.167969 0.337500 0.017188 0.062500
9 0.160156 0.339062 0.001563 0.059375
9 0.061719 0.335938 0.001563 0.065625
9 0.017969 0.335938 0.001563 0.065625
0 0.782813 0.373437 0.021875 0.018750
0 0.739062 0.373437 0.021875 0.018750
0 0.695312 0.373437 0.021875 0.018750
0 0.607812 0.373437 0.021875 0.018750
0 0.520312 0.373437 0.021875 0.018750
0 0.326562 0.373437 0.021875 0.018750
0 0.282813 0.373437 0.021875 0.018750
0 0.239063 0.373437 0.021875 0.018750
0 0.151562 0.373437 0.021875 0.018750
0 0.053125 0.373437 0.021875 0.018750
0 0.009375 0.373437 0.018750 0.018750
