10 0.882031 0.325781 0.042188 0.020313
10 0.621094 0.325781 0.123438 0.020313
10 0.416406 0.325781 0.042188 0.020313
10 0.274219 0.325781 0.082812 0.020313
10 0.103906 0.325781 0.123438 0.020313
14 0.703125 0.364844 0.003125 0.067187
14 0.187500 0.364844 0.003125 0.067187
9 0.983594 0.342969 0.001563 0.051562
9 0.902344 0.342187 0.001563 0.053125
9 0.861719 0.342187 0.001563 0.053125
9 0.819531 0.342969 0.001563 0.051562
11 0.737500 0.367188 0.015625 0.028125
8 0.756250 0.356250 0.006250 0.006250
9 0.682031 0.342187 0.001563 0.053125
9 0.641406 0.342187 0.001563 0.053125
9 0.600781 0.342187 0.001563 0.053125
9 0.560156 0.342187 0.001563 0.053125
9 0.517969 0.342969 0.001563 0.051562
9 0.436719 0.342187 0.001563 0.053125
9 0.396094 0.342187 0.001563 0.053125
9 0.314844 0.342187 0.001563 0.053125
9 0.274219 0.342187 0.001563 0.053125
9 0.233594 0.342187 0.001563 0.053125
9 0.164844 0.342187 0.001563 0.053125
9 0.124219 0.342187 0.001563 0.053125
9 0.083594 0.342187 0.001563 0.053125
9 0.042969 0.342187 0.001563 0.053125
9 0.000781 0.342969 0.001563 0.051562
0 0.975000 0.373437 0.021875 0.018750
0 0.893750 0.373437 0.021875 0.018750
0 0.853125 0.373437 0.021875 0.018750
0 0.810937 0.373437 0.021875 0.018750
0 0.671875 0.373437 0.021875 0.018750
0 0.631250 0.373437 0.021875 0.018750
0 0.590625 0.373437 0.021875 0.018750
0 0.550000 0.373437 0.021875 0.018750
0 0.507812 0.373437 0.021875 0.018750
0 0.426563 0.373437 0.021875 0.018750
0 0.385937 0.373437 0.021875 0.018750
0 0.304688 0.373437 0.021875 0.018750
0 0.264062 0.373437 0.021875 0.018750
0 0.223438 0.373437 0.021875 0.018750
0 0.156250 0.373437 0.021875 0.018750
0 0.115625 0.373437 0.021875 0.018750
0 0.075000 0.373437 0.021875 0.018750
0 0.032813 0.373437 0.021875 0.018750
