10 0.515625 0.325781 0.043750 0.020313
10 0.009375 0.325781 0.018750 0.020313
9 0.651563 0.364844 0.003125 0.067187
9 0.134375 0.364844 0.003125 0.067187
12 0.939063 0.367188 0.015625 0.028125
9 0.910156 0.342969 0.001563 0.051562
9 0.824219 0.342969 0.001563 0.051562
9 0.739844 0.342969 0.001563 0.051562
9 0.621094 0.342969 0.001563 0.051562
9 0.536719 0.342187 0.001563 0.053125
9 0.494531 0.342187 0.001563 0.053125
12 0.421875 0.367188 0.015625 0.028125
9 0.391406 0.342969 0.001563 0.051562
9 0.307031 0.342969 0.001563 0.051562
9 0.180469 0.342969 0.001563 0.051562
9 0.103906 0.342969 0.001563 0.051562
9 0.017969 0.342187 0.001563 0.053125
0 0.995313 0.373437 0.009375 0.018750
0 0.900000 0.373437 0.021875 0.018750
0 0.815625 0.373437 0.021875 0.018750
0 0.731250 0.373437 0.021875 0.018750
0 0.610938 0.373437 0.021875 0.018750
0 0.526563 0.373437 0.021875 0.018750
0 0.484375 0.373437 0.021875 0.018750
0 0.382812 0.373437 0.021875 0.018750
0 0.298438 0.373437 0.021875 0.018750
0 0.171875 0.373437 0.021875 0.018750
0 0.093750 0.373437 0.021875 0.018750
0 0.010156 0.373437 0.020313 0.018750
