10 0.891406 0.477344 0.217188 0.032813
10 0.538281 0.477344 0.248438 0.032813
10 0.141406 0.469531 0.248438 0.032813
9 0.387500 0.364844 0.003125 0.067187
9 0.967969 0.432031 0.001563 0.079687
9 0.907031 0.410938 0.001563 0.134375
9 0.844531 0.425000 0.001563 0.115625
9 0.783594 0.469531 0.001563 0.042188
12 0.728125 0.367188 0.015625 0.028125
9 0.660156 0.375000 0.001563 0.178125
9 0.599219 0.432031 0.001563 0.079687
9 0.536719 0.410938 0.001563 0.134375
9 0.475781 0.425000 0.001563 0.115625
9 0.414844 0.469531 0.001563 0.042188
12 0.332813 0.367188 0.015625 0.028125
9 0.263281 0.371094 0.001563 0.170313
9 0.202344 0.428125 0.001563 0.071875
9 0.139844 0.407031 0.001563 0.126562
9 0.078906 0.421094 0.001563 0.107813
9 0.017969 0.461719 0.001563 0.042188
0 0.978125 0.389062 0.021875 0.018750
0 0.917188 0.340625 0.021875 0.018750
0 0.854688 0.364063 0.021875 0.018750
0 0.793750 0.445312 0.021875 0.018750
0 0.670312 0.284375 0.021875 0.018750
0 0.609375 0.389062 0.021875 0.018750
0 0.546875 0.340625 0.021875 0.018750
0 0.485938 0.364063 0.021875 0.018750
0 0.425000 0.445312 0.021875 0.018750
0 0.273438 0.284375 0.021875 0.018750
0 0.212500 0.389062 0.021875 0.018750
0 0.150000 0.340625 0.021875 0.018750
0 0.089063 0.364063 0.021875 0.018750
0 0.028125 0.437500 0.021875 0.018750
