7 0.262500 0.366406 0.043750 0.114062
9 0.631250 0.364844 0.003125 0.067187
9 0.966406 0.342969 0.001563 0.051562
12 0.906250 0.367188 0.015625 0.028125
9 0.844531 0.342969 0.001563 0.051562
12 0.785937 0.367188 0.015625 0.028125
12 0.739062 0.367188 0.015625 0.028125
9 0.677344 0.342969 0.001563 0.051562
9 0.574219 0.342969 0.001563 0.051562
12 0.515625 0.367188 0.015625 0.028125
9 0.453906 0.342969 0.001563 0.051562
12 0.395313 0.367188 0.015625 0.028125
12 0.330469 0.364844 0.017188 0.048438
0 0.956250 0.373437 0.021875 0.018750
0 0.835938 0.373437 0.021875 0.018750
0 0.667188 0.373437 0.021875 0.018750
0 0.565625 0.373437 0.021875 0.018750
0 0.443750 0.373437 0.021875 0.018750
