7 0.262500 0.366406 0.043750 0.114062
10 0.932813 0.319531 0.134375 0.032813
10 0.673438 0.319531 0.103125 0.032813
10 0.443750 0.319531 0.103125 0.032813
9 0.820312 0.364844 0.003125 0.067187
9 0.967969 0.335938 0.001563 0.065625
9 0.917969 0.335938 0.001563 0.065625
9 0.866406 0.335938 0.001563 0.065625
9 0.724219 0.335938 0.001563 0.065625
9 0.674219 0.335938 0.001563 0.065625
9 0.622656 0.335938 0.001563 0.065625
8 0.556250 0.356250 0.006250 0.006250
9 0.494531 0.335938 0.001563 0.065625
9 0.442969 0.335938 0.001563 0.065625
9 0.392969 0.335938 0.001563 0.065625
12 0.333594 0.366406 0.023438 0.060937
0 0.959375 0.373437 0.021875 0.018750
0 0.907813 0.373437 0.021875 0.018750
0 0.857812 0.373437 0.021875 0.018750
0 0.715625 0.373437 0.021875 0.018750
0 0.664062 0.373437 0.021875 0.018750
0 0.614062 0.373437 0.021875 0.018750
0 0.484375 0.373437 0.021875 0.018750
0 0.434375 0.373437 0.021875 0.018750
0 0.382812 0.373437 0.021875 0.018750
