10 0.698438 0.319531 0.146875 0.032813
10 0.432812 0.319531 0.050000 0.032813
10 0.198437 0.319531 0.146875 0.032813
9 0.860938 0.364844 0.003125 0.067187
9 0.362500 0.364844 0.003125 0.067187
9 0.771094 0.335938 0.001563 0.065625
9 0.722656 0.335938 0.001563 0.065625
9 0.674219 0.335938 0.001563 0.065625
9 0.625781 0.335938 0.001563 0.065625
9 0.457031 0.335938 0.001563 0.065625
9 0.408594 0.335938 0.001563 0.065625
9 0.271094 0.335938 0.001563 0.065625
9 0.222656 0.335938 0.001563 0.065625
9 0.174219 0.335938 0.001563 0.065625
9 0.125781 0.335938 0.001563 0.065625
0 0.762500 0.373437 0.021875 0.018750
0 0.714063 0.373437 0.021875 0.018750
0 0.665625 0.373437 0.021875 0.018750
0 0.617188 0.373437 0.021875 0.018750
0 0.446875 0.373437 0.021875 0.018750
0 0.398438 0.373437 0.021875 0.018750
0 0.262500 0.373437 0.021875 0.018750
0 0.214062 0.373437 0.021875 0.018750
0 0.165625 0.373437 0.021875 0.018750
0 0.117188 0.373437 0.021875 0.018750
