10 0.618750 0.325781 0.040625 0.020313
10 0.465625 0.325781 0.115625 0.020313
10 0.120313 0.325781 0.040625 0.020313
10 0.013281 0.325781 0.026562 0.020313
9 0.860938 0.364844 0.003125 0.067187
9 0.362500 0.364844 0.003125 0.067187
9 0.830469 0.342969 0.001563 0.051562
9 0.750781 0.342969 0.001563 0.051562
9 0.636719 0.342187 0.001563 0.053125
9 0.599219 0.342187 0.001563 0.053125
9 0.522656 0.342187 0.001563 0.053125
9 0.485156 0.342187 0.001563 0.053125
9 0.447656 0.342187 0.001563 0.053125
9 0.408594 0.342187 0.001563 0.053125
9 0.332031 0.342969 0.001563 0.051562
9 0.252344 0.342969 0.001563 0.051562
9 0.138281 0.342187 0.001563 0.053125
9 0.100781 0.342187 0.001563 0.053125
9 0.024219 0.342187 0.001563 0.053125
0 0.821875 0.373437 0.021875 0.018750
0 0.742188 0.373437 0.021875 0.018750
0 0.628125 0.373437 0.021875 0.018750
0 0.589063 0.373437 0.021875 0.018750
0 0.514062 0.373437 0.021875 0.018750
0 0.476562 0.373437 0.021875 0.018750
0 0.437500 0.373437 0.021875 0.018750
0 0.400000 0.373437 0.021875 0.018750
0 0.323437 0.373437 0.021875 0.018750
0 0.243750 0.373437 0.021875 0.018750
0 0.129688 0.373437 0.021875 0.018750
0 0.090625 0.373437 0.021875 0.018750
0 0.015625 0.373437 0.021875 0.018750
