10 0.928906 0.325781 0.039062 0.020313
10 0.491406 0.325781 0.039062 0.020313
9 0.810937 0.364844 0.003125 0.067187
9 0.426563 0.364844 0.003125 0.067187
9 0.037500 0.364844 0.003125 0.067187
12 0.972656 0.364844 0.017188 0.048438
9 0.946094 0.342187 0.001563 0.053125
9 0.910156 0.342187 0.001563 0.053125
12 0.845313 0.367188 0.015625 0.028125
12 0.765625 0.367188 0.015625 0.028125
9 0.699219 0.342969 0.001563 0.051562
12 0.613281 0.364844 0.017188 0.048438
9 0.583594 0.342969 0.001563 0.051562
9 0.510156 0.342187 0.001563 0.053125
9 0.472656 0.342187 0.001563 0.053125
12 0.381250 0.367188 0.015625 0.028125
9 0.314844 0.342969 0.001563 0.051562
12 0.228906 0.364844 0.017188 0.048438
9 0.199219 0.342969 0.001563 0.051562
9 0.121094 0.342969 0.001563 0.051562
0 0.937500 0.373437 0.021875 0.018750
0 0.900000 0.373437 0.021875 0.018750
0 0.690625 0.373437 0.021875 0.018750
0 0.575000 0.373437 0.021875 0.018750
0 0.500000 0.373437 0.021875 0.018750
0 0.464062 0.373437 0.021875 0.018750
0 0.306250 0.373437 0.021875 0.018750
0 0.190625 0.373437 0.021875 0.018750
0 0.110937 0.373437 0.021875 0.018750
