7 0.232813 0.977344 0.043750 0.045312
7 0.232813 0.688281 0.043750 0.114062
7 0.232813 0.527344 0.043750 0.114062
7 0.232813 0.850781 0.043750 0.114062
7 0.232813 0.366406 0.043750 0.114062
10 0.392188 0.319531 0.253125 0.007812
10 0.496875 0.488281 0.462500 0.020313
10 0.548438 0.642969 0.565625 0.032813
10 0.575000 0.798438 0.618750 0.043750
10 0.587500 0.953125 0.643750 0.056250
9 0.201563 0.665625 0.003125 0.668750
9 0.986719 0.962500 0.001563 0.075000
9 0.961719 0.962500 0.001563 0.075000
9 0.935156 0.962500 0.001563 0.075000
9 0.908594 0.962500 0.001563 0.075000
9 0.883594 0.962500 0.001563 0.075000
9 0.857031 0.962500 0.001563 0.075000
9 0.830469 0.962500 0.001563 0.075000
9 0.805469 0.962500 0.001563 0.075000
9 0.778906 0.962500 0.001563 0.075000
9 0.752344 0.962500 0.001563 0.075000
9 0.727344 0.962500 0.001563 0.075000
9 0.700781 0.962500 0.001563 0.075000
9 0.675781 0.962500 0.001563 0.075000
9 0.649219 0.962500 0.001563 0.075000
9 0.622656 0.962500 0.001563 0.075000
9 0.597656 0.962500 0.001563 0.075000
9 0.571094 0.962500 0.001563 0.075000
9 0.544531 0.962500 0.001563 0.075000
9 0.519531 0.962500 0.001563 0.075000
9 0.492969 0.962500 0.001563 0.075000
9 0.466406 0.962500 0.001563 0.075000
9 0.441406 0.962500 0.001563 0.075000
9 0.414844 0.962500 0.001563 0.075000
9 0.388281 0.962500 0.001563 0.075000
9 0.363281 0.962500 0.001563 0.075000
9 0.336719 0.962500 0.001563 0.075000
9 0.310156 0.962500 0.001563 0.075000
9 0.986719 0.815625 0.001563 0.078125
9 0.935156 0.815625 0.001563 0.078125
9 0.883594 0.815625 0.001563 0.078125
9 0.830469 0.815625 0.001563 0.078125
9 0.778906 0.815625 0.001563 0.078125
9 0.727344 0.815625 0.001563 0.078125
9 0.675781 0.815625 0.001563 0.078125
9 0.622656 0.815625 0.001563 0.078125
9 0.571094 0.815625 0.001563 0.078125
9 0.519531 0.815625 0.001563 0.078125
9 0.466406 0.815625 0.001563 0.078125
9 0.414844 0.815625 0.001563 0.078125
9 0.363281 0.815625 0.001563 0.078125
9 0.310156 0.815625 0.001563 0.078125
9 0.935156 0.659375 0.001563 0.065625
9 0.830469 0.659375 0.001563 0.065625
9 0.727344 0.659375 0.001563 0.065625
9 0.622656 0.659375 0.001563 0.065625
9 0.519531 0.659375 0.001563 0.065625
9 0.414844 0.659375 0.001563 0.065625
9 0.310156 0.659375 0.001563 0.065625
9 0.935156 0.504687 0.001563 0.053125
9 0.727344 0.504687 0.001563 0.053125
9 0.519531 0.504687 0.001563 0.053125
9 0.310156 0.504687 0.001563 0.053125
9 0.935156 0.342187 0.001563 0.053125
9 0.519531 0.342187 0.001563 0.053125
0 0.978125 0.857812 0.021875 0.018750
0 0.926562 0.857812 0.021875 0.018750
0 0.873437 0.857812 0.021875 0.018750
0 0.821875 0.857812 0.021875 0.018750
0 0.770312 0.857812 0.021875 0.018750
0 0.717187 0.857812 0.021875 0.018750
0 0.665625 0.857812 0.021875 0.018750
0 0.614062 0.857812 0.021875 0.018750
0 0.560937 0.857812 0.021875 0.018750
0 0.509375 0.857812 0.021875 0.018750
0 0.457813 0.857812 0.021875 0.018750
0 0.406250 0.857812 0.021875 0.018750
0 0.353125 0.857812 0.021875 0.018750
0 0.301563 0.857812 0.021875 0.018750
0 0.926562 0.695312 0.021875 0.018750
0 0.821875 0.695312 0.021875 0.018750
0 0.717187 0.695312 0.021875 0.018750
0 0.614062 0.695312 0.021875 0.018750
0 0.509375 0.695312 0.021875 0.018750
0 0.406250 0.695312 0.021875 0.018750
0 0.301563 0.695312 0.021875 0.018750
0 0.926562 0.534375 0.021875 0.018750
0 0.717187 0.534375 0.021875 0.018750
0 0.509375 0.534375 0.021875 0.018750
0 0.301563 0.534375 0.021875 0.018750
0 0.926562 0.373437 0.021875 0.018750
0 0.509375 0.373437 0.021875 0.018750
