10 0.817969 0.325781 0.204687 0.020313
10 0.538281 0.325781 0.042188 0.020313
10 0.338281 0.325781 0.164062 0.020313
10 0.038281 0.325781 0.042188 0.020313
9 0.670312 0.364844 0.003125 0.067187
9 0.170313 0.364844 0.003125 0.067187
12 0.946875 0.367188 0.015625 0.028125
9 0.919531 0.342187 0.001563 0.053125
9 0.878906 0.342187 0.001563 0.053125
9 0.838281 0.342187 0.001563 0.053125
9 0.797656 0.342187 0.001563 0.053125
9 0.757031 0.342187 0.001563 0.053125
9 0.716406 0.342187 0.001563 0.053125
9 0.638281 0.342969 0.001563 0.051562
9 0.558594 0.342187 0.001563 0.053125
9 0.517969 0.342187 0.001563 0.053125
12 0.448437 0.367188 0.015625 0.028125
9 0.419531 0.342187 0.001563 0.053125
9 0.378906 0.342187 0.001563 0.053125
9 0.338281 0.342187 0.001563 0.053125
9 0.297656 0.342187 0.001563 0.053125
9 0.257031 0.342187 0.001563 0.053125
9 0.139844 0.342969 0.001563 0.051562
9 0.058594 0.342187 0.001563 0.053125
9 0.017969 0.342187 0.001563 0.053125
0 0.909375 0.373437 0.021875 0.018750
0 0.868750 0.373437 0.021875 0.018750
0 0.828125 0.373437 0.021875 0.018750
0 0.787500 0.373437 0.021875 0.018750
0 0.746875 0.373437 0.021875 0.018750
0 0.706250 0.373437 0.021875 0.018750
0 0.629687 0.373437 0.021875 0.018750
0 0.548438 0.373437 0.021875 0.018750
0 0.507812 0.373437 0.021875 0.018750
0 0.410938 0.373437 0.021875 0.018750
0 0.370312 0.373437 0.021875 0.018750
0 0.329688 0.373437 0.021875 0.018750
0 0.289062 0.373437 0.021875 0.018750
0 0.248438 0.373437 0.021875 0.018750
0 0.129688 0.373437 0.021875 0.018750
0 0.050000 0.373437 0.021875 0.018750
0 0.010156 0.373437 0.020313 0.018750
