10 0.777344 0.319531 0.042188 0.032813
10 0.655469 0.319531 0.042188 0.032813
10 0.530469 0.319531 0.048438 0.032813
10 0.314844 0.319531 0.042188 0.032813
10 0.191406 0.319531 0.042188 0.032813
9 0.860938 0.364844 0.003125 0.067187
9 0.398438 0.364844 0.003125 0.067187
12 0.830469 0.366406 0.023438 0.060937
9 0.799219 0.335938 0.001563 0.065625
9 0.757031 0.335938 0.001563 0.065625
12 0.708594 0.366406 0.023438 0.060937
9 0.675781 0.335938 0.001563 0.065625
9 0.635156 0.335938 0.001563 0.065625
12 0.585156 0.366406 0.023438 0.060937
9 0.553906 0.335938 0.001563 0.065625
9 0.507031 0.335938 0.001563 0.065625
8 0.456250 0.356250 0.006250 0.006250
12 0.366406 0.366406 0.023438 0.060937
9 0.335156 0.335938 0.001563 0.065625
9 0.294531 0.335938 0.001563 0.065625
12 0.244531 0.366406 0.023438 0.060937
9 0.211719 0.335938 0.001563 0.065625
9 0.171094 0.335938 0.001563 0.065625
12 0.122656 0.366406 0.023438 0.060937
15 0.097656 0.337500 0.017188 0.062500
9 0.089844 0.339062 0.001563 0.059375
12 0.039844 0.366406 0.023438 0.060937
9 0.008594 0.335938 0.001563 0.065625
0 0.789062 0.373437 0.021875 0.018750
0 0.748437 0.373437 0.021875 0.018750
0 0.667188 0.373437 0.021875 0.018750
0 0.626563 0.373437 0.021875 0.018750
0 0.543750 0.373437 0.021875 0.018750
0 0.496875 0.373437 0.021875 0.018750
0 0.325000 0.373437 0.021875 0.018750
0 0.284375 0.373437 0.021875 0.018750
0 0.203125 0.373437 0.021875 0.018750
0 0.162500 0.373437 0.021875 0.018750
0 0.079687 0.373437 0.021875 0.018750
0 0.004687 0.373437 0.009375 0.018750
