9 0.860938 0.364844 0.003125 0.067187
9 0.350000 0.364844 0.003125 0.067187
15 0.839844 0.337500 0.017188 0.062500
9 0.832031 0.339062 0.001563 0.059375
12 0.777344 0.366406 0.023438 0.060937
15 0.747656 0.337500 0.017188 0.062500
9 0.739844 0.339062 0.001563 0.059375
12 0.685156 0.366406 0.023438 0.060937
12 0.639844 0.366406 0.023438 0.060937
15 0.610156 0.337500 0.017188 0.062500
9 0.602344 0.339062 0.001563 0.059375
12 0.433594 0.366406 0.023438 0.060937
15 0.405469 0.337500 0.017188 0.062500
9 0.397656 0.339062 0.001563 0.059375
15 0.328906 0.337500 0.017188 0.062500
9 0.321094 0.339062 0.001563 0.059375
12 0.266406 0.366406 0.023438 0.060937
15 0.236719 0.337500 0.017188 0.062500
9 0.228906 0.339062 0.001563 0.059375
12 0.175781 0.366406 0.023438 0.060937
12 0.128906 0.366406 0.023438 0.060937
15 0.099219 0.337500 0.017188 0.062500
9 0.091406 0.339062 0.001563 0.059375
0 0.821875 0.373437 0.021875 0.018750
0 0.731250 0.373437 0.021875 0.018750
0 0.593750 0.373437 0.021875 0.018750
0 0.387500 0.373437 0.021875 0.018750
0 0.310937 0.373437 0.021875 0.018750
0 0.220312 0.373437 0.021875 0.018750
0 0.082812 0.373437 0.021875 0.018750
