9 0.860938 0.364844 0.003125 0.067187
9 0.459375 0.364844 0.003125 0.067187
9 0.057813 0.364844 0.003125 0.067187
9 0.830469 0.342969 0.001563 0.051562
12 0.737500 0.367188 0.015625 0.028125
9 0.675781 0.342969 0.001563 0.051562
12 0.615625 0.367188 0.015625 0.028125
12 0.568750 0.367188 0.015625 0.028125
9 0.539844 0.342969 0.001563 0.051562
9 0.428906 0.342969 0.001563 0.051562
12 0.335938 0.367188 0.015625 0.028125
9 0.274219 0.342969 0.001563 0.051562
12 0.214062 0.367188 0.015625 0.028125
12 0.167187 0.367188 0.015625 0.028125
9 0.103906 0.342969 0.001563 0.051562
9 0.027344 0.342969 0.001563 0.051562
0 0.821875 0.373437 0.021875 0.018750
0 0.665625 0.373437 0.021875 0.018750
0 0.529687 0.373437 0.021875 0.018750
0 0.418750 0.373437 0.021875 0.018750
0 0.264062 0.373437 0.021875 0.018750
0 0.095312 0.373437 0.021875 0.018750
0 0.017188 0.373437 0.021875 0.018750
