10 0.757031 0.319531 0.051562 0.032813
10 0.519531 0.319531 0.051562 0.032813
10 0.282031 0.319531 0.051562 0.032813
9 0.860938 0.364844 0.003125 0.067187
9 0.385937 0.364844 0.003125 0.067187
12 0.822656 0.366406 0.023438 0.060937
9 0.780469 0.335938 0.001563 0.065625
9 0.732031 0.335938 0.001563 0.065625
12 0.672656 0.366406 0.023438 0.060937
12 0.581250 0.367188 0.015625 0.028125
9 0.544531 0.335938 0.001563 0.065625
9 0.494531 0.335938 0.001563 0.065625
12 0.347656 0.366406 0.023438 0.060937
9 0.305469 0.335938 0.001563 0.065625
9 0.257031 0.335938 0.001563 0.065625
12 0.197656 0.366406 0.023438 0.060937
12 0.106250 0.367188 0.015625 0.028125
15 0.077344 0.337500 0.017188 0.062500
9 0.069531 0.339062 0.001563 0.059375
12 0.011719 0.366406 0.023438 0.060937
0 0.771875 0.373437 0.021875 0.018750
0 0.721875 0.373437 0.021875 0.018750
0 0.535937 0.373437 0.021875 0.018750
0 0.485938 0.373437 0.021875 0.018750
0 0.296875 0.373437 0.021875 0.018750
0 0.246875 0.373437 0.021875 0.018750
0 0.060937 0.373437 0.021875 0.018750
