15 0.806250 0.364063 0.018750 0.025000
14 0.838281 0.370312 0.029687 0.012500
14 0.775000 0.370312 0.025000 0.012500
15 0.634375 0.364063 0.018750 0.025000
14 0.666406 0.370312 0.029687 0.012500
14 0.603125 0.370312 0.025000 0.012500
15 0.462500 0.364063 0.018750 0.025000
14 0.494531 0.370312 0.029687 0.012500
14 0.431250 0.370312 0.025000 0.012500
15 0.207813 0.364063 0.018750 0.025000
14 0.239844 0.370312 0.029687 0.012500
14 0.176563 0.370312 0.025000 0.012500
15 0.057813 0.364063 0.018750 0.025000
14 0.089844 0.370312 0.029687 0.012500
14 0.026562 0.370312 0.025000 0.012500
10 0.777344 0.325781 0.142187 0.020313
10 0.603906 0.325781 0.142187 0.020313
10 0.432031 0.325781 0.142187 0.020313
10 0.232813 0.325781 0.096875 0.020313
10 0.082812 0.325781 0.096875 0.020313
9 0.860938 0.364844 0.003125 0.067187
9 0.315625 0.364844 0.003125 0.067187
9 0.846094 0.342187 0.001563 0.053125
9 0.814844 0.342187 0.001563 0.053125
9 0.783594 0.342187 0.001563 0.053125
9 0.744531 0.342187 0.001563 0.053125
9 0.707031 0.342187 0.001563 0.053125
9 0.674219 0.342187 0.001563 0.053125
9 0.642969 0.342187 0.001563 0.053125
9 0.611719 0.342187 0.001563 0.053125
9 0.572656 0.342187 0.001563 0.053125
9 0.533594 0.342187 0.001563 0.053125
9 0.502344 0.342187 0.001563 0.053125
9 0.471094 0.342187 0.001563 0.053125
9 0.439844 0.342187 0.001563 0.053125
9 0.400781 0.342187 0.001563 0.053125
9 0.361719 0.342187 0.001563 0.053125
9 0.280469 0.342187 0.001563 0.053125
9 0.249219 0.342187 0.001563 0.053125
9 0.216406 0.342187 0.001563 0.053125
9 0.185156 0.342187 0.001563 0.053125
9 0.130469 0.342187 0.001563 0.053125
9 0.099219 0.342187 0.001563 0.053125
9 0.067969 0.342187 0.001563 0.053125
9 0.035156 0.342187 0.001563 0.053125
0 0.837500 0.373437 0.021875 0.018750
0 0.806250 0.373437 0.021875 0.018750
0 0.775000 0.373437 0.021875 0.018750
0 0.735938 0.373437 0.021875 0.018750
0 0.696875 0.373437 0.021875 0.018750
0 0.665625 0.373437 0.021875 0.018750
0 0.634375 0.373437 0.021875 0.018750
0 0.601562 0.373437 0.021875 0.018750
0 0.564063 0.373437 0.021875 0.018750
0 0.525000 0.373437 0.021875 0.018750
0 0.493750 0.373437 0.021875 0.018750
0 0.462500 0.373437 0.021875 0.018750
0 0.429688 0.373437 0.021875 0.018750
0 0.392188 0.373437 0.021875 0.018750
0 0.353125 0.373437 0.021875 0.018750
0 0.270313 0.373437 0.021875 0.018750
0 0.239063 0.373437 0.021875 0.018750
0 0.207813 0.373437 0.021875 0.018750
0 0.176563 0.373437 0.021875 0.018750
0 0.121875 0.373437 0.021875 0.018750
0 0.089063 0.373437 0.021875 0.018750
0 0.057813 0.373437 0.021875 0.018750
0 0.026562 0.373437 0.021875 0.018750
