10 0.715625 0.325781 0.043750 0.020313
10 0.462500 0.325781 0.043750 0.020313
10 0.207813 0.325781 0.043750 0.020313
14 0.860938 0.364844 0.003125 0.067187
14 0.353125 0.364844 0.003125 0.067187
11 0.807813 0.367188 0.015625 0.028125
9 0.736719 0.342187 0.001563 0.053125
9 0.694531 0.342187 0.001563 0.053125
9 0.567969 0.342969 0.001563 0.051562
9 0.483594 0.342187 0.001563 0.053125
9 0.441406 0.342187 0.001563 0.053125
11 0.300000 0.367188 0.015625 0.028125
9 0.228906 0.342187 0.001563 0.053125
9 0.186719 0.342187 0.001563 0.053125
9 0.060156 0.342969 0.001563 0.051562
0 0.726562 0.373437 0.021875 0.018750
0 0.685937 0.373437 0.021875 0.018750
0 0.559375 0.373437 0.021875 0.018750
0 0.475000 0.373437 0.021875 0.018750
0 0.432812 0.373437 0.021875 0.018750
0 0.218750 0.373437 0.021875 0.018750
0 0.176563 0.373437 0.021875 0.018750
0 0.051562 0.373437 0.021875 0.018750
