10 0.842187 0.319531 0.093750 0.032813
10 0.332813 0.319531 0.093750 0.032813
14 0.657813 0.364844 0.003125 0.067187
14 0.182812 0.364844 0.003125 0.067187
11 0.925781 0.366406 0.023438 0.060937
9 0.888281 0.335938 0.001563 0.065625
9 0.842969 0.335938 0.001563 0.065625
9 0.796094 0.335938 0.001563 0.065625
11 0.742969 0.366406 0.023438 0.060937
14 0.713281 0.337500 0.017188 0.062500
9 0.705469 0.339062 0.001563 0.059375
11 0.622656 0.366406 0.023438 0.060937
14 0.592969 0.337500 0.017188 0.062500
9 0.585156 0.339062 0.001563 0.059375
11 0.414844 0.366406 0.023438 0.060937
9 0.377344 0.335938 0.001563 0.065625
9 0.332031 0.335938 0.001563 0.065625
9 0.286719 0.335938 0.001563 0.065625
11 0.146094 0.366406 0.023438 0.060937
14 0.116406 0.337500 0.017188 0.062500
9 0.108594 0.339062 0.001563 0.059375
0 0.879687 0.373437 0.021875 0.018750
0 0.832812 0.373437 0.021875 0.018750
0 0.787500 0.373437 0.021875 0.018750
0 0.695312 0.373437 0.021875 0.018750
0 0.576562 0.373437 0.021875 0.018750
0 0.368750 0.373437 0.021875 0.018750
0 0.323437 0.373437 0.021875 0.018750
0 0.276562 0.373437 0.021875 0.018750
0 0.100000 0.373437 0.021875 0.018750
