10 0.520312 0.319531 0.225000 0.032813
10 0.065625 0.319531 0.131250 0.032813
9 0.860938 0.364844 0.003125 0.067187
9 0.362500 0.364844 0.003125 0.067187
15 0.839844 0.337500 0.017188 0.062500
9 0.832031 0.339062 0.001563 0.059375
15 0.739844 0.337500 0.017188 0.062500
9 0.732031 0.339062 0.001563 0.059375
9 0.630469 0.335938 0.001563 0.065625
9 0.586719 0.335938 0.001563 0.065625
9 0.541406 0.335938 0.001563 0.065625
9 0.497656 0.335938 0.001563 0.065625
9 0.452344 0.335938 0.001563 0.065625
9 0.408594 0.335938 0.001563 0.065625
15 0.339844 0.337500 0.017188 0.062500
9 0.332031 0.339062 0.001563 0.059375
15 0.239844 0.337500 0.017188 0.062500
9 0.232031 0.339062 0.001563 0.059375
9 0.132031 0.335938 0.001563 0.065625
9 0.086719 0.335938 0.001563 0.065625
9 0.041406 0.335938 0.001563 0.065625
0 0.821875 0.373437 0.021875 0.018750
0 0.721875 0.373437 0.021875 0.018750
0 0.621875 0.373437 0.021875 0.018750
0 0.576562 0.373437 0.021875 0.018750
0 0.532813 0.373437 0.021875 0.018750
0 0.487500 0.373437 0.021875 0.018750
0 0.443750 0.373437 0.021875 0.018750
0 0.398438 0.373437 0.021875 0.018750
0 0.321875 0.373437 0.021875 0.018750
0 0.221875 0.373437 0.021875 0.018750
0 0.121875 0.373437 0.021875 0.018750
0 0.078125 0.373437 0.021875 0.018750
0 0.032813 0.373437 0.021875 0.018750
