10 0.557031 0.325781 0.139063 0.020313
10 0.067969 0.325781 0.135937 0.020313
9 0.651563 0.364844 0.003125 0.067187
9 0.160938 0.364844 0.003125 0.067187
9 0.960156 0.342969 0.001563 0.051562
12 0.868750 0.367188 0.015625 0.028125
8 0.887500 0.356250 0.006250 0.006250
9 0.789844 0.342969 0.001563 0.051562
9 0.697656 0.342969 0.001563 0.051562
9 0.624219 0.342187 0.001563 0.053125
9 0.578906 0.342187 0.001563 0.053125
9 0.533594 0.342187 0.001563 0.053125
9 0.488281 0.342187 0.001563 0.053125
9 0.442969 0.342969 0.001563 0.051562
12 0.350000 0.367188 0.015625 0.028125
8 0.370312 0.356250 0.006250 0.006250
9 0.271094 0.342969 0.001563 0.051562
12 0.195312 0.367188 0.015625 0.028125
9 0.133594 0.342187 0.001563 0.053125
9 0.088281 0.342187 0.001563 0.053125
9 0.042969 0.342187 0.001563 0.053125
0 0.992969 0.373437 0.014063 0.018750
0 0.950000 0.373437 0.021875 0.018750
0 0.779687 0.373437 0.021875 0.018750
0 0.689063 0.373437 0.021875 0.018750
0 0.615625 0.373437 0.021875 0.018750
0 0.570312 0.373437 0.021875 0.018750
0 0.525000 0.373437 0.021875 0.018750
0 0.478125 0.373437 0.021875 0.018750
0 0.432812 0.373437 0.021875 0.018750
0 0.262500 0.373437 0.021875 0.018750
0 0.125000 0.373437 0.021875 0.018750
0 0.079687 0.373437 0.021875 0.018750
0 0.032813 0.373437 0.021875 0.018750
