7 0.262500 0.366406 0.043750 0.114062
10 0.873437 0.319531 0.043750 0.032813
10 0.663281 0.319531 0.048438 0.032813
10 0.512500 0.319531 0.087500 0.032813
9 0.806250 0.364844 0.003125 0.067187
9 0.978906 0.335938 0.001563 0.065625
12 0.928906 0.366406 0.023438 0.060937
9 0.894531 0.335938 0.001563 0.065625
9 0.852344 0.335938 0.001563 0.065625
12 0.719531 0.366406 0.023438 0.060937
9 0.686719 0.335938 0.001563 0.065625
9 0.639844 0.335938 0.001563 0.065625
12 0.588281 0.366406 0.023438 0.060937
9 0.553906 0.335938 0.001563 0.065625
9 0.511719 0.335938 0.001563 0.065625
9 0.469531 0.335938 0.001563 0.065625
12 0.417969 0.366406 0.023438 0.060937
15 0.391406 0.337500 0.017188 0.062500
9 0.383594 0.339062 0.001563 0.059375
12 0.333594 0.366406 0.023438 0.060937
0 0.970313 0.373437 0.021875 0.018750
0 0.884375 0.373437 0.021875 0.018750
0 0.842187 0.373437 0.021875 0.018750
0 0.676562 0.373437 0.021875 0.018750
0 0.629687 0.373437 0.021875 0.018750
0 0.545312 0.373437 0.021875 0.018750
0 0.501563 0.373437 0.021875 0.018750
0 0.459375 0.373437 0.021875 0.018750
0 0.375000 0.373437 0.021875 0.018750
