10 0.538281 0.319531 0.048438 0.032813
9 0.860938 0.364844 0.003125 0.067187
9 0.401562 0.364844 0.003125 0.067187
15 0.839844 0.337500 0.017188 0.062500
9 0.832031 0.339062 0.001563 0.059375
12 0.780469 0.366406 0.023438 0.060937
15 0.752344 0.337500 0.017188 0.062500
9 0.744531 0.339062 0.001563 0.059375
12 0.692969 0.366406 0.023438 0.060937
15 0.666406 0.337500 0.017188 0.062500
9 0.658594 0.339062 0.001563 0.059375
9 0.561719 0.335938 0.001563 0.065625
9 0.514844 0.335938 0.001563 0.065625
8 0.459375 0.356250 0.006250 0.006250
15 0.378906 0.337500 0.017188 0.062500
9 0.371094 0.339062 0.001563 0.059375
12 0.319531 0.366406 0.023438 0.060937
15 0.292969 0.337500 0.017188 0.062500
9 0.285156 0.339062 0.001563 0.059375
12 0.233594 0.366406 0.023438 0.060937
15 0.207031 0.337500 0.017188 0.062500
9 0.199219 0.339062 0.001563 0.059375
15 0.108594 0.337500 0.017188 0.062500
9 0.100781 0.339062 0.001563 0.059375
12 0.049219 0.366406 0.023438 0.060937
9 0.014844 0.335938 0.001563 0.065625
0 0.821875 0.373437 0.021875 0.018750
0 0.735938 0.373437 0.021875 0.018750
0 0.650000 0.373437 0.021875 0.018750
0 0.551562 0.373437 0.021875 0.018750
0 0.504687 0.373437 0.021875 0.018750
0 0.362500 0.373437 0.021875 0.018750
0 0.276562 0.373437 0.021875 0.018750
0 0.189062 0.373437 0.021875 0.018750
0 0.092188 0.373437 0.021875 0.018750
0 0.007812 0.373437 0.015625 0.018750
