10 0.888281 0.325781 0.035937 0.020313
9 0.790625 0.364844 0.003125 0.067187
9 0.395313 0.364844 0.003125 0.067187
9 0.029687 0.364844 0.003125 0.067187
12 0.958594 0.364844 0.017188 0.048438
9 0.903906 0.342187 0.001563 0.053125
9 0.871094 0.342187 0.001563 0.053125
9 0.735156 0.342969 0.001563 0.051562
9 0.660156 0.342969 0.001563 0.051562
12 0.580469 0.364844 0.017188 0.048438
9 0.517969 0.342969 0.001563 0.051562
9 0.442969 0.342969 0.001563 0.051562
9 0.339844 0.342969 0.001563 0.051562
9 0.264844 0.342969 0.001563 0.051562
12 0.186719 0.364844 0.017188 0.048438
9 0.122656 0.342969 0.001563 0.051562
12 0.062500 0.367188 0.015625 0.028125
0 0.895312 0.373437 0.021875 0.018750
0 0.860938 0.373437 0.021875 0.018750
0 0.725000 0.373437 0.021875 0.018750
0 0.650000 0.373437 0.021875 0.018750
0 0.507812 0.373437 0.021875 0.018750
0 0.432812 0.373437 0.021875 0.018750
0 0.329688 0.373437 0.021875 0.018750
0 0.254688 0.373437 0.021875 0.018750
0 0.112500 0.373437 0.021875 0.018750
