10 0.850781 0.325781 0.035937 0.020313
10 0.755469 0.325781 0.035937 0.020313
10 0.366406 0.325781 0.035937 0.020313
9 0.787500 0.364844 0.003125 0.067187
9 0.398438 0.364844 0.003125 0.067187
9 0.009375 0.364844 0.003125 0.067187
9 0.935156 0.342969 0.001563 0.051562
9 0.867969 0.342187 0.001563 0.053125
9 0.833594 0.342187 0.001563 0.053125
9 0.772656 0.342187 0.001563 0.053125
9 0.738281 0.342187 0.001563 0.053125
12 0.660156 0.364844 0.017188 0.048438
9 0.628906 0.342969 0.001563 0.051562
9 0.553906 0.342969 0.001563 0.051562
9 0.478906 0.342969 0.001563 0.051562
9 0.383594 0.342187 0.001563 0.053125
9 0.349219 0.342187 0.001563 0.053125
12 0.269531 0.364844 0.017188 0.048438
9 0.239844 0.342969 0.001563 0.051562
9 0.164844 0.342969 0.001563 0.051562
9 0.055469 0.342969 0.001563 0.051562
0 0.995313 0.373437 0.009375 0.018750
0 0.926562 0.373437 0.021875 0.018750
0 0.857812 0.373437 0.021875 0.018750
0 0.825000 0.373437 0.021875 0.018750
0 0.764062 0.373437 0.021875 0.018750
0 0.729688 0.373437 0.021875 0.018750
0 0.620313 0.373437 0.021875 0.018750
0 0.545312 0.373437 0.021875 0.018750
0 0.468750 0.373437 0.021875 0.018750
0 0.373437 0.373437 0.021875 0.018750
0 0.340625 0.373437 0.021875 0.018750
0 0.231250 0.373437 0.021875 0.018750
0 0.154688 0.373437 0.021875 0.018750
0 0.045312 0.373437 0.021875 0.018750
