10 0.751563 0.325781 0.034375 0.020313
10 0.638281 0.325781 0.067187 0.020313
10 0.450000 0.325781 0.034375 0.020313
10 0.353125 0.325781 0.034375 0.020313
10 0.148438 0.325781 0.034375 0.020313
9 0.860938 0.364844 0.003125 0.067187
9 0.559375 0.364844 0.003125 0.067187
9 0.257812 0.364844 0.003125 0.067187
12 0.789844 0.364844 0.017188 0.048438
8 0.809375 0.356250 0.006250 0.006250
9 0.767969 0.342187 0.001563 0.053125
9 0.735156 0.342187 0.001563 0.053125
9 0.671094 0.342187 0.001563 0.053125
9 0.638281 0.342187 0.001563 0.053125
9 0.605469 0.342187 0.001563 0.053125
12 0.486719 0.364844 0.017188 0.048438
8 0.507812 0.356250 0.006250 0.006250
9 0.466406 0.342187 0.001563 0.053125
9 0.433594 0.342187 0.001563 0.053125
9 0.369531 0.342187 0.001563 0.053125
9 0.336719 0.342187 0.001563 0.053125
12 0.185156 0.364844 0.017188 0.048438
8 0.204687 0.356250 0.006250 0.006250
9 0.164844 0.342187 0.001563 0.053125
9 0.132031 0.342187 0.001563 0.053125
9 0.058594 0.342969 0.001563 0.051562
0 0.759375 0.373437 0.021875 0.018750
0 0.726562 0.373437 0.021875 0.018750
0 0.660937 0.373437 0.021875 0.018750
0 0.629687 0.373437 0.021875 0.018750
0 0.596875 0.373437 0.021875 0.018750
0 0.457813 0.373437 0.021875 0.018750
0 0.425000 0.373437 0.021875 0.018750
0 0.359375 0.373437 0.021875 0.018750
0 0.326562 0.373437 0.021875 0.018750
0 0.154688 0.373437 0.021875 0.018750
0 0.121875 0.373437 0.021875 0.018750
0 0.048438 0.373437 0.021875 0.018750
