10 0.811719 0.325781 0.070312 0.020313
10 0.582812 0.325781 0.106250 0.020313
10 0.433594 0.325781 0.070312 0.020313
10 0.221094 0.325781 0.070312 0.020313
10 0.055469 0.325781 0.070312 0.020313
9 0.860938 0.364844 0.003125 0.067187
9 0.482812 0.364844 0.003125 0.067187
9 0.106250 0.364844 0.003125 0.067187
9 0.846094 0.342187 0.001563 0.053125
9 0.811719 0.342187 0.001563 0.053125
9 0.777344 0.342187 0.001563 0.053125
12 0.704688 0.367188 0.015625 0.028125
8 0.723437 0.356250 0.006250 0.006250
12 0.656250 0.367188 0.015625 0.028125
9 0.633594 0.342187 0.001563 0.053125
9 0.599219 0.342187 0.001563 0.053125
9 0.564844 0.342187 0.001563 0.053125
9 0.530469 0.342187 0.001563 0.053125
9 0.467969 0.342187 0.001563 0.053125
9 0.433594 0.342187 0.001563 0.053125
9 0.399219 0.342187 0.001563 0.053125
12 0.326562 0.367188 0.015625 0.028125
8 0.345313 0.356250 0.006250 0.006250
12 0.278125 0.367188 0.015625 0.028125
9 0.255469 0.342187 0.001563 0.053125
9 0.221094 0.342187 0.001563 0.053125
9 0.186719 0.342187 0.001563 0.053125
9 0.089844 0.342187 0.001563 0.053125
9 0.055469 0.342187 0.001563 0.053125
9 0.021094 0.342187 0.001563 0.053125
0 0.835938 0.373437 0.021875 0.018750
0 0.801562 0.373437 0.021875 0.018750
0 0.767188 0.373437 0.021875 0.018750
0 0.623437 0.373437 0.021875 0.018750
0 0.589063 0.373437 0.021875 0.018750
0 0.554688 0.373437 0.021875 0.018750
0 0.520312 0.373437 0.021875 0.018750
0 0.457813 0.373437 0.021875 0.018750
0 0.423438 0.373437 0.021875 0.018750
0 0.389062 0.373437 0.021875 0.018750
0 0.245312 0.373437 0.021875 0.018750
0 0.210938 0.373437 0.021875 0.018750
0 0.176563 0.373437 0.021875 0.018750
0 0.079687 0.373437 0.021875 0.018750
0 0.045312 0.373437 0.021875 0.018750
0 0.010937 0.373437 0.021875 0.018750
