7 0.262500 0.366406 0.043750 0.114062
10 0.867969 0.319531 0.054688 0.032813
10 0.643750 0.319531 0.106250 0.032813
9 0.795312 0.364844 0.003125 0.067187
9 0.892969 0.335938 0.001563 0.065625
9 0.841406 0.335938 0.001563 0.065625
9 0.696094 0.335938 0.001563 0.065625
9 0.644531 0.335938 0.001563 0.065625
9 0.591406 0.335938 0.001563 0.065625
8 0.523438 0.356250 0.006250 0.006250
15 0.402344 0.337500 0.017188 0.062500
9 0.394531 0.339062 0.001563 0.059375
12 0.333594 0.366406 0.023438 0.060937
0 0.884375 0.373437 0.021875 0.018750
0 0.831250 0.373437 0.021875 0.018750
0 0.687500 0.373437 0.021875 0.018750
0 0.634375 0.373437 0.021875 0.018750
0 0.582812 0.373437 0.021875 0.018750
0 0.384375 0.373437 0.021875 0.018750
