10 0.575000 0.319531 0.103125 0.032813
10 0.317969 0.319531 0.154688 0.032813
10 0.050000 0.319531 0.100000 0.032813
9 0.720313 0.364844 0.003125 0.067187
9 0.195312 0.364844 0.003125 0.067187
9 0.971094 0.335938 0.001563 0.065625
15 0.864844 0.337500 0.017188 0.062500
9 0.857031 0.339062 0.001563 0.059375
12 0.754687 0.367188 0.015625 0.028125
9 0.625781 0.335938 0.001563 0.065625
9 0.574219 0.335938 0.001563 0.065625
9 0.524219 0.335938 0.001563 0.065625
8 0.457813 0.356250 0.006250 0.006250
9 0.394531 0.335938 0.001563 0.065625
9 0.342969 0.335938 0.001563 0.065625
9 0.292969 0.335938 0.001563 0.065625
9 0.241406 0.335938 0.001563 0.065625
9 0.099219 0.335938 0.001563 0.065625
9 0.049219 0.335938 0.001563 0.065625
0 0.962500 0.373437 0.021875 0.018750
0 0.848437 0.373437 0.021875 0.018750
0 0.615625 0.373437 0.021875 0.018750
0 0.565625 0.373437 0.021875 0.018750
0 0.514062 0.373437 0.021875 0.018750
0 0.385937 0.373437 0.021875 0.018750
0 0.334375 0.373437 0.021875 0.018750
0 0.282813 0.373437 0.021875 0.018750
0 0.232813 0.373437 0.021875 0.018750
0 0.090625 0.373437 0.021875 0.018750
0 0.039062 0.373437 0.021875 0.018750
