7 0.262500 0.366406 0.043750 0.114062
10 0.682813 0.325781 0.071875 0.020313
10 0.393750 0.325781 0.037500 0.020313
9 0.906250 0.364844 0.003125 0.067187
9 0.601562 0.364844 0.003125 0.067187
12 0.940625 0.367188 0.015625 0.028125
8 0.959375 0.356250 0.006250 0.006250
12 0.844531 0.364844 0.017188 0.048438
12 0.774219 0.364844 0.017188 0.048438
9 0.716406 0.342187 0.001563 0.053125
9 0.682031 0.342187 0.001563 0.053125
9 0.647656 0.342187 0.001563 0.053125
12 0.538281 0.364844 0.017188 0.048438
12 0.469531 0.364844 0.017188 0.048438
9 0.411719 0.342187 0.001563 0.053125
9 0.375781 0.342187 0.001563 0.053125
0 0.707812 0.373437 0.021875 0.018750
0 0.673438 0.373437 0.021875 0.018750
0 0.637500 0.373437 0.021875 0.018750
0 0.401562 0.373437 0.021875 0.018750
0 0.367188 0.373437 0.021875 0.018750
