10 0.829688 0.325781 0.034375 0.020313
10 0.568750 0.325781 0.068750 0.020313
10 0.456250 0.325781 0.034375 0.020313
10 0.210938 0.325781 0.034375 0.020313
10 0.082812 0.325781 0.034375 0.020313
9 0.860938 0.364844 0.003125 0.067187
9 0.489063 0.364844 0.003125 0.067187
9 0.115625 0.364844 0.003125 0.067187
9 0.846094 0.342187 0.001563 0.053125
9 0.813281 0.342187 0.001563 0.053125
12 0.754687 0.367188 0.015625 0.028125
9 0.724219 0.342969 0.001563 0.051562
12 0.654687 0.367188 0.015625 0.028125
8 0.675000 0.356250 0.006250 0.006250
9 0.600781 0.342187 0.001563 0.053125
9 0.567969 0.342187 0.001563 0.053125
9 0.535156 0.342187 0.001563 0.053125
9 0.474219 0.342187 0.001563 0.053125
9 0.439844 0.342187 0.001563 0.053125
12 0.381250 0.367188 0.015625 0.028125
9 0.352344 0.342969 0.001563 0.051562
12 0.281250 0.367188 0.015625 0.028125
8 0.301563 0.356250 0.006250 0.006250
9 0.227344 0.342187 0.001563 0.053125
9 0.194531 0.342187 0.001563 0.053125
9 0.100781 0.342187 0.001563 0.053125
9 0.066406 0.342187 0.001563 0.053125
12 0.007812 0.367188 0.015625 0.028125
0 0.837500 0.373437 0.021875 0.018750
0 0.804688 0.373437 0.021875 0.018750
0 0.715625 0.373437 0.021875 0.018750
0 0.592187 0.373437 0.021875 0.018750
0 0.557813 0.373437 0.021875 0.018750
0 0.525000 0.373437 0.021875 0.018750
0 0.464062 0.373437 0.021875 0.018750
0 0.431250 0.373437 0.021875 0.018750
0 0.342187 0.373437 0.021875 0.018750
0 0.218750 0.373437 0.021875 0.018750
0 0.184375 0.373437 0.021875 0.018750
0 0.090625 0.373437 0.021875 0.018750
0 0.057813 0.373437 0.021875 0.018750
