10 0.958594 0.319531 0.082812 0.032813
10 0.463281 0.319531 0.092188 0.032813
10 0.239063 0.319531 0.046875 0.032813
9 0.670312 0.364844 0.003125 0.067187
9 0.170313 0.364844 0.003125 0.067187
9 0.963281 0.335938 0.001563 0.065625
9 0.917969 0.335938 0.001563 0.065625
12 0.808594 0.366406 0.023438 0.060937
15 0.780469 0.337500 0.017188 0.062500
9 0.772656 0.339062 0.001563 0.059375
12 0.635156 0.366406 0.023438 0.060937
15 0.607031 0.337500 0.017188 0.062500
9 0.599219 0.339062 0.001563 0.059375
12 0.544531 0.366406 0.023438 0.060937
9 0.508594 0.335938 0.001563 0.065625
9 0.463281 0.335938 0.001563 0.065625
9 0.417969 0.335938 0.001563 0.065625
9 0.261719 0.335938 0.001563 0.065625
9 0.216406 0.335938 0.001563 0.065625
12 0.135156 0.366406 0.023438 0.060937
15 0.107031 0.337500 0.017188 0.062500
9 0.099219 0.339062 0.001563 0.059375
12 0.046094 0.366406 0.023438 0.060937
9 0.008594 0.335938 0.001563 0.065625
0 0.993750 0.373437 0.012500 0.018750
0 0.954688 0.373437 0.021875 0.018750
0 0.909375 0.373437 0.021875 0.018750
0 0.762500 0.373437 0.021875 0.018750
0 0.589063 0.373437 0.021875 0.018750
0 0.500000 0.373437 0.021875 0.018750
0 0.454688 0.373437 0.021875 0.018750
0 0.409375 0.373437 0.021875 0.018750
0 0.251563 0.373437 0.021875 0.018750
0 0.206250 0.373437 0.021875 0.018750
0 0.089063 0.373437 0.021875 0.018750
0 0.005469 0.373437 0.010937 0.018750
