7 0.262500 0.366406 0.043750 0.114062
10 0.711719 0.325781 0.126562 0.020313
10 0.587500 0.325781 0.043750 0.020313
9 0.795312 0.364844 0.003125 0.067187
9 0.982031 0.342969 0.001563 0.051562
12 0.912500 0.367188 0.015625 0.028125
9 0.882031 0.342969 0.001563 0.051562
9 0.772656 0.342187 0.001563 0.053125
9 0.730469 0.342187 0.001563 0.053125
9 0.689844 0.342187 0.001563 0.053125
9 0.649219 0.342187 0.001563 0.053125
9 0.607031 0.342187 0.001563 0.053125
9 0.566406 0.342187 0.001563 0.053125
9 0.483594 0.342969 0.001563 0.051562
12 0.412500 0.367188 0.015625 0.028125
9 0.341406 0.342969 0.001563 0.051562
0 0.973437 0.373437 0.021875 0.018750
0 0.873437 0.373437 0.021875 0.018750
0 0.762500 0.373437 0.021875 0.018750
0 0.721875 0.373437 0.021875 0.018750
0 0.681250 0.373437 0.021875 0.018750
0 0.639062 0.373437 0.021875 0.018750
0 0.598437 0.373437 0.021875 0.018750
0 0.556250 0.373437 0.021875 0.018750
0 0.473438 0.373437 0.021875 0.018750
0 0.332813 0.373437 0.021875 0.018750
