7 0.262500 0.366406 0.043750 0.114062
10 0.440625 0.319531 0.200000 0.032813
9 0.843750 0.364844 0.003125 0.067187
12 0.969531 0.366406 0.023438 0.060937
12 0.878125 0.367188 0.015625 0.028125
15 0.821094 0.337500 0.017188 0.062500
9 0.813281 0.339062 0.001563 0.059375
15 0.710156 0.337500 0.017188 0.062500
9 0.702344 0.339062 0.001563 0.059375
12 0.582031 0.366406 0.023438 0.060937
9 0.539844 0.335938 0.001563 0.065625
9 0.489844 0.335938 0.001563 0.065625
9 0.441406 0.335938 0.001563 0.065625
9 0.391406 0.335938 0.001563 0.065625
9 0.341406 0.335938 0.001563 0.065625
0 0.804688 0.373437 0.021875 0.018750
0 0.692187 0.373437 0.021875 0.018750
0 0.531250 0.373437 0.021875 0.018750
0 0.481250 0.373437 0.021875 0.018750
0 0.431250 0.373437 0.021875 0.018750
0 0.381250 0.373437 0.021875 0.018750
0 0.332813 0.373437 0.021875 0.018750
