7 0.262500 0.366406 0.043750 0.114062
10 0.664844 0.319531 0.051562 0.032813
14 0.770312 0.364844 0.003125 0.067187
11 0.997656 0.367188 0.004687 0.028125
11 0.957031 0.366406 0.023438 0.060937
14 0.922656 0.337500 0.017188 0.062500
9 0.914844 0.339062 0.001563 0.059375
11 0.857031 0.366406 0.023438 0.060937
14 0.824219 0.337500 0.017188 0.062500
9 0.816406 0.339062 0.001563 0.059375
11 0.730469 0.366406 0.023438 0.060937
9 0.689844 0.335938 0.001563 0.065625
9 0.639844 0.335938 0.001563 0.065625
11 0.582031 0.366406 0.023438 0.060937
11 0.490625 0.367188 0.015625 0.028125
11 0.444531 0.366406 0.023438 0.060937
14 0.411719 0.337500 0.017188 0.062500
9 0.403906 0.339062 0.001563 0.059375
0 0.906250 0.373437 0.021875 0.018750
0 0.807813 0.373437 0.021875 0.018750
0 0.679688 0.373437 0.021875 0.018750
0 0.631250 0.373437 0.021875 0.018750
0 0.393750 0.373437 0.021875 0.018750
