10 0.955469 0.325781 0.035937 0.020313
10 0.567969 0.325781 0.035937 0.020313
10 0.139063 0.325781 0.071875 0.020313
9 0.781250 0.364844 0.003125 0.067187
9 0.445312 0.364844 0.003125 0.067187
9 0.057813 0.364844 0.003125 0.067187
9 0.974219 0.342187 0.001563 0.053125
9 0.938281 0.342187 0.001563 0.053125
9 0.827344 0.342969 0.001563 0.051562
9 0.724219 0.342969 0.001563 0.051562
12 0.642969 0.364844 0.017188 0.048438
9 0.586719 0.342187 0.001563 0.053125
9 0.550781 0.342187 0.001563 0.053125
12 0.479687 0.367188 0.015625 0.028125
8 0.498437 0.356250 0.006250 0.006250
9 0.388281 0.342969 0.001563 0.051562
12 0.307031 0.364844 0.017188 0.048438
9 0.242969 0.342969 0.001563 0.051562
9 0.172656 0.342187 0.001563 0.053125
9 0.138281 0.342187 0.001563 0.053125
9 0.103906 0.342187 0.001563 0.053125
9 0.000781 0.342969 0.001563 0.051562
0 0.964063 0.373437 0.021875 0.018750
0 0.929688 0.373437 0.021875 0.018750
0 0.818750 0.373437 0.021875 0.018750
0 0.715625 0.373437 0.021875 0.018750
0 0.576562 0.373437 0.021875 0.018750
0 0.542188 0.373437 0.021875 0.018750
0 0.378125 0.373437 0.021875 0.018750
0 0.232813 0.373437 0.021875 0.018750
0 0.164062 0.373437 0.021875 0.018750
0 0.129688 0.373437 0.021875 0.018750
0 0.095312 0.373437 0.021875 0.018750
