10 0.877344 0.319531 0.051562 0.032813
10 0.728906 0.319531 0.051562 0.032813
10 0.513281 0.319531 0.051562 0.032813
10 0.364844 0.319531 0.051562 0.032813
10 0.014063 0.319531 0.028125 0.032813
9 0.657813 0.364844 0.003125 0.067187
9 0.145313 0.364844 0.003125 0.067187
12 0.942969 0.366406 0.023438 0.060937
9 0.902344 0.335938 0.001563 0.065625
9 0.852344 0.335938 0.001563 0.065625
12 0.794531 0.366406 0.023438 0.060937
9 0.752344 0.335938 0.001563 0.065625
9 0.703906 0.335938 0.001563 0.065625
12 0.576562 0.367188 0.015625 0.028125
9 0.538281 0.335938 0.001563 0.065625
9 0.488281 0.335938 0.001563 0.065625
12 0.430469 0.366406 0.023438 0.060937
9 0.389844 0.335938 0.001563 0.065625
9 0.339844 0.335938 0.001563 0.065625
12 0.282031 0.366406 0.023438 0.060937
15 0.249219 0.337500 0.017188 0.062500
9 0.241406 0.339062 0.001563 0.059375
12 0.183594 0.366406 0.023438 0.060937
12 0.064062 0.367188 0.015625 0.028125
9 0.027344 0.335938 0.001563 0.065625
0 0.990625 0.373437 0.018750 0.018750
0 0.892188 0.373437 0.021875 0.018750
0 0.843750 0.373437 0.021875 0.018750
0 0.743750 0.373437 0.021875 0.018750
0 0.693750 0.373437 0.021875 0.018750
0 0.529687 0.373437 0.021875 0.018750
0 0.479687 0.373437 0.021875 0.018750
0 0.381250 0.373437 0.021875 0.018750
0 0.331250 0.373437 0.021875 0.018750
0 0.231250 0.373437 0.021875 0.018750
0 0.017188 0.373437 0.021875 0.018750
