10 0.721875 0.325781 0.193750 0.020313
10 0.440625 0.325781 0.065625 0.020313
10 0.221875 0.325781 0.193750 0.020313
14 0.860938 0.364844 0.003125 0.067187
14 0.362500 0.364844 0.003125 0.067187
9 0.816406 0.342187 0.001563 0.053125
9 0.752344 0.342187 0.001563 0.053125
9 0.689844 0.342187 0.001563 0.053125
9 0.625781 0.342187 0.001563 0.053125
11 0.523438 0.367188 0.015625 0.028125
9 0.471094 0.342187 0.001563 0.053125
9 0.408594 0.342187 0.001563 0.053125
9 0.316406 0.342187 0.001563 0.053125
9 0.253906 0.342187 0.001563 0.053125
9 0.189844 0.342187 0.001563 0.053125
9 0.125781 0.342187 0.001563 0.053125
11 0.023438 0.367188 0.015625 0.028125
0 0.807813 0.373437 0.021875 0.018750
0 0.743750 0.373437 0.021875 0.018750
0 0.679688 0.373437 0.021875 0.018750
0 0.615625 0.373437 0.021875 0.018750
0 0.462500 0.373437 0.021875 0.018750
0 0.398438 0.373437 0.021875 0.018750
0 0.307812 0.373437 0.021875 0.018750
0 0.243750 0.373437 0.021875 0.018750
0 0.179688 0.373437 0.021875 0.018750
0 0.117188 0.373437 0.021875 0.018750
