10 0.707812 0.416406 0.184375 0.007812
10 0.464062 0.401562 0.184375 0.025000
10 0.192188 0.401562 0.184375 0.025000
9 0.860938 0.364844 0.003125 0.067187
9 0.345313 0.364844 0.003125 0.067187
9 0.799219 0.382812 0.001563 0.078125
9 0.738281 0.377344 0.001563 0.085938
9 0.677344 0.397656 0.001563 0.045312
9 0.616406 0.389844 0.001563 0.060937
9 0.555469 0.368750 0.001563 0.050000
9 0.494531 0.371094 0.001563 0.054688
9 0.433594 0.364844 0.001563 0.076563
9 0.372656 0.384375 0.001563 0.050000
9 0.283594 0.368750 0.001563 0.050000
9 0.222656 0.371094 0.001563 0.054688
9 0.161719 0.368750 0.001563 0.068750
9 0.100781 0.384375 0.001563 0.050000
9 0.039844 0.368750 0.001563 0.050000
0 0.809375 0.340625 0.021875 0.018750
0 0.748437 0.332813 0.021875 0.018750
0 0.687500 0.373437 0.021875 0.018750
0 0.626563 0.356250 0.021875 0.018750
0 0.565625 0.340625 0.021875 0.018750
0 0.504687 0.340625 0.021875 0.018750
0 0.443750 0.325000 0.021875 0.018750
0 0.382812 0.356250 0.021875 0.018750
0 0.293750 0.340625 0.021875 0.018750
0 0.232813 0.340625 0.021875 0.018750
0 0.171875 0.332813 0.021875 0.018750
0 0.110937 0.356250 0.021875 0.018750
0 0.050000 0.340625 0.021875 0.018750
