10 0.571875 0.319531 0.096875 0.032813
10 0.048438 0.319531 0.096875 0.032813
9 0.646875 0.364844 0.003125 0.067187
9 0.123438 0.364844 0.003125 0.067187
12 0.989844 0.366406 0.020313 0.060937
15 0.900781 0.337500 0.017188 0.062500
9 0.892969 0.339062 0.001563 0.059375
12 0.836719 0.366406 0.023438 0.060937
15 0.747656 0.337500 0.017188 0.062500
9 0.739844 0.339062 0.001563 0.059375
12 0.683594 0.366406 0.023438 0.060937
9 0.617969 0.335938 0.001563 0.065625
9 0.571094 0.335938 0.001563 0.065625
9 0.524219 0.335938 0.001563 0.065625
12 0.467969 0.366406 0.023438 0.060937
15 0.377344 0.337500 0.017188 0.062500
9 0.369531 0.339062 0.001563 0.059375
12 0.314844 0.366406 0.023438 0.060937
12 0.208594 0.366406 0.023438 0.060937
15 0.177344 0.337500 0.017188 0.062500
9 0.169531 0.339062 0.001563 0.059375
9 0.094531 0.335938 0.001563 0.065625
9 0.047656 0.335938 0.001563 0.065625
9 0.000781 0.335938 0.001563 0.065625
0 0.884375 0.373437 0.021875 0.018750
0 0.731250 0.373437 0.021875 0.018750
0 0.609375 0.373437 0.021875 0.018750
0 0.560937 0.373437 0.021875 0.018750
0 0.514062 0.373437 0.021875 0.018750
0 0.360938 0.373437 0.021875 0.018750
0 0.160938 0.373437 0.021875 0.018750
0 0.085938 0.373437 0.021875 0.018750
0 0.039062 0.373437 0.021875 0.018750
