10 0.775000 0.325781 0.037500 0.020313
10 0.365625 0.325781 0.037500 0.020313
10 0.015625 0.325781 0.031250 0.020313
9 0.860938 0.364844 0.003125 0.067187
9 0.451562 0.364844 0.003125 0.067187
9 0.100000 0.364844 0.003125 0.067187
12 0.817187 0.367188 0.015625 0.028125
9 0.792969 0.342187 0.001563 0.053125
9 0.757031 0.342187 0.001563 0.053125
12 0.693750 0.367188 0.015625 0.028125
9 0.627344 0.342969 0.001563 0.051562
12 0.564063 0.367188 0.015625 0.028125
9 0.497656 0.342969 0.001563 0.051562
12 0.407813 0.367188 0.015625 0.028125
9 0.383594 0.342187 0.001563 0.053125
9 0.347656 0.342187 0.001563 0.053125
12 0.282813 0.367188 0.015625 0.028125
9 0.217969 0.342969 0.001563 0.051562
12 0.133594 0.364844 0.017188 0.048438
12 0.054688 0.367188 0.015625 0.028125
9 0.030469 0.342187 0.001563 0.053125
0 0.782813 0.373437 0.021875 0.018750
0 0.746875 0.373437 0.021875 0.018750
0 0.618750 0.373437 0.021875 0.018750
0 0.489063 0.373437 0.021875 0.018750
0 0.373437 0.373437 0.021875 0.018750
0 0.337500 0.373437 0.021875 0.018750
0 0.209375 0.373437 0.021875 0.018750
0 0.021875 0.373437 0.021875 0.018750
