10 0.784375 0.319531 0.056250 0.032813
9 0.656250 0.364844 0.003125 0.067187
9 0.143750 0.364844 0.003125 0.067187
12 0.904687 0.367188 0.015625 0.028125
12 0.855469 0.366406 0.023438 0.060937
9 0.810156 0.335938 0.001563 0.065625
9 0.757031 0.335938 0.001563 0.065625
12 0.694531 0.366406 0.023438 0.060937
15 0.628906 0.337500 0.017188 0.062500
9 0.621094 0.339062 0.001563 0.059375
15 0.507031 0.337500 0.017188 0.062500
9 0.499219 0.339062 0.001563 0.059375
12 0.392188 0.367188 0.015625 0.028125
12 0.342969 0.366406 0.023438 0.060937
15 0.305469 0.337500 0.017188 0.062500
9 0.297656 0.339062 0.001563 0.059375
12 0.235156 0.366406 0.023438 0.060937
15 0.197656 0.337500 0.017188 0.062500
9 0.189844 0.339062 0.001563 0.059375
15 0.116406 0.337500 0.017188 0.062500
9 0.108594 0.339062 0.001563 0.059375
0 0.996094 0.373437 0.007812 0.018750
0 0.801562 0.373437 0.021875 0.018750
0 0.746875 0.373437 0.021875 0.018750
0 0.612500 0.373437 0.021875 0.018750
0 0.490625 0.373437 0.021875 0.018750
0 0.287500 0.373437 0.021875 0.018750
0 0.179688 0.373437 0.021875 0.018750
0 0.098437 0.373437 0.021875 0.018750
