10 0.039844 0.325781 0.079687 0.020313
9 0.860938 0.364844 0.003125 0.067187
9 0.407813 0.364844 0.003125 0.067187
9 0.830469 0.342969 0.001563 0.051562
12 0.734375 0.367188 0.015625 0.028125
8 0.753125 0.356250 0.006250 0.006250
9 0.649219 0.342969 0.001563 0.051562
9 0.550781 0.342969 0.001563 0.051562
12 0.442969 0.364844 0.017188 0.048438
9 0.377344 0.342969 0.001563 0.051562
12 0.279687 0.367188 0.015625 0.028125
8 0.300000 0.356250 0.006250 0.006250
9 0.194531 0.342969 0.001563 0.051562
12 0.114062 0.367188 0.015625 0.028125
9 0.077344 0.342187 0.001563 0.053125
9 0.028906 0.342187 0.001563 0.053125
0 0.821875 0.373437 0.021875 0.018750
0 0.639062 0.373437 0.021875 0.018750
0 0.542188 0.373437 0.021875 0.018750
0 0.367188 0.373437 0.021875 0.018750
0 0.185938 0.373437 0.021875 0.018750
0 0.068750 0.373437 0.021875 0.018750
0 0.018750 0.373437 0.021875 0.018750
