10 0.856250 0.319531 0.062500 0.007812
10 0.343750 0.319531 0.062500 0.007812
10 0.075000 0.319531 0.062500 0.007812
9 0.657813 0.364844 0.003125 0.067187
9 0.146875 0.364844 0.003125 0.067187
12 0.934375 0.367188 0.015625 0.028125
9 0.885156 0.342187 0.001563 0.053125
9 0.825781 0.342187 0.001563 0.053125
15 0.772656 0.342187 0.017188 0.053125
9 0.764844 0.343750 0.001563 0.053125
12 0.692187 0.367188 0.015625 0.028125
15 0.624219 0.342187 0.017188 0.053125
9 0.616406 0.343750 0.001563 0.053125
12 0.543750 0.367188 0.015625 0.028125
15 0.502344 0.342187 0.017188 0.053125
9 0.494531 0.343750 0.001563 0.053125
12 0.421875 0.367188 0.015625 0.028125
9 0.374219 0.342187 0.001563 0.053125
9 0.313281 0.342187 0.001563 0.053125
15 0.260156 0.342187 0.017188 0.053125
9 0.252344 0.343750 0.001563 0.053125
12 0.179688 0.367188 0.015625 0.028125
9 0.103906 0.342187 0.001563 0.053125
9 0.044531 0.342187 0.001563 0.053125
0 0.992969 0.373437 0.014063 0.018750
0 0.876563 0.373437 0.021875 0.018750
0 0.815625 0.373437 0.021875 0.018750
0 0.754687 0.373437 0.021875 0.018750
0 0.606250 0.373437 0.021875 0.018750
0 0.485938 0.373437 0.021875 0.018750
0 0.364063 0.373437 0.021875 0.018750
0 0.304688 0.373437 0.021875 0.018750
0 0.243750 0.373437 0.021875 0.018750
0 0.095312 0.373437 0.021875 0.018750
0 0.034375 0.373437 0.021875 0.018750
