9 0.860938 0.364844 0.003125 0.067187
9 0.342187 0.364844 0.003125 0.067187
9 0.830469 0.342969 0.001563 0.051562
12 0.703125 0.367188 0.015625 0.028125
9 0.667969 0.342969 0.001563 0.051562
12 0.539062 0.367188 0.015625 0.028125
12 0.471875 0.367188 0.015625 0.028125
9 0.388281 0.342969 0.001563 0.051562
9 0.311719 0.342969 0.001563 0.051562
12 0.184375 0.367188 0.015625 0.028125
9 0.149219 0.342969 0.001563 0.051562
0 0.821875 0.373437 0.021875 0.018750
0 0.657813 0.373437 0.021875 0.018750
0 0.379688 0.373437 0.021875 0.018750
0 0.301563 0.373437 0.021875 0.018750
0 0.139063 0.373437 0.021875 0.018750
