10 0.235156 0.325781 0.107813 0.020313
9 0.860938 0.364844 0.003125 0.067187
9 0.518750 0.364844 0.003125 0.067187
9 0.135937 0.364844 0.003125 0.067187
9 0.830469 0.342969 0.001563 0.051562
12 0.756250 0.367188 0.015625 0.028125
8 0.776563 0.356250 0.006250 0.006250
9 0.727344 0.342969 0.001563 0.051562
12 0.665625 0.367188 0.015625 0.028125
9 0.635156 0.342969 0.001563 0.051562
12 0.553906 0.364844 0.017188 0.048438
9 0.488281 0.342969 0.001563 0.051562
12 0.414062 0.367188 0.015625 0.028125
8 0.432812 0.356250 0.006250 0.006250
9 0.385156 0.342969 0.001563 0.051562
12 0.310937 0.367188 0.015625 0.028125
8 0.329688 0.356250 0.006250 0.006250
9 0.288281 0.342187 0.001563 0.053125
9 0.252344 0.342187 0.001563 0.053125
9 0.216406 0.342187 0.001563 0.053125
9 0.182031 0.342187 0.001563 0.053125
9 0.103906 0.342969 0.001563 0.051562
12 0.029687 0.367188 0.015625 0.028125
8 0.050000 0.356250 0.006250 0.006250
9 0.000781 0.342969 0.001563 0.051562
0 0.821875 0.373437 0.021875 0.018750
0 0.718750 0.373437 0.021875 0.018750
0 0.626563 0.373437 0.021875 0.018750
0 0.478125 0.373437 0.021875 0.018750
0 0.375000 0.373437 0.021875 0.018750
0 0.278125 0.373437 0.021875 0.018750
0 0.243750 0.373437 0.021875 0.018750
0 0.207813 0.373437 0.021875 0.018750
0 0.171875 0.373437 0.021875 0.018750
0 0.095312 0.373437 0.021875 0.018750
