10 0.773438 0.325781 0.046875 0.020313
9 0.660937 0.364844 0.003125 0.067187
9 0.153125 0.364844 0.003125 0.067187
9 0.885156 0.342969 0.001563 0.051562
9 0.796094 0.342187 0.001563 0.053125
9 0.750781 0.342187 0.001563 0.053125
12 0.604688 0.367188 0.015625 0.028125
12 0.542188 0.367188 0.015625 0.028125
9 0.510156 0.342969 0.001563 0.051562
9 0.375781 0.342969 0.001563 0.051562
9 0.288281 0.342969 0.001563 0.051562
9 0.199219 0.342969 0.001563 0.051562
12 0.096875 0.367188 0.015625 0.028125
12 0.032813 0.367188 0.015625 0.028125
9 0.000781 0.342969 0.001563 0.051562
0 0.875000 0.373437 0.021875 0.018750
0 0.785937 0.373437 0.021875 0.018750
0 0.742188 0.373437 0.021875 0.018750
0 0.500000 0.373437 0.021875 0.018750
0 0.367188 0.373437 0.021875 0.018750
0 0.278125 0.373437 0.021875 0.018750
0 0.189062 0.373437 0.021875 0.018750
