10 0.842187 0.319531 0.184375 0.032813
10 0.353906 0.319531 0.139063 0.032813
9 0.657813 0.364844 0.003125 0.067187
9 0.146875 0.364844 0.003125 0.067187
12 0.969531 0.366406 0.023438 0.060937
9 0.932031 0.335938 0.001563 0.065625
9 0.886719 0.335938 0.001563 0.065625
9 0.841406 0.335938 0.001563 0.065625
9 0.796094 0.335938 0.001563 0.065625
9 0.750781 0.335938 0.001563 0.065625
12 0.696094 0.366406 0.023438 0.060937
15 0.636719 0.337500 0.017188 0.062500
9 0.628906 0.339062 0.001563 0.059375
8 0.570312 0.356250 0.006250 0.006250
15 0.521094 0.337500 0.017188 0.062500
9 0.513281 0.339062 0.001563 0.059375
12 0.458594 0.366406 0.023438 0.060937
9 0.421094 0.335938 0.001563 0.065625
9 0.375781 0.335938 0.001563 0.065625
9 0.330469 0.335938 0.001563 0.065625
9 0.285156 0.335938 0.001563 0.065625
12 0.230469 0.366406 0.023438 0.060937
15 0.200781 0.337500 0.017188 0.062500
9 0.192969 0.339062 0.001563 0.059375
15 0.125781 0.337500 0.017188 0.062500
9 0.117969 0.339062 0.001563 0.059375
8 0.059375 0.356250 0.006250 0.006250
15 0.010156 0.337500 0.017188 0.062500
9 0.002344 0.339062 0.001563 0.059375
0 0.923438 0.373437 0.021875 0.018750
0 0.878125 0.373437 0.021875 0.018750
0 0.832812 0.373437 0.021875 0.018750
0 0.785937 0.373437 0.021875 0.018750
0 0.740625 0.373437 0.021875 0.018750
0 0.618750 0.373437 0.021875 0.018750
0 0.503125 0.373437 0.021875 0.018750
0 0.412500 0.373437 0.021875 0.018750
0 0.367188 0.373437 0.021875 0.018750
0 0.320312 0.373437 0.021875 0.018750
0 0.275000 0.373437 0.021875 0.018750
0 0.184375 0.373437 0.021875 0.018750
0 0.107813 0.373437 0.021875 0.018750
