10 0.239063 0.319531 0.046875 0.032813
9 0.670312 0.364844 0.003125 0.067187
9 0.170313 0.364844 0.003125 0.067187
12 0.986719 0.366406 0.023438 0.060937
15 0.957031 0.337500 0.017188 0.062500
9 0.949219 0.339062 0.001563 0.059375
12 0.896094 0.366406 0.023438 0.060937
15 0.867969 0.337500 0.017188 0.062500
9 0.860156 0.339062 0.001563 0.059375
12 0.807031 0.366406 0.023438 0.060937
15 0.778906 0.337500 0.017188 0.062500
9 0.771094 0.339062 0.001563 0.059375
15 0.647656 0.337500 0.017188 0.062500
9 0.639844 0.339062 0.001563 0.059375
15 0.547656 0.337500 0.017188 0.062500
9 0.539844 0.339062 0.001563 0.059375
12 0.486719 0.366406 0.023438 0.060937
15 0.458594 0.337500 0.017188 0.062500
9 0.450781 0.339062 0.001563 0.059375
12 0.397656 0.366406 0.023438 0.060937
15 0.369531 0.337500 0.017188 0.062500
9 0.361719 0.339062 0.001563 0.059375
9 0.260156 0.335938 0.001563 0.065625
9 0.216406 0.335938 0.001563 0.065625
15 0.147656 0.337500 0.017188 0.062500
9 0.139844 0.339062 0.001563 0.059375
15 0.047656 0.337500 0.017188 0.062500
9 0.039844 0.339062 0.001563 0.059375
0 0.940625 0.373437 0.021875 0.018750
0 0.851562 0.373437 0.021875 0.018750
0 0.762500 0.373437 0.021875 0.018750
0 0.629687 0.373437 0.021875 0.018750
0 0.529687 0.373437 0.021875 0.018750
0 0.440625 0.373437 0.021875 0.018750
0 0.351562 0.373437 0.021875 0.018750
0 0.251563 0.373437 0.021875 0.018750
0 0.206250 0.373437 0.021875 0.018750
0 0.131250 0.373437 0.021875 0.018750
0 0.029687 0.373437 0.021875 0.018750
