10 0.554688 0.319531 0.050000 0.032813
10 0.240625 0.319531 0.050000 0.032813
10 0.056250 0.319531 0.050000 0.032813
9 0.670312 0.364844 0.003125 0.067187
9 0.170313 0.364844 0.003125 0.067187
15 0.928906 0.337500 0.017188 0.062500
9 0.921094 0.339062 0.001563 0.059375
12 0.864844 0.366406 0.023438 0.060937
12 0.816406 0.366406 0.023438 0.060937
15 0.783594 0.337500 0.017188 0.062500
9 0.775781 0.339062 0.001563 0.059375
9 0.578906 0.335938 0.001563 0.065625
9 0.530469 0.335938 0.001563 0.065625
15 0.430469 0.337500 0.017188 0.062500
9 0.422656 0.339062 0.001563 0.059375
12 0.364844 0.366406 0.023438 0.060937
9 0.264844 0.335938 0.001563 0.065625
9 0.216406 0.335938 0.001563 0.065625
9 0.080469 0.335938 0.001563 0.065625
9 0.032031 0.335938 0.001563 0.065625
0 0.912500 0.373437 0.021875 0.018750
0 0.767188 0.373437 0.021875 0.018750
0 0.570312 0.373437 0.021875 0.018750
0 0.521875 0.373437 0.021875 0.018750
0 0.412500 0.373437 0.021875 0.018750
0 0.254688 0.373437 0.021875 0.018750
0 0.206250 0.373437 0.021875 0.018750
0 0.070312 0.373437 0.021875 0.018750
0 0.021875 0.373437 0.021875 0.018750
