15 0.290625 0.401562 0.025000 0.034375
15 0.290625 0.369531 0.040625 0.032813
7 0.232813 0.386719 0.043750 0.114062
15 0.290625 0.079687 0.025000 0.034375
15 0.290625 0.046094 0.040625 0.032813
7 0.232813 0.063281 0.043750 0.114062
15 0.290625 0.240625 0.025000 0.034375
15 0.290625 0.207031 0.040625 0.032813
7 0.232813 0.225781 0.043750 0.114062
10 0.683594 0.017969 0.632812 0.032813
10 0.683594 0.173437 0.632812 0.043750
10 0.683594 0.328125 0.632812 0.056250
9 0.201563 0.209375 0.003125 0.418750
15 0.290625 0.240625 0.025000 0.034375
15 0.290625 0.207031 0.040625 0.032813
15 0.290625 0.079687 0.025000 0.034375
15 0.290625 0.046094 0.040625 0.032813
15 0.290625 0.401562 0.025000 0.034375
15 0.290625 0.369531 0.040625 0.032813
9 0.988281 0.344531 0.001563 0.089063
9 0.963281 0.344531 0.001563 0.089063
9 0.936719 0.344531 0.001563 0.089063
9 0.911719 0.344531 0.001563 0.089063
9 0.885156 0.344531 0.001563 0.089063
9 0.858594 0.344531 0.001563 0.089063
9 0.833594 0.344531 0.001563 0.089063
9 0.807031 0.344531 0.001563 0.089063
9 0.782031 0.344531 0.001563 0.089063
9 0.755469 0.344531 0.001563 0.089063
9 0.730469 0.344531 0.001563 0.089063
9 0.703906 0.344531 0.001563 0.089063
9 0.678906 0.344531 0.001563 0.089063
9 0.652344 0.344531 0.001563 0.089063
9 0.625781 0.344531 0.001563 0.089063
9 0.600781 0.344531 0.001563 0.089063
9 0.574219 0.344531 0.001563 0.089063
9 0.549219 0.344531 0.001563 0.089063
9 0.522656 0.344531 0.001563 0.089063
9 0.497656 0.344531 0.001563 0.089063
9 0.471094 0.344531 0.001563 0.089063
9 0.446094 0.344531 0.001563 0.089063
9 0.419531 0.344531 0.001563 0.089063
9 0.392969 0.344531 0.001563 0.089063
9 0.367969 0.344531 0.001563 0.089063
9 0.988281 0.190625 0.001563 0.078125
9 0.936719 0.190625 0.001563 0.078125
9 0.885156 0.190625 0.001563 0.078125
9 0.833594 0.190625 0.001563 0.078125
9 0.782031 0.190625 0.001563 0.078125
9 0.730469 0.190625 0.001563 0.078125
9 0.678906 0.190625 0.001563 0.078125
9 0.625781 0.190625 0.001563 0.078125
9 0.574219 0.190625 0.001563 0.078125
9 0.522656 0.190625 0.001563 0.078125
9 0.471094 0.190625 0.001563 0.078125
9 0.419531 0.190625 0.001563 0.078125
9 0.367969 0.190625 0.001563 0.078125
9 0.988281 0.034375 0.001563 0.065625
9 0.885156 0.034375 0.001563 0.065625
9 0.782031 0.034375 0.001563 0.065625
9 0.678906 0.034375 0.001563 0.065625
9 0.574219 0.034375 0.001563 0.065625
9 0.471094 0.034375 0.001563 0.065625
9 0.367969 0.034375 0.001563 0.065625
0 0.979688 0.393750 0.021875 0.018750
0 0.953125 0.393750 0.021875 0.018750
0 0.928125 0.393750 0.021875 0.018750
0 0.901563 0.393750 0.021875 0.018750
0 0.876563 0.393750 0.021875 0.018750
0 0.850000 0.393750 0.021875 0.018750
0 0.823438 0.393750 0.021875 0.018750
0 0.798438 0.393750 0.021875 0.018750
0 0.771875 0.393750 0.021875 0.018750
0 0.746875 0.393750 0.021875 0.018750
0 0.720313 0.393750 0.021875 0.018750
0 0.695312 0.393750 0.021875 0.018750
0 0.668750 0.393750 0.021875 0.018750
0 0.643750 0.393750 0.021875 0.018750
0 0.617188 0.393750 0.021875 0.018750
0 0.590625 0.393750 0.021875 0.018750
0 0.565625 0.393750 0.021875 0.018750
0 0.539062 0.393750 0.021875 0.018750
0 0.514062 0.393750 0.021875 0.018750
0 0.487500 0.393750 0.021875 0.018750
0 0.462500 0.393750 0.021875 0.018750
0 0.435937 0.393750 0.021875 0.018750
0 0.410938 0.393750 0.021875 0.018750
0 0.384375 0.393750 0.021875 0.018750
0 0.357812 0.393750 0.021875 0.018750
0 0.979688 0.232813 0.021875 0.018750
0 0.928125 0.232813 0.021875 0.018750
0 0.876563 0.232813 0.021875 0.018750
0 0.823438 0.232813 0.021875 0.018750
0 0.771875 0.232813 0.021875 0.018750
0 0.720313 0.232813 0.021875 0.018750
0 0.668750 0.232813 0.021875 0.018750
0 0.617188 0.232813 0.021875 0.018750
0 0.565625 0.232813 0.021875 0.018750
0 0.514062 0.232813 0.021875 0.018750
0 0.462500 0.232813 0.021875 0.018750
0 0.410938 0.232813 0.021875 0.018750
0 0.357812 0.232813 0.021875 0.018750
0 0.979688 0.070312 0.021875 0.018750
0 0.876563 0.070312 0.021875 0.018750
0 0.771875 0.070312 0.021875 0.018750
0 0.668750 0.070312 0.021875 0.018750
0 0.565625 0.070312 0.021875 0.018750
0 0.462500 0.070312 0.021875 0.018750
0 0.357812 0.070312 0.021875 0.018750
