10 0.775000 0.319531 0.118750 0.032813
10 0.610156 0.319531 0.079687 0.032813
10 0.294531 0.319531 0.079687 0.032813
10 0.111719 0.319531 0.079687 0.032813
9 0.670312 0.364844 0.003125 0.067187
9 0.170313 0.364844 0.003125 0.067187
15 0.995313 0.337500 0.009375 0.062500
9 0.991406 0.339062 0.001563 0.059375
12 0.942969 0.366406 0.023438 0.060937
15 0.919531 0.337500 0.017188 0.062500
9 0.911719 0.339062 0.001563 0.059375
12 0.864844 0.366406 0.023438 0.060937
9 0.833594 0.335938 0.001563 0.065625
9 0.794531 0.335938 0.001563 0.065625
9 0.755469 0.335938 0.001563 0.065625
9 0.716406 0.335938 0.001563 0.065625
9 0.649219 0.335938 0.001563 0.065625
9 0.610156 0.335938 0.001563 0.065625
9 0.571094 0.335938 0.001563 0.065625
12 0.524219 0.366406 0.023438 0.060937
15 0.499219 0.337500 0.017188 0.062500
9 0.491406 0.339062 0.001563 0.059375
12 0.444531 0.366406 0.023438 0.060937
15 0.419531 0.337500 0.017188 0.062500
9 0.411719 0.339062 0.001563 0.059375
12 0.364844 0.366406 0.023438 0.060937
9 0.333594 0.335938 0.001563 0.065625
9 0.294531 0.335938 0.001563 0.065625
9 0.255469 0.335938 0.001563 0.065625
12 0.208594 0.366406 0.023438 0.060937
9 0.150781 0.335938 0.001563 0.065625
9 0.111719 0.335938 0.001563 0.065625
9 0.072656 0.335938 0.001563 0.065625
12 0.024219 0.366406 0.023438 0.060937
15 0.004687 0.337500 0.009375 0.062500
0 0.981250 0.373437 0.021875 0.018750
0 0.903125 0.373437 0.021875 0.018750
0 0.825000 0.373437 0.021875 0.018750
0 0.785937 0.373437 0.021875 0.018750
0 0.746875 0.373437 0.021875 0.018750
0 0.706250 0.373437 0.021875 0.018750
0 0.640625 0.373437 0.021875 0.018750
0 0.601562 0.373437 0.021875 0.018750
0 0.562500 0.373437 0.021875 0.018750
0 0.482812 0.373437 0.021875 0.018750
0 0.403125 0.373437 0.021875 0.018750
0 0.325000 0.373437 0.021875 0.018750
0 0.285938 0.373437 0.021875 0.018750
0 0.246875 0.373437 0.021875 0.018750
0 0.140625 0.373437 0.021875 0.018750
0 0.101562 0.373437 0.021875 0.018750
0 0.062500 0.373437 0.021875 0.018750
