10 0.637500 0.319531 0.056250 0.032813
10 0.476562 0.319531 0.056250 0.032813
10 0.123438 0.319531 0.056250 0.032813
14 0.860938 0.364844 0.003125 0.067187
14 0.348438 0.364844 0.003125 0.067187
11 0.771875 0.367188 0.015625 0.028125
9 0.663281 0.335938 0.001563 0.065625
9 0.610156 0.335938 0.001563 0.065625
11 0.547656 0.366406 0.023438 0.060937
9 0.502344 0.335938 0.001563 0.065625
9 0.449219 0.335938 0.001563 0.065625
11 0.386719 0.366406 0.023438 0.060937
11 0.259375 0.367188 0.015625 0.028125
9 0.150781 0.335938 0.001563 0.065625
9 0.096094 0.335938 0.001563 0.065625
11 0.035156 0.366406 0.023438 0.060937
14 0.003125 0.337500 0.006250 0.062500
0 0.654687 0.373437 0.021875 0.018750
0 0.600000 0.373437 0.021875 0.018750
0 0.493750 0.373437 0.021875 0.018750
0 0.439063 0.373437 0.021875 0.018750
0 0.140625 0.373437 0.021875 0.018750
0 0.087500 0.373437 0.021875 0.018750
