10 0.280469 0.325781 0.092188 0.020313
14 0.707812 0.364844 0.003125 0.067187
14 0.189062 0.364844 0.003125 0.067187
9 0.939844 0.342969 0.001563 0.051562
11 0.864062 0.367188 0.015625 0.028125
9 0.832031 0.342969 0.001563 0.051562
11 0.740625 0.367188 0.015625 0.028125
8 0.760938 0.356250 0.006250 0.006250
9 0.677344 0.342969 0.001563 0.051562
11 0.556250 0.367188 0.015625 0.028125
9 0.478906 0.342969 0.001563 0.051562
11 0.403125 0.367188 0.015625 0.028125
9 0.324219 0.342187 0.001563 0.053125
9 0.280469 0.342187 0.001563 0.053125
9 0.235156 0.342187 0.001563 0.053125
9 0.158594 0.342969 0.001563 0.051562
11 0.037500 0.367188 0.015625 0.028125
0 0.931250 0.373437 0.021875 0.018750
0 0.821875 0.373437 0.021875 0.018750
0 0.667188 0.373437 0.021875 0.018750
0 0.468750 0.373437 0.021875 0.018750
0 0.315625 0.373437 0.021875 0.018750
0 0.270313 0.373437 0.021875 0.018750
0 0.226562 0.373437 0.021875 0.018750
0 0.148438 0.373437 0.021875 0.018750
