10 0.647656 0.325781 0.035937 0.020313
10 0.260156 0.325781 0.035937 0.020313
9 0.860938 0.364844 0.003125 0.067187
9 0.473438 0.364844 0.003125 0.067187
9 0.137500 0.364844 0.003125 0.067187
9 0.803906 0.342969 0.001563 0.051562
12 0.722656 0.364844 0.017188 0.048438
9 0.666406 0.342187 0.001563 0.053125
9 0.630469 0.342187 0.001563 0.053125
9 0.519531 0.342969 0.001563 0.051562
9 0.416406 0.342969 0.001563 0.051562
12 0.335156 0.364844 0.017188 0.048438
9 0.278906 0.342187 0.001563 0.053125
9 0.242969 0.342187 0.001563 0.053125
12 0.171875 0.367188 0.015625 0.028125
8 0.190625 0.356250 0.006250 0.006250
9 0.080469 0.342969 0.001563 0.051562
12 0.003906 0.364844 0.007812 0.048438
0 0.795312 0.373437 0.021875 0.018750
0 0.656250 0.373437 0.021875 0.018750
0 0.621875 0.373437 0.021875 0.018750
0 0.510938 0.373437 0.021875 0.018750
0 0.407813 0.373437 0.021875 0.018750
0 0.268750 0.373437 0.021875 0.018750
0 0.234375 0.373437 0.021875 0.018750
0 0.070312 0.373437 0.021875 0.018750
