10 0.802344 0.319531 0.054688 0.032813
10 0.487500 0.319531 0.159375 0.032813
10 0.302344 0.319531 0.054688 0.032813
10 0.032813 0.319531 0.065625 0.032813
9 0.860938 0.364844 0.003125 0.067187
9 0.362500 0.364844 0.003125 0.067187
9 0.827344 0.335938 0.001563 0.065625
9 0.775781 0.335938 0.001563 0.065625
12 0.604688 0.367188 0.015625 0.028125
9 0.564844 0.335938 0.001563 0.065625
9 0.513281 0.335938 0.001563 0.065625
9 0.460156 0.335938 0.001563 0.065625
9 0.408594 0.335938 0.001563 0.065625
9 0.328906 0.335938 0.001563 0.065625
9 0.275781 0.335938 0.001563 0.065625
12 0.104688 0.367188 0.015625 0.028125
9 0.064844 0.335938 0.001563 0.065625
9 0.013281 0.335938 0.001563 0.065625
0 0.818750 0.373437 0.021875 0.018750
0 0.765625 0.373437 0.021875 0.018750
0 0.556250 0.373437 0.021875 0.018750
0 0.503125 0.373437 0.021875 0.018750
0 0.451562 0.373437 0.021875 0.018750
0 0.398438 0.373437 0.021875 0.018750
0 0.318750 0.373437 0.021875 0.018750
0 0.267188 0.373437 0.021875 0.018750
0 0.056250 0.373437 0.021875 0.018750
0 0.007031 0.373437 0.014063 0.018750
