10 0.583594 0.325781 0.045312 0.020313
10 0.119531 0.325781 0.045312 0.020313
14 0.860938 0.364844 0.003125 0.067187
14 0.398438 0.364844 0.003125 0.067187
9 0.794531 0.342969 0.001563 0.051562
9 0.708594 0.342969 0.001563 0.051562
11 0.635938 0.367188 0.015625 0.028125
9 0.605469 0.342187 0.001563 0.053125
9 0.561719 0.342187 0.001563 0.053125
9 0.519531 0.342969 0.001563 0.051562
11 0.431250 0.367188 0.015625 0.028125
8 0.451562 0.356250 0.006250 0.006250
9 0.330469 0.342969 0.001563 0.051562
9 0.244531 0.342969 0.001563 0.051562
11 0.171875 0.367188 0.015625 0.028125
9 0.141406 0.342187 0.001563 0.053125
9 0.097656 0.342187 0.001563 0.053125
9 0.011719 0.342187 0.001563 0.053125
0 0.784375 0.373437 0.021875 0.018750
0 0.698438 0.373437 0.021875 0.018750
0 0.595313 0.373437 0.021875 0.018750
0 0.553125 0.373437 0.021875 0.018750
0 0.509375 0.373437 0.021875 0.018750
0 0.321875 0.373437 0.021875 0.018750
0 0.235937 0.373437 0.021875 0.018750
0 0.132812 0.373437 0.021875 0.018750
0 0.089063 0.373437 0.021875 0.018750
0 0.007031 0.373437 0.014063 0.018750
