10 0.463281 0.319531 0.360938 0.032813
9 0.803125 0.364844 0.003125 0.067187
9 0.237500 0.364844 0.003125 0.067187
12 0.993750 0.366406 0.012500 0.060937
12 0.917188 0.367188 0.015625 0.028125
12 0.837500 0.367188 0.015625 0.028125
12 0.767969 0.366406 0.023438 0.060937
15 0.739844 0.337500 0.017188 0.062500
9 0.732031 0.339062 0.001563 0.059375
12 0.678906 0.366406 0.023438 0.060937
9 0.642969 0.335938 0.001563 0.065625
9 0.597656 0.335938 0.001563 0.065625
9 0.552344 0.335938 0.001563 0.065625
9 0.507031 0.335938 0.001563 0.065625
9 0.463281 0.335938 0.001563 0.065625
9 0.417969 0.335938 0.001563 0.065625
9 0.372656 0.335938 0.001563 0.065625
9 0.327344 0.335938 0.001563 0.065625
9 0.283594 0.335938 0.001563 0.065625
12 0.202344 0.366406 0.023438 0.060937
15 0.174219 0.337500 0.017188 0.062500
9 0.166406 0.339062 0.001563 0.059375
12 0.111719 0.366406 0.023438 0.060937
9 0.075781 0.335938 0.001563 0.065625
9 0.030469 0.335938 0.001563 0.065625
0 0.723437 0.373437 0.021875 0.018750
0 0.632812 0.373437 0.021875 0.018750
0 0.587500 0.373437 0.021875 0.018750
0 0.543750 0.373437 0.021875 0.018750
0 0.498437 0.373437 0.021875 0.018750
0 0.453125 0.373437 0.021875 0.018750
0 0.407813 0.373437 0.021875 0.018750
0 0.364063 0.373437 0.021875 0.018750
0 0.318750 0.373437 0.021875 0.018750
0 0.273438 0.373437 0.021875 0.018750
0 0.156250 0.373437 0.021875 0.018750
0 0.067187 0.373437 0.021875 0.018750
0 0.021875 0.373437 0.021875 0.018750
