10 0.987500 0.325781 0.025000 0.020313
10 0.782031 0.325781 0.132812 0.020313
10 0.499219 0.325781 0.045312 0.020313
10 0.303906 0.325781 0.089063 0.020313
10 0.010937 0.325781 0.021875 0.020313
9 0.670312 0.364844 0.003125 0.067187
9 0.170313 0.364844 0.003125 0.067187
9 0.975781 0.342187 0.001563 0.053125
9 0.889844 0.342969 0.001563 0.051562
9 0.846094 0.342187 0.001563 0.053125
9 0.802344 0.342187 0.001563 0.053125
9 0.758594 0.342187 0.001563 0.053125
9 0.716406 0.342187 0.001563 0.053125
9 0.638281 0.342969 0.001563 0.051562
12 0.551562 0.367188 0.015625 0.028125
8 0.570312 0.356250 0.006250 0.006250
9 0.519531 0.342187 0.001563 0.053125
9 0.477344 0.342187 0.001563 0.053125
9 0.389844 0.342969 0.001563 0.051562
9 0.346094 0.342187 0.001563 0.053125
9 0.302344 0.342187 0.001563 0.053125
9 0.260156 0.342187 0.001563 0.053125
9 0.138281 0.342969 0.001563 0.051562
12 0.051562 0.367188 0.015625 0.028125
8 0.070312 0.356250 0.006250 0.006250
9 0.019531 0.342187 0.001563 0.053125
0 0.967187 0.373437 0.021875 0.018750
0 0.879687 0.373437 0.021875 0.018750
0 0.837500 0.373437 0.021875 0.018750
0 0.793750 0.373437 0.021875 0.018750
0 0.750000 0.373437 0.021875 0.018750
0 0.706250 0.373437 0.021875 0.018750
0 0.629687 0.373437 0.021875 0.018750
0 0.510938 0.373437 0.021875 0.018750
0 0.467187 0.373437 0.021875 0.018750
0 0.381250 0.373437 0.021875 0.018750
0 0.337500 0.373437 0.021875 0.018750
0 0.293750 0.373437 0.021875 0.018750
0 0.250000 0.373437 0.021875 0.018750
0 0.129688 0.373437 0.021875 0.018750
0 0.010937 0.373437 0.021875 0.018750
