10 0.462500 0.325781 0.043750 0.020313
9 0.860938 0.364844 0.003125 0.067187
9 0.354687 0.364844 0.003125 0.067187
9 0.830469 0.342969 0.001563 0.051562
12 0.718750 0.367188 0.015625 0.028125
9 0.689844 0.342969 0.001563 0.051562
9 0.564844 0.342969 0.001563 0.051562
9 0.483594 0.342187 0.001563 0.053125
9 0.441406 0.342187 0.001563 0.053125
9 0.322656 0.342969 0.001563 0.051562
12 0.210938 0.367188 0.015625 0.028125
9 0.182031 0.342969 0.001563 0.051562
9 0.058594 0.342969 0.001563 0.051562
0 0.821875 0.373437 0.021875 0.018750
0 0.679688 0.373437 0.021875 0.018750
0 0.556250 0.373437 0.021875 0.018750
0 0.473438 0.373437 0.021875 0.018750
0 0.432812 0.373437 0.021875 0.018750
0 0.314063 0.373437 0.021875 0.018750
0 0.173437 0.373437 0.021875 0.018750
0 0.048438 0.373437 0.021875 0.018750
