10 0.810156 0.319531 0.048438 0.032813
10 0.355469 0.319531 0.048438 0.032813
9 0.860938 0.364844 0.003125 0.067187
9 0.407813 0.364844 0.003125 0.067187
9 0.833594 0.335938 0.001563 0.065625
9 0.786719 0.335938 0.001563 0.065625
12 0.671094 0.366406 0.023438 0.060937
15 0.639844 0.337500 0.017188 0.062500
9 0.632031 0.339062 0.001563 0.059375
15 0.533594 0.337500 0.017188 0.062500
9 0.525781 0.339062 0.001563 0.059375
8 0.465625 0.356250 0.006250 0.006250
9 0.378906 0.335938 0.001563 0.065625
9 0.332031 0.335938 0.001563 0.065625
12 0.217969 0.366406 0.023438 0.060937
15 0.186719 0.337500 0.017188 0.062500
9 0.178906 0.339062 0.001563 0.059375
12 0.064844 0.366406 0.023438 0.060937
9 0.025781 0.335938 0.001563 0.065625
0 0.823438 0.373437 0.021875 0.018750
0 0.776563 0.373437 0.021875 0.018750
0 0.623437 0.373437 0.021875 0.018750
0 0.517188 0.373437 0.021875 0.018750
0 0.370312 0.373437 0.021875 0.018750
0 0.323437 0.373437 0.021875 0.018750
0 0.170313 0.373437 0.021875 0.018750
0 0.017188 0.373437 0.021875 0.018750
