7 0.262500 0.366406 0.043750 0.114062
9 0.740625 0.364844 0.003125 0.067187
12 0.957031 0.366406 0.023438 0.060937
12 0.833594 0.366406 0.023438 0.060937
15 0.794531 0.337500 0.017188 0.062500
9 0.786719 0.339062 0.001563 0.059375
15 0.711719 0.337500 0.017188 0.062500
9 0.703906 0.339062 0.001563 0.059375
8 0.631250 0.356250 0.006250 0.006250
15 0.502344 0.337500 0.017188 0.062500
9 0.494531 0.339062 0.001563 0.059375
12 0.430469 0.366406 0.023438 0.060937
12 0.329688 0.367188 0.015625 0.028125
0 0.776563 0.373437 0.021875 0.018750
0 0.693750 0.373437 0.021875 0.018750
0 0.485938 0.373437 0.021875 0.018750
