10 0.688281 0.325781 0.123438 0.020313
10 0.567969 0.325781 0.042188 0.020313
10 0.428906 0.325781 0.042188 0.020313
10 0.189844 0.325781 0.123438 0.020313
10 0.067969 0.325781 0.042188 0.020313
9 0.860938 0.364844 0.003125 0.067187
9 0.362500 0.364844 0.003125 0.067187
9 0.830469 0.342969 0.001563 0.051562
9 0.749219 0.342187 0.001563 0.053125
9 0.708594 0.342187 0.001563 0.053125
9 0.667969 0.342187 0.001563 0.053125
9 0.627344 0.342187 0.001563 0.053125
9 0.588281 0.342187 0.001563 0.053125
9 0.547656 0.342187 0.001563 0.053125
12 0.478125 0.367188 0.015625 0.028125
9 0.449219 0.342187 0.001563 0.053125
9 0.408594 0.342187 0.001563 0.053125
9 0.332031 0.342969 0.001563 0.051562
9 0.250781 0.342187 0.001563 0.053125
9 0.210156 0.342187 0.001563 0.053125
9 0.169531 0.342187 0.001563 0.053125
9 0.128906 0.342187 0.001563 0.053125
9 0.088281 0.342187 0.001563 0.053125
9 0.047656 0.342187 0.001563 0.053125
0 0.821875 0.373437 0.021875 0.018750
0 0.740625 0.373437 0.021875 0.018750
0 0.700000 0.373437 0.021875 0.018750
0 0.659375 0.373437 0.021875 0.018750
0 0.618750 0.373437 0.021875 0.018750
0 0.578125 0.373437 0.021875 0.018750
0 0.537500 0.373437 0.021875 0.018750
0 0.440625 0.373437 0.021875 0.018750
0 0.400000 0.373437 0.021875 0.018750
0 0.321875 0.373437 0.021875 0.018750
0 0.240625 0.373437 0.021875 0.018750
0 0.201563 0.373437 0.021875 0.018750
0 0.160938 0.373437 0.021875 0.018750
0 0.120313 0.373437 0.021875 0.018750
0 0.079687 0.373437 0.021875 0.018750
0 0.039062 0.373437 0.021875 0.018750
