10 0.585938 0.325781 0.043750 0.020313
10 0.462500 0.325781 0.043750 0.020313
10 0.079687 0.325781 0.043750 0.020313
9 0.860938 0.364844 0.003125 0.067187
9 0.354687 0.364844 0.003125 0.067187
9 0.830469 0.342969 0.001563 0.051562
9 0.747656 0.342969 0.001563 0.051562
12 0.635938 0.367188 0.015625 0.028125
9 0.607031 0.342187 0.001563 0.053125
9 0.564844 0.342187 0.001563 0.053125
9 0.483594 0.342187 0.001563 0.053125
9 0.441406 0.342187 0.001563 0.053125
9 0.322656 0.342969 0.001563 0.051562
9 0.239844 0.342969 0.001563 0.051562
12 0.128125 0.367188 0.015625 0.028125
9 0.099219 0.342187 0.001563 0.053125
9 0.058594 0.342187 0.001563 0.053125
0 0.821875 0.373437 0.021875 0.018750
0 0.737500 0.373437 0.021875 0.018750
0 0.596875 0.373437 0.021875 0.018750
0 0.556250 0.373437 0.021875 0.018750
0 0.473438 0.373437 0.021875 0.018750
0 0.432812 0.373437 0.021875 0.018750
0 0.314063 0.373437 0.021875 0.018750
0 0.231250 0.373437 0.021875 0.018750
0 0.090625 0.373437 0.021875 0.018750
0 0.048438 0.373437 0.021875 0.018750
