10 0.985938 0.325781 0.028125 0.020313
10 0.592187 0.325781 0.037500 0.020313
10 0.223438 0.325781 0.037500 0.020313
10 0.104688 0.325781 0.037500 0.020313
9 0.771875 0.364844 0.003125 0.067187
9 0.403125 0.364844 0.003125 0.067187
9 0.040625 0.364844 0.003125 0.067187
9 0.972656 0.342187 0.001563 0.053125
9 0.894531 0.342969 0.001563 0.051562
9 0.817969 0.342969 0.001563 0.051562
9 0.714844 0.342969 0.001563 0.051562
12 0.633594 0.364844 0.017188 0.048438
9 0.610156 0.342187 0.001563 0.053125
9 0.574219 0.342187 0.001563 0.053125
9 0.497656 0.342969 0.001563 0.051562
12 0.435937 0.367188 0.015625 0.028125
9 0.344531 0.342969 0.001563 0.051562
12 0.263281 0.364844 0.017188 0.048438
9 0.239844 0.342187 0.001563 0.053125
9 0.205469 0.342187 0.001563 0.053125
12 0.143750 0.367188 0.015625 0.028125
9 0.121094 0.342187 0.001563 0.053125
9 0.086719 0.342187 0.001563 0.053125
0 0.992969 0.373437 0.014063 0.018750
0 0.962500 0.373437 0.021875 0.018750
0 0.885938 0.373437 0.021875 0.018750
0 0.809375 0.373437 0.021875 0.018750
0 0.704688 0.373437 0.021875 0.018750
0 0.600000 0.373437 0.021875 0.018750
0 0.565625 0.373437 0.021875 0.018750
0 0.489063 0.373437 0.021875 0.018750
0 0.335938 0.373437 0.021875 0.018750
0 0.231250 0.373437 0.021875 0.018750
0 0.195312 0.373437 0.021875 0.018750
0 0.110937 0.373437 0.021875 0.018750
0 0.076563 0.373437 0.021875 0.018750
