10 0.837500 0.319531 0.056250 0.032813
10 0.567187 0.319531 0.056250 0.032813
10 0.256250 0.319531 0.056250 0.032813
10 0.054688 0.319531 0.056250 0.032813
14 0.696875 0.364844 0.003125 0.067187
14 0.182812 0.364844 0.003125 0.067187
11 0.904687 0.367188 0.015625 0.028125
9 0.863281 0.335938 0.001563 0.065625
9 0.810156 0.335938 0.001563 0.065625
9 0.594531 0.335938 0.001563 0.065625
9 0.539844 0.335938 0.001563 0.065625
11 0.432812 0.367188 0.015625 0.028125
14 0.399219 0.337500 0.017188 0.062500
9 0.391406 0.339062 0.001563 0.059375
11 0.328906 0.366406 0.023438 0.060937
9 0.283594 0.335938 0.001563 0.065625
9 0.228906 0.335938 0.001563 0.065625
9 0.080469 0.335938 0.001563 0.065625
9 0.027344 0.335938 0.001563 0.065625
0 0.996094 0.373437 0.007812 0.018750
0 0.854688 0.373437 0.021875 0.018750
0 0.801562 0.373437 0.021875 0.018750
0 0.584375 0.373437 0.021875 0.018750
0 0.531250 0.373437 0.021875 0.018750
0 0.381250 0.373437 0.021875 0.018750
0 0.273438 0.373437 0.021875 0.018750
0 0.220312 0.373437 0.021875 0.018750
0 0.071875 0.373437 0.021875 0.018750
0 0.017188 0.373437 0.021875 0.018750
