10 0.742969 0.319531 0.054688 0.032813
10 0.557813 0.319531 0.159375 0.032813
10 0.068750 0.319531 0.137500 0.032813
14 0.670312 0.364844 0.003125 0.067187
14 0.170313 0.364844 0.003125 0.067187
9 0.978906 0.335938 0.001563 0.065625
11 0.873437 0.367188 0.015625 0.028125
9 0.767969 0.335938 0.001563 0.065625
9 0.716406 0.335938 0.001563 0.065625
9 0.636719 0.335938 0.001563 0.065625
9 0.583594 0.335938 0.001563 0.065625
9 0.532031 0.335938 0.001563 0.065625
9 0.478906 0.335938 0.001563 0.065625
11 0.373437 0.367188 0.015625 0.028125
14 0.275781 0.337500 0.017188 0.062500
9 0.267969 0.339062 0.001563 0.059375
11 0.207031 0.366406 0.023438 0.060937
9 0.136719 0.335938 0.001563 0.065625
9 0.083594 0.335938 0.001563 0.065625
9 0.032031 0.335938 0.001563 0.065625
0 0.968750 0.373437 0.021875 0.018750
0 0.759375 0.373437 0.021875 0.018750
0 0.706250 0.373437 0.021875 0.018750
0 0.626563 0.373437 0.021875 0.018750
0 0.575000 0.373437 0.021875 0.018750
0 0.521875 0.373437 0.021875 0.018750
0 0.470313 0.373437 0.021875 0.018750
0 0.259375 0.373437 0.021875 0.018750
0 0.126562 0.373437 0.021875 0.018750
0 0.075000 0.373437 0.021875 0.018750
0 0.021875 0.373437 0.021875 0.018750
