7 0.262500 0.366406 0.043750 0.114062
9 0.671875 0.364844 0.003125 0.067187
12 0.985156 0.364844 0.017188 0.048438
9 0.955469 0.342969 0.001563 0.051562
9 0.878906 0.342969 0.001563 0.051562
12 0.781250 0.367188 0.015625 0.028125
9 0.752344 0.342969 0.001563 0.051562
12 0.608594 0.364844 0.017188 0.048438
9 0.578906 0.342969 0.001563 0.051562
9 0.502344 0.342969 0.001563 0.051562
12 0.406250 0.367188 0.015625 0.028125
9 0.341406 0.342969 0.001563 0.051562
0 0.945312 0.373437 0.021875 0.018750
0 0.868750 0.373437 0.021875 0.018750
0 0.743750 0.373437 0.021875 0.018750
0 0.570312 0.373437 0.021875 0.018750
0 0.493750 0.373437 0.021875 0.018750
0 0.332813 0.373437 0.021875 0.018750
