7 0.262500 0.366406 0.043750 0.114062
9 0.639062 0.364844 0.003125 0.067187
12 0.953906 0.364844 0.017188 0.048438
9 0.891406 0.342969 0.001563 0.051562
9 0.816406 0.342969 0.001563 0.051562
9 0.774219 0.342969 0.001563 0.051562
12 0.714063 0.367188 0.015625 0.028125
9 0.685156 0.342969 0.001563 0.051562
12 0.578906 0.364844 0.017188 0.048438
9 0.516406 0.342969 0.001563 0.051562
9 0.441406 0.342969 0.001563 0.051562
9 0.399219 0.342969 0.001563 0.051562
12 0.329688 0.367188 0.015625 0.028125
8 0.348438 0.356250 0.006250 0.006250
0 0.881250 0.373437 0.021875 0.018750
0 0.806250 0.373437 0.021875 0.018750
0 0.764062 0.373437 0.021875 0.018750
0 0.676562 0.373437 0.021875 0.018750
0 0.506250 0.373437 0.021875 0.018750
0 0.431250 0.373437 0.021875 0.018750
0 0.390625 0.373437 0.021875 0.018750
