9 0.650000 0.364844 0.003125 0.067187
9 0.190625 0.364844 0.003125 0.067187
9 0.925781 0.342969 0.001563 0.051562
9 0.841406 0.342969 0.001563 0.051562
12 0.768750 0.367188 0.015625 0.028125
9 0.696094 0.342969 0.001563 0.051562
9 0.617969 0.342969 0.001563 0.051562
9 0.491406 0.342969 0.001563 0.051562
9 0.405469 0.342969 0.001563 0.051562
9 0.321094 0.342969 0.001563 0.051562
12 0.224219 0.364844 0.017188 0.048438
9 0.158594 0.342969 0.001563 0.051562
9 0.032031 0.342969 0.001563 0.051562
0 0.995313 0.373437 0.009375 0.018750
0 0.917188 0.373437 0.021875 0.018750
0 0.831250 0.373437 0.021875 0.018750
0 0.685937 0.373437 0.021875 0.018750
0 0.609375 0.373437 0.021875 0.018750
0 0.481250 0.373437 0.021875 0.018750
0 0.396875 0.373437 0.021875 0.018750
0 0.312500 0.373437 0.021875 0.018750
0 0.150000 0.373437 0.021875 0.018750
0 0.021875 0.373437 0.021875 0.018750
