7 0.262500 0.366406 0.043750 0.114062
10 0.962500 0.325781 0.075000 0.020313
10 0.599219 0.325781 0.042188 0.020313
10 0.521094 0.325781 0.042188 0.020313
10 0.381250 0.325781 0.081250 0.020313
14 0.810937 0.364844 0.003125 0.067187
9 0.966406 0.342187 0.001563 0.053125
9 0.925781 0.342187 0.001563 0.053125
11 0.845313 0.367188 0.015625 0.028125
8 0.864062 0.356250 0.006250 0.006250
9 0.780469 0.342969 0.001563 0.051562
9 0.699219 0.342969 0.001563 0.051562
9 0.619531 0.342187 0.001563 0.053125
9 0.578906 0.342187 0.001563 0.053125
9 0.539844 0.342187 0.001563 0.053125
9 0.500781 0.342187 0.001563 0.053125
9 0.421094 0.342187 0.001563 0.053125
9 0.380469 0.342187 0.001563 0.053125
9 0.341406 0.342187 0.001563 0.053125
0 0.992969 0.373437 0.014063 0.018750
0 0.956250 0.373437 0.021875 0.018750
0 0.917188 0.373437 0.021875 0.018750
0 0.770312 0.373437 0.021875 0.018750
0 0.689063 0.373437 0.021875 0.018750
0 0.609375 0.373437 0.021875 0.018750
0 0.570312 0.373437 0.021875 0.018750
0 0.531250 0.373437 0.021875 0.018750
0 0.490625 0.373437 0.021875 0.018750
0 0.410938 0.373437 0.021875 0.018750
0 0.371875 0.373437 0.021875 0.018750
0 0.332813 0.373437 0.021875 0.018750
