7 0.262500 0.366406 0.043750 0.114062
10 0.951562 0.319531 0.096875 0.032813
10 0.467969 0.319531 0.126562 0.032813
9 0.765625 0.364844 0.003125 0.067187
9 0.986719 0.335938 0.001563 0.065625
9 0.944531 0.335938 0.001563 0.065625
9 0.903906 0.335938 0.001563 0.065625
15 0.819531 0.337500 0.017188 0.062500
9 0.811719 0.339062 0.001563 0.059375
15 0.742969 0.337500 0.017188 0.062500
9 0.735156 0.339062 0.001563 0.059375
12 0.685156 0.366406 0.023438 0.060937
15 0.660156 0.337500 0.017188 0.062500
9 0.652344 0.339062 0.001563 0.059375
12 0.602344 0.366406 0.023438 0.060937
12 0.561719 0.366406 0.023438 0.060937
9 0.528906 0.335938 0.001563 0.065625
9 0.486719 0.335938 0.001563 0.065625
9 0.446094 0.335938 0.001563 0.065625
9 0.405469 0.335938 0.001563 0.065625
8 0.353125 0.356250 0.006250 0.006250
0 0.976562 0.373437 0.021875 0.018750
0 0.935937 0.373437 0.021875 0.018750
0 0.895312 0.373437 0.021875 0.018750
0 0.801562 0.373437 0.021875 0.018750
0 0.725000 0.373437 0.021875 0.018750
0 0.643750 0.373437 0.021875 0.018750
0 0.518750 0.373437 0.021875 0.018750
0 0.478125 0.373437 0.021875 0.018750
0 0.437500 0.373437 0.021875 0.018750
0 0.395313 0.373437 0.021875 0.018750
