10 0.959375 0.319531 0.081250 0.032813
10 0.769531 0.319531 0.045312 0.032813
10 0.451562 0.319531 0.087500 0.032813
14 0.659375 0.364844 0.003125 0.067187
14 0.148438 0.364844 0.003125 0.067187
9 0.963281 0.335938 0.001563 0.065625
9 0.919531 0.335938 0.001563 0.065625
11 0.867969 0.366406 0.023438 0.060937
11 0.825781 0.366406 0.023438 0.060937
9 0.791406 0.335938 0.001563 0.065625
9 0.747656 0.335938 0.001563 0.065625
11 0.696094 0.366406 0.023438 0.060937
11 0.625781 0.366406 0.023438 0.060937
14 0.599219 0.337500 0.017188 0.062500
9 0.591406 0.339062 0.001563 0.059375
9 0.494531 0.335938 0.001563 0.065625
9 0.452344 0.335938 0.001563 0.065625
9 0.408594 0.335938 0.001563 0.065625
11 0.358594 0.366406 0.023438 0.060937
11 0.314844 0.366406 0.023438 0.060937
14 0.288281 0.337500 0.017188 0.062500
9 0.280469 0.339062 0.001563 0.059375
11 0.228906 0.366406 0.023438 0.060937
14 0.202344 0.337500 0.017188 0.062500
9 0.194531 0.339062 0.001563 0.059375
11 0.116406 0.366406 0.023438 0.060937
14 0.089844 0.337500 0.017188 0.062500
9 0.082031 0.339062 0.001563 0.059375
0 0.992969 0.373437 0.014063 0.018750
0 0.953125 0.373437 0.021875 0.018750
0 0.910937 0.373437 0.021875 0.018750
0 0.781250 0.373437 0.021875 0.018750
0 0.739062 0.373437 0.021875 0.018750
0 0.582812 0.373437 0.021875 0.018750
0 0.485938 0.373437 0.021875 0.018750
0 0.442188 0.373437 0.021875 0.018750
0 0.400000 0.373437 0.021875 0.018750
0 0.271875 0.373437 0.021875 0.018750
0 0.185938 0.373437 0.021875 0.018750
0 0.071875 0.373437 0.021875 0.018750
