9 0.860938 0.364844 0.003125 0.067187
9 0.360938 0.364844 0.003125 0.067187
9 0.797656 0.342969 0.001563 0.051562
9 0.714844 0.342969 0.001563 0.051562
9 0.672656 0.342969 0.001563 0.051562
9 0.589844 0.342969 0.001563 0.051562
9 0.466406 0.342969 0.001563 0.051562
12 0.395313 0.367188 0.015625 0.028125
9 0.297656 0.342969 0.001563 0.051562
9 0.214844 0.342969 0.001563 0.051562
9 0.172656 0.342969 0.001563 0.051562
9 0.089844 0.342969 0.001563 0.051562
0 0.787500 0.373437 0.021875 0.018750
0 0.704688 0.373437 0.021875 0.018750
0 0.664062 0.373437 0.021875 0.018750
0 0.581250 0.373437 0.021875 0.018750
0 0.456250 0.373437 0.021875 0.018750
0 0.287500 0.373437 0.021875 0.018750
0 0.204687 0.373437 0.021875 0.018750
0 0.164062 0.373437 0.021875 0.018750
0 0.081250 0.373437 0.021875 0.018750
