10 0.421094 0.319531 0.051562 0.032813
9 0.860938 0.364844 0.003125 0.067187
9 0.350000 0.364844 0.003125 0.067187
15 0.838281 0.337500 0.017188 0.062500
9 0.830469 0.339062 0.001563 0.059375
8 0.767188 0.356250 0.006250 0.006250
15 0.650781 0.337500 0.017188 0.062500
9 0.642969 0.339062 0.001563 0.059375
12 0.585156 0.366406 0.023438 0.060937
15 0.552344 0.337500 0.017188 0.062500
9 0.544531 0.339062 0.001563 0.059375
12 0.486719 0.366406 0.023438 0.060937
9 0.444531 0.335938 0.001563 0.065625
9 0.396094 0.335938 0.001563 0.065625
15 0.325781 0.337500 0.017188 0.062500
9 0.317969 0.339062 0.001563 0.059375
8 0.254688 0.356250 0.006250 0.006250
15 0.139844 0.337500 0.017188 0.062500
9 0.132031 0.339062 0.001563 0.059375
12 0.072656 0.366406 0.023438 0.060937
15 0.039844 0.337500 0.017188 0.062500
9 0.032031 0.339062 0.001563 0.059375
0 0.821875 0.373437 0.021875 0.018750
0 0.634375 0.373437 0.021875 0.018750
0 0.534375 0.373437 0.021875 0.018750
0 0.435937 0.373437 0.021875 0.018750
0 0.385937 0.373437 0.021875 0.018750
0 0.309375 0.373437 0.021875 0.018750
0 0.121875 0.373437 0.021875 0.018750
0 0.023438 0.373437 0.021875 0.018750
