15 0.942187 0.364063 0.018750 0.025000
14 0.974219 0.370312 0.029687 0.012500
14 0.910937 0.370312 0.025000 0.012500
15 0.770312 0.364063 0.018750 0.025000
14 0.802344 0.370312 0.029687 0.012500
14 0.739062 0.370312 0.025000 0.012500
15 0.515625 0.364063 0.018750 0.025000
14 0.547656 0.370312 0.029687 0.012500
14 0.484375 0.370312 0.025000 0.012500
15 0.365625 0.364063 0.018750 0.025000
14 0.397656 0.370312 0.029687 0.012500
14 0.334375 0.370312 0.025000 0.012500
15 0.217188 0.364063 0.018750 0.025000
14 0.249219 0.370312 0.029687 0.012500
14 0.185938 0.370312 0.025000 0.012500
15 0.092188 0.364063 0.018750 0.025000
14 0.124219 0.370312 0.029687 0.012500
14 0.060937 0.370312 0.025000 0.012500
10 0.911719 0.325781 0.142187 0.020313
10 0.739844 0.325781 0.142187 0.020313
10 0.540625 0.325781 0.096875 0.020313
10 0.390625 0.325781 0.096875 0.020313
10 0.242188 0.325781 0.096875 0.020313
10 0.074219 0.325781 0.120313 0.020313
9 0.623437 0.364844 0.003125 0.067187
9 0.148438 0.364844 0.003125 0.067187
9 0.982031 0.342187 0.001563 0.053125
9 0.950781 0.342187 0.001563 0.053125
9 0.919531 0.342187 0.001563 0.053125
9 0.880469 0.342187 0.001563 0.053125
9 0.841406 0.342187 0.001563 0.053125
9 0.810156 0.342187 0.001563 0.053125
9 0.778906 0.342187 0.001563 0.053125
9 0.747656 0.342187 0.001563 0.053125
9 0.708594 0.342187 0.001563 0.053125
9 0.669531 0.342187 0.001563 0.053125
9 0.588281 0.342187 0.001563 0.053125
9 0.557031 0.342187 0.001563 0.053125
9 0.524219 0.342187 0.001563 0.053125
9 0.492969 0.342187 0.001563 0.053125
9 0.438281 0.342187 0.001563 0.053125
9 0.407031 0.342187 0.001563 0.053125
9 0.375781 0.342187 0.001563 0.053125
9 0.342969 0.342187 0.001563 0.053125
9 0.288281 0.342187 0.001563 0.053125
9 0.257031 0.342187 0.001563 0.053125
9 0.225781 0.342187 0.001563 0.053125
9 0.194531 0.342187 0.001563 0.053125
9 0.133594 0.342187 0.001563 0.053125
9 0.102344 0.342187 0.001563 0.053125
9 0.069531 0.342187 0.001563 0.053125
9 0.014844 0.342187 0.001563 0.053125
0 0.973437 0.373437 0.021875 0.018750
0 0.942187 0.373437 0.021875 0.018750
0 0.909375 0.373437 0.021875 0.018750
0 0.871875 0.373437 0.021875 0.018750
0 0.832812 0.373437 0.021875 0.018750
0 0.801562 0.373437 0.021875 0.018750
0 0.770312 0.373437 0.021875 0.018750
0 0.737500 0.373437 0.021875 0.018750
0 0.700000 0.373437 0.021875 0.018750
0 0.660937 0.373437 0.021875 0.018750
0 0.578125 0.373437 0.021875 0.018750
0 0.546875 0.373437 0.021875 0.018750
0 0.515625 0.373437 0.021875 0.018750
0 0.484375 0.373437 0.021875 0.018750
0 0.429688 0.373437 0.021875 0.018750
0 0.396875 0.373437 0.021875 0.018750
0 0.365625 0.373437 0.021875 0.018750
0 0.334375 0.373437 0.021875 0.018750
0 0.279687 0.373437 0.021875 0.018750
0 0.248438 0.373437 0.021875 0.018750
0 0.217188 0.373437 0.021875 0.018750
0 0.184375 0.373437 0.021875 0.018750
0 0.123438 0.373437 0.021875 0.018750
0 0.092188 0.373437 0.021875 0.018750
0 0.060937 0.373437 0.021875 0.018750
0 0.008594 0.373437 0.017188 0.018750
