10 0.307812 0.325781 0.034375 0.020313
9 0.860938 0.364844 0.003125 0.067187
9 0.548438 0.364844 0.003125 0.067187
9 0.245312 0.364844 0.003125 0.067187
12 0.802344 0.364844 0.017188 0.048438
9 0.772656 0.342969 0.001563 0.051562
12 0.703125 0.367188 0.015625 0.028125
8 0.723437 0.356250 0.006250 0.006250
9 0.641406 0.342969 0.001563 0.051562
12 0.582812 0.367188 0.015625 0.028125
12 0.489844 0.364844 0.017188 0.048438
9 0.460156 0.342969 0.001563 0.051562
12 0.390625 0.367188 0.015625 0.028125
8 0.410938 0.356250 0.006250 0.006250
12 0.343750 0.367188 0.015625 0.028125
9 0.324219 0.342187 0.001563 0.053125
9 0.291406 0.342187 0.001563 0.053125
12 0.186719 0.364844 0.017188 0.048438
9 0.157031 0.342969 0.001563 0.051562
12 0.087500 0.367188 0.015625 0.028125
8 0.106250 0.356250 0.006250 0.006250
12 0.040625 0.367188 0.015625 0.028125
9 0.011719 0.342969 0.001563 0.051562
0 0.764062 0.373437 0.021875 0.018750
0 0.632812 0.373437 0.021875 0.018750
0 0.451562 0.373437 0.021875 0.018750
0 0.314063 0.373437 0.021875 0.018750
0 0.281250 0.373437 0.021875 0.018750
0 0.146875 0.373437 0.021875 0.018750
0 0.006250 0.373437 0.012500 0.018750
