10 0.655469 0.319531 0.048438 0.032813
10 0.202344 0.319531 0.048438 0.032813
10 0.037500 0.319531 0.075000 0.032813
9 0.860938 0.364844 0.003125 0.067187
9 0.407813 0.364844 0.003125 0.067187
15 0.782031 0.337500 0.017188 0.062500
9 0.774219 0.339062 0.001563 0.059375
12 0.717969 0.366406 0.023438 0.060937
9 0.680469 0.335938 0.001563 0.065625
9 0.632031 0.335938 0.001563 0.065625
12 0.577344 0.366406 0.023438 0.060937
15 0.546094 0.337500 0.017188 0.062500
9 0.538281 0.339062 0.001563 0.059375
12 0.442188 0.367188 0.015625 0.028125
15 0.328906 0.337500 0.017188 0.062500
9 0.321094 0.339062 0.001563 0.059375
12 0.264844 0.366406 0.023438 0.060937
9 0.227344 0.335938 0.001563 0.065625
9 0.178906 0.335938 0.001563 0.065625
9 0.072656 0.335938 0.001563 0.065625
9 0.025781 0.335938 0.001563 0.065625
0 0.764062 0.373437 0.021875 0.018750
0 0.670312 0.373437 0.021875 0.018750
0 0.623437 0.373437 0.021875 0.018750
0 0.528125 0.373437 0.021875 0.018750
0 0.312500 0.373437 0.021875 0.018750
0 0.217188 0.373437 0.021875 0.018750
0 0.170313 0.373437 0.021875 0.018750
0 0.064062 0.373437 0.021875 0.018750
0 0.017188 0.373437 0.021875 0.018750
