10 0.958594 0.325781 0.082812 0.020313
10 0.625000 0.325781 0.043750 0.020313
10 0.500000 0.325781 0.043750 0.020313
10 0.243750 0.325781 0.043750 0.020313
9 0.812500 0.364844 0.003125 0.067187
9 0.432812 0.364844 0.003125 0.067187
9 0.051562 0.364844 0.003125 0.067187
9 0.960156 0.342187 0.001563 0.053125
9 0.917969 0.342187 0.001563 0.053125
12 0.846875 0.367188 0.015625 0.028125
12 0.717969 0.364844 0.017188 0.048438
8 0.737500 0.356250 0.006250 0.006250
9 0.646094 0.342187 0.001563 0.053125
9 0.603906 0.342187 0.001563 0.053125
9 0.519531 0.342187 0.001563 0.053125
9 0.478906 0.342187 0.001563 0.053125
12 0.336719 0.364844 0.017188 0.048438
8 0.356250 0.356250 0.006250 0.006250
9 0.264844 0.342187 0.001563 0.053125
9 0.222656 0.342187 0.001563 0.053125
9 0.139844 0.342969 0.001563 0.051562
0 0.990625 0.373437 0.018750 0.018750
0 0.951562 0.373437 0.021875 0.018750
0 0.909375 0.373437 0.021875 0.018750
0 0.635938 0.373437 0.021875 0.018750
0 0.593750 0.373437 0.021875 0.018750
0 0.510938 0.373437 0.021875 0.018750
0 0.468750 0.373437 0.021875 0.018750
0 0.254688 0.373437 0.021875 0.018750
0 0.214062 0.373437 0.021875 0.018750
0 0.129688 0.373437 0.021875 0.018750
