7 0.262500 0.366406 0.043750 0.114062
10 0.781250 0.325781 0.112500 0.020313
10 0.415625 0.325781 0.075000 0.020313
9 0.679688 0.364844 0.003125 0.067187
9 0.988281 0.342969 0.001563 0.051562
12 0.912500 0.367188 0.015625 0.028125
8 0.931250 0.356250 0.006250 0.006250
12 0.860938 0.367188 0.015625 0.028125
9 0.836719 0.342187 0.001563 0.053125
9 0.799219 0.342187 0.001563 0.053125
9 0.761719 0.342187 0.001563 0.053125
9 0.725781 0.342187 0.001563 0.053125
12 0.634375 0.367188 0.015625 0.028125
9 0.603906 0.342969 0.001563 0.051562
12 0.528125 0.367188 0.015625 0.028125
8 0.548438 0.356250 0.006250 0.006250
12 0.476562 0.367188 0.015625 0.028125
9 0.452344 0.342187 0.001563 0.053125
9 0.414844 0.342187 0.001563 0.053125
9 0.378906 0.342187 0.001563 0.053125
0 0.979688 0.373437 0.021875 0.018750
0 0.826562 0.373437 0.021875 0.018750
0 0.789062 0.373437 0.021875 0.018750
0 0.753125 0.373437 0.021875 0.018750
0 0.715625 0.373437 0.021875 0.018750
0 0.595313 0.373437 0.021875 0.018750
0 0.442188 0.373437 0.021875 0.018750
0 0.406250 0.373437 0.021875 0.018750
0 0.368750 0.373437 0.021875 0.018750
