10 0.982812 0.319531 0.034375 0.032813
10 0.492969 0.319531 0.054688 0.032813
10 0.032031 0.319531 0.054688 0.032813
9 0.670312 0.364844 0.003125 0.067187
9 0.209375 0.364844 0.003125 0.067187
9 0.966406 0.335938 0.001563 0.065625
8 0.898438 0.356250 0.006250 0.006250
15 0.841406 0.337500 0.017188 0.062500
9 0.833594 0.339062 0.001563 0.059375
15 0.724219 0.337500 0.017188 0.062500
9 0.716406 0.339062 0.001563 0.059375
12 0.563281 0.366406 0.023438 0.060937
9 0.519531 0.335938 0.001563 0.065625
9 0.466406 0.335938 0.001563 0.065625
8 0.398438 0.356250 0.006250 0.006250
15 0.342969 0.337500 0.017188 0.062500
9 0.335156 0.339062 0.001563 0.059375
8 0.267188 0.356250 0.006250 0.006250
12 0.100781 0.366406 0.023438 0.060937
9 0.057031 0.335938 0.001563 0.065625
9 0.005469 0.335938 0.001563 0.065625
0 0.956250 0.373437 0.021875 0.018750
0 0.825000 0.373437 0.021875 0.018750
0 0.707812 0.373437 0.021875 0.018750
0 0.509375 0.373437 0.021875 0.018750
0 0.457813 0.373437 0.021875 0.018750
0 0.325000 0.373437 0.021875 0.018750
0 0.048438 0.373437 0.021875 0.018750
0 0.003906 0.373437 0.007812 0.018750
