7 0.262500 0.366406 0.043750 0.114062
10 0.621094 0.325781 0.089063 0.020313
9 0.795312 0.364844 0.003125 0.067187
9 0.989844 0.342969 0.001563 0.051562
12 0.915625 0.367188 0.015625 0.028125
9 0.885156 0.342969 0.001563 0.051562
12 0.739062 0.367188 0.015625 0.028125
9 0.664844 0.342187 0.001563 0.053125
9 0.621094 0.342187 0.001563 0.053125
9 0.577344 0.342187 0.001563 0.053125
9 0.489844 0.342969 0.001563 0.051562
12 0.415625 0.367188 0.015625 0.028125
9 0.341406 0.342969 0.001563 0.051562
0 0.981250 0.373437 0.021875 0.018750
0 0.875000 0.373437 0.021875 0.018750
0 0.656250 0.373437 0.021875 0.018750
0 0.612500 0.373437 0.021875 0.018750
0 0.568750 0.373437 0.021875 0.018750
0 0.481250 0.373437 0.021875 0.018750
0 0.332813 0.373437 0.021875 0.018750
