10 0.763281 0.319531 0.142187 0.007812
10 0.386719 0.319531 0.142187 0.007812
10 0.024219 0.319531 0.048438 0.007812
9 0.860938 0.364844 0.003125 0.067187
9 0.485938 0.364844 0.003125 0.067187
9 0.142187 0.364844 0.003125 0.067187
9 0.833594 0.342187 0.001563 0.053125
9 0.786719 0.342187 0.001563 0.053125
9 0.739844 0.342187 0.001563 0.053125
9 0.692969 0.342187 0.001563 0.053125
12 0.632812 0.367188 0.015625 0.028125
15 0.605469 0.342187 0.017188 0.053125
9 0.597656 0.343750 0.001563 0.053125
12 0.519531 0.364844 0.017188 0.048438
9 0.457031 0.342187 0.001563 0.053125
9 0.410156 0.342187 0.001563 0.053125
9 0.363281 0.342187 0.001563 0.053125
9 0.316406 0.342187 0.001563 0.053125
15 0.277344 0.342187 0.017188 0.053125
9 0.269531 0.343750 0.001563 0.053125
12 0.175781 0.364844 0.017188 0.048438
8 0.196875 0.356250 0.006250 0.006250
12 0.082031 0.364844 0.017188 0.048438
9 0.047656 0.342187 0.001563 0.053125
9 0.000781 0.342187 0.001563 0.053125
0 0.823438 0.373437 0.021875 0.018750
0 0.776563 0.373437 0.021875 0.018750
0 0.729688 0.373437 0.021875 0.018750
0 0.682813 0.373437 0.021875 0.018750
0 0.589063 0.373437 0.021875 0.018750
0 0.448437 0.373437 0.021875 0.018750
0 0.401562 0.373437 0.021875 0.018750
0 0.354687 0.373437 0.021875 0.018750
0 0.307812 0.373437 0.021875 0.018750
0 0.259375 0.373437 0.021875 0.018750
0 0.037500 0.373437 0.021875 0.018750
