7 0.262500 0.366406 0.043750 0.114062
10 0.979688 0.325781 0.040625 0.020313
10 0.612500 0.325781 0.078125 0.020313
10 0.479687 0.325781 0.040625 0.020313
14 0.796875 0.364844 0.003125 0.067187
9 0.999219 0.342187 0.001563 0.053125
9 0.960156 0.342187 0.001563 0.053125
9 0.880469 0.342969 0.001563 0.051562
9 0.764844 0.342969 0.001563 0.051562
9 0.650781 0.342187 0.001563 0.053125
9 0.611719 0.342187 0.001563 0.053125
9 0.574219 0.342187 0.001563 0.053125
9 0.497656 0.342187 0.001563 0.053125
9 0.460156 0.342187 0.001563 0.053125
9 0.341406 0.342969 0.001563 0.051562
0 0.989062 0.373437 0.021875 0.018750
0 0.951562 0.373437 0.021875 0.018750
0 0.871875 0.373437 0.021875 0.018750
0 0.756250 0.373437 0.021875 0.018750
0 0.640625 0.373437 0.021875 0.018750
0 0.603125 0.373437 0.021875 0.018750
0 0.564063 0.373437 0.021875 0.018750
0 0.489063 0.373437 0.021875 0.018750
0 0.450000 0.373437 0.021875 0.018750
0 0.332813 0.373437 0.021875 0.018750
