10 0.759375 0.325000 0.112500 0.025000
10 0.582812 0.328125 0.112500 0.025000
10 0.378125 0.337500 0.112500 0.028125
10 0.201563 0.342187 0.112500 0.028125
10 0.026562 0.354687 0.053125 0.028125
10 0.773438 0.485938 0.140625 0.025000
10 0.596875 0.489063 0.140625 0.025000
10 0.392188 0.501563 0.140625 0.025000
10 0.215625 0.503125 0.140625 0.028125
10 0.040625 0.517188 0.081250 0.025000
10 0.735156 0.653125 0.064062 0.037500
10 0.558594 0.656250 0.064062 0.037500
10 0.353906 0.668750 0.064062 0.037500
10 0.177344 0.671094 0.064062 0.042188
10 0.744531 0.801562 0.082812 0.037500
10 0.567969 0.810156 0.082812 0.045312
10 0.363281 0.818750 0.082812 0.037500
10 0.186719 0.818750 0.082812 0.037500
10 0.719531 0.964844 0.032813 0.042188
10 0.542969 0.970313 0.032813 0.046875
10 0.338281 0.978906 0.032813 0.042188
10 0.161719 0.978906 0.032813 0.042188
9 0.860938 0.665625 0.003125 0.668750
9 0.481250 0.665625 0.003125 0.668750
9 0.100000 0.665625 0.003125 0.668750
9 0.733594 0.974219 0.001563 0.051562
9 0.703906 0.978125 0.001563 0.043750
9 0.557031 0.975781 0.001563 0.048438
9 0.527344 0.982031 0.001563 0.035937
9 0.352344 0.980469 0.001563 0.039062
9 0.175781 0.980469 0.001563 0.039062
12 0.803125 0.851562 0.015625 0.028125
9 0.783594 0.816406 0.001563 0.057813
9 0.703906 0.840625 0.001563 0.075000
12 0.625000 0.851562 0.015625 0.028125
9 0.607031 0.821875 0.001563 0.062500
9 0.527344 0.850781 0.001563 0.070312
12 0.421875 0.851562 0.015625 0.028125
9 0.402344 0.832031 0.001563 0.057813
9 0.322656 0.857812 0.001563 0.075000
12 0.243750 0.851562 0.015625 0.028125
9 0.225781 0.835938 0.001563 0.065625
9 0.146094 0.861719 0.001563 0.082812
12 0.040625 0.851562 0.015625 0.028125
9 0.021094 0.840625 0.001563 0.075000
12 0.803125 0.690625 0.015625 0.028125
9 0.764844 0.660156 0.001563 0.045312
9 0.703906 0.685937 0.001563 0.062500
12 0.625000 0.690625 0.015625 0.028125
9 0.588281 0.667188 0.001563 0.050000
9 0.527344 0.690625 0.001563 0.065625
12 0.421875 0.690625 0.015625 0.028125
9 0.383594 0.677344 0.001563 0.045312
9 0.322656 0.701562 0.001563 0.062500
12 0.243750 0.690625 0.015625 0.028125
9 0.207031 0.680469 0.001563 0.054688
9 0.146094 0.707031 0.001563 0.067187
12 0.040625 0.690625 0.015625 0.028125
9 0.002344 0.692969 0.001563 0.045312
9 0.841406 0.499219 0.001563 0.045312
9 0.703906 0.524219 0.001563 0.060937
9 0.664844 0.506250 0.001563 0.050000
9 0.527344 0.529687 0.001563 0.065625
9 0.460156 0.516406 0.001563 0.045312
9 0.322656 0.539844 0.001563 0.060937
9 0.283594 0.520312 0.001563 0.053125
9 0.146094 0.546875 0.001563 0.065625
9 0.078906 0.532031 0.001563 0.045312
9 0.814844 0.338281 0.001563 0.045312
9 0.703906 0.361719 0.001563 0.060937
9 0.638281 0.345313 0.001563 0.050000
9 0.527344 0.368750 0.001563 0.065625
9 0.433594 0.353125 0.001563 0.050000
9 0.322656 0.378906 0.001563 0.060937
9 0.257031 0.357812 0.001563 0.053125
9 0.146094 0.384375 0.001563 0.065625
9 0.052344 0.368750 0.001563 0.050000
0 0.775000 0.848437 0.021875 0.018750
0 0.693750 0.881250 0.021875 0.018750
0 0.598437 0.857812 0.021875 0.018750
0 0.517188 0.889062 0.021875 0.018750
0 0.393750 0.865625 0.021875 0.018750
0 0.312500 0.896875 0.021875 0.018750
0 0.217188 0.873437 0.021875 0.018750
0 0.135937 0.906250 0.021875 0.018750
0 0.012500 0.881250 0.021875 0.018750
0 0.756250 0.687500 0.021875 0.018750
0 0.693750 0.720313 0.021875 0.018750
0 0.578125 0.695312 0.021875 0.018750
0 0.517188 0.728125 0.021875 0.018750
0 0.375000 0.703125 0.021875 0.018750
0 0.312500 0.735938 0.021875 0.018750
0 0.196875 0.712500 0.021875 0.018750
0 0.135937 0.743750 0.021875 0.018750
0 0.832812 0.526563 0.021875 0.018750
0 0.693750 0.557813 0.021875 0.018750
0 0.656250 0.534375 0.021875 0.018750
0 0.517188 0.567187 0.021875 0.018750
0 0.451562 0.542188 0.021875 0.018750
0 0.312500 0.575000 0.021875 0.018750
0 0.275000 0.550000 0.021875 0.018750
0 0.135937 0.582812 0.021875 0.018750
0 0.070312 0.557813 0.021875 0.018750
0 0.806250 0.364063 0.021875 0.018750
0 0.693750 0.396875 0.021875 0.018750
0 0.628125 0.373437 0.021875 0.018750
0 0.517188 0.404687 0.021875 0.018750
0 0.425000 0.381250 0.021875 0.018750
0 0.312500 0.412500 0.021875 0.018750
0 0.246875 0.389062 0.021875 0.018750
0 0.135937 0.421875 0.021875 0.018750
0 0.043750 0.396875 0.021875 0.018750
