10 0.594531 0.319531 0.048438 0.032813
10 0.141406 0.319531 0.048438 0.032813
9 0.646875 0.364844 0.003125 0.067187
9 0.193750 0.364844 0.003125 0.067187
12 0.978906 0.366406 0.023438 0.060937
15 0.947656 0.337500 0.017188 0.062500
9 0.939844 0.339062 0.001563 0.059375
12 0.885156 0.366406 0.023438 0.060937
15 0.853906 0.337500 0.017188 0.062500
9 0.846094 0.339062 0.001563 0.059375
12 0.730469 0.366406 0.023438 0.060937
15 0.700781 0.337500 0.017188 0.062500
9 0.692969 0.339062 0.001563 0.059375
9 0.617969 0.335938 0.001563 0.065625
9 0.571094 0.335938 0.001563 0.065625
12 0.455469 0.366406 0.023438 0.060937
15 0.425781 0.337500 0.017188 0.062500
9 0.417969 0.339062 0.001563 0.059375
12 0.361719 0.366406 0.023438 0.060937
15 0.330469 0.337500 0.017188 0.062500
9 0.322656 0.339062 0.001563 0.059375
12 0.226562 0.367188 0.015625 0.028125
9 0.164844 0.335938 0.001563 0.065625
9 0.117969 0.335938 0.001563 0.065625
12 0.007031 0.366406 0.014063 0.060937
0 0.931250 0.373437 0.021875 0.018750
0 0.835938 0.373437 0.021875 0.018750
0 0.682813 0.373437 0.021875 0.018750
0 0.609375 0.373437 0.021875 0.018750
0 0.560937 0.373437 0.021875 0.018750
0 0.407813 0.373437 0.021875 0.018750
0 0.314063 0.373437 0.021875 0.018750
0 0.156250 0.373437 0.021875 0.018750
0 0.107813 0.373437 0.021875 0.018750
