10 0.739844 0.396875 0.114062 0.015625
10 0.561719 0.401562 0.114062 0.025000
10 0.357031 0.407031 0.114062 0.020313
10 0.178906 0.412500 0.114062 0.015625
10 0.025781 0.322656 0.051562 0.020313
10 0.753125 0.551562 0.140625 0.028125
10 0.575000 0.555469 0.140625 0.035937
10 0.370312 0.564063 0.140625 0.028125
10 0.192188 0.568750 0.140625 0.028125
10 0.039062 0.484375 0.078125 0.021875
10 0.714844 0.712500 0.064062 0.025000
10 0.536719 0.719531 0.064062 0.032813
10 0.332031 0.725000 0.064062 0.028125
10 0.153906 0.732031 0.064062 0.032813
10 0.724219 0.875000 0.082812 0.053125
10 0.546094 0.886719 0.082812 0.045312
10 0.341406 0.888281 0.082812 0.045312
10 0.163281 0.896094 0.082812 0.045312
9 0.860938 0.665625 0.003125 0.668750
9 0.479687 0.665625 0.003125 0.668750
9 0.096875 0.665625 0.003125 0.668750
9 0.714844 0.990625 0.001563 0.018750
12 0.801562 0.851562 0.015625 0.028125
9 0.764844 0.847656 0.001563 0.057813
9 0.683594 0.867188 0.001563 0.062500
12 0.625000 0.851562 0.015625 0.028125
9 0.586719 0.860938 0.001563 0.065625
9 0.505469 0.875000 0.001563 0.062500
12 0.420312 0.851562 0.015625 0.028125
9 0.382031 0.864844 0.001563 0.057813
9 0.300781 0.878125 0.001563 0.053125
12 0.242188 0.851562 0.015625 0.028125
9 0.203906 0.872656 0.001563 0.057813
9 0.122656 0.885938 0.001563 0.053125
12 0.037500 0.851562 0.015625 0.028125
9 0.019531 0.816406 0.001563 0.057813
12 0.801562 0.690625 0.015625 0.028125
9 0.744531 0.686719 0.001563 0.057813
9 0.683594 0.696094 0.001563 0.045312
12 0.625000 0.690625 0.015625 0.028125
9 0.567969 0.692969 0.001563 0.054688
9 0.505469 0.707812 0.001563 0.050000
12 0.420312 0.690625 0.015625 0.028125
9 0.363281 0.700000 0.001563 0.053125
9 0.300781 0.713281 0.001563 0.045312
12 0.242188 0.690625 0.015625 0.028125
9 0.185156 0.707812 0.001563 0.050000
9 0.122656 0.721094 0.001563 0.045312
12 0.037500 0.690625 0.015625 0.028125
9 0.822656 0.525781 0.001563 0.057813
9 0.683594 0.537500 0.001563 0.050000
9 0.644531 0.529687 0.001563 0.050000
9 0.505469 0.545312 0.001563 0.050000
9 0.439844 0.539062 0.001563 0.053125
9 0.300781 0.550781 0.001563 0.045312
9 0.261719 0.545312 0.001563 0.050000
9 0.122656 0.558594 0.001563 0.042188
9 0.077344 0.499219 0.001563 0.045312
9 0.794531 0.363281 0.001563 0.057813
9 0.683594 0.376563 0.001563 0.050000
9 0.617969 0.368750 0.001563 0.050000
9 0.505469 0.384375 0.001563 0.050000
9 0.413281 0.376563 0.001563 0.050000
9 0.300781 0.389844 0.001563 0.045312
9 0.235156 0.384375 0.001563 0.050000
9 0.122656 0.396094 0.001563 0.042188
9 0.049219 0.338281 0.001563 0.045312
0 0.725000 0.978125 0.021875 0.018750
0 0.693750 0.992188 0.021875 0.015625
0 0.546875 0.985938 0.021875 0.018750
0 0.515625 0.996875 0.021875 0.006250
0 0.342187 0.992188 0.021875 0.015625
0 0.164062 0.996875 0.021875 0.006250
0 0.775000 0.817187 0.021875 0.018750
0 0.693750 0.832812 0.021875 0.018750
0 0.596875 0.825000 0.021875 0.018750
0 0.515625 0.840625 0.021875 0.018750
0 0.392188 0.832812 0.021875 0.018750
0 0.310937 0.848437 0.021875 0.018750
0 0.214062 0.840625 0.021875 0.018750
0 0.132812 0.857812 0.021875 0.018750
0 0.010156 0.848437 0.020313 0.018750
0 0.754687 0.654687 0.021875 0.018750
0 0.693750 0.671875 0.021875 0.018750
0 0.578125 0.664062 0.021875 0.018750
0 0.515625 0.679688 0.021875 0.018750
0 0.373437 0.671875 0.021875 0.018750
0 0.310937 0.687500 0.021875 0.018750
0 0.195312 0.679688 0.021875 0.018750
0 0.132812 0.695312 0.021875 0.018750
0 0.832812 0.493750 0.021875 0.018750
0 0.693750 0.509375 0.021875 0.018750
0 0.654687 0.501563 0.021875 0.018750
0 0.515625 0.518750 0.021875 0.018750
0 0.450000 0.509375 0.021875 0.018750
0 0.310937 0.526563 0.021875 0.018750
0 0.271875 0.518750 0.021875 0.018750
0 0.132812 0.534375 0.021875 0.018750
0 0.067187 0.526563 0.021875 0.018750
0 0.804688 0.332813 0.021875 0.018750
0 0.693750 0.348438 0.021875 0.018750
0 0.628125 0.340625 0.021875 0.018750
0 0.515625 0.356250 0.021875 0.018750
0 0.423438 0.348438 0.021875 0.018750
0 0.310937 0.364063 0.021875 0.018750
0 0.245312 0.356250 0.021875 0.018750
0 0.132812 0.373437 0.021875 0.018750
0 0.040625 0.364063 0.021875 0.018750
