10 0.044531 0.514844 0.035937 0.020313
14 0.860938 0.553906 0.003125 0.067187
14 0.546875 0.553906 0.003125 0.067187
14 0.259375 0.553906 0.003125 0.067187
11 0.800781 0.553906 0.017188 0.048438
11 0.732031 0.553906 0.017188 0.048438
9 0.669531 0.532031 0.001563 0.051562
9 0.592969 0.532031 0.001563 0.051562
11 0.486719 0.553906 0.017188 0.048438
11 0.417969 0.553906 0.017188 0.048438
9 0.353906 0.532031 0.001563 0.051562
11 0.293750 0.556250 0.015625 0.028125
11 0.199219 0.553906 0.017188 0.048438
11 0.130469 0.553906 0.017188 0.048438
11 0.082812 0.556250 0.015625 0.028125
9 0.060156 0.531250 0.001563 0.053125
9 0.027344 0.531250 0.001563 0.053125
0 0.659375 0.560937 0.021875 0.018750
0 0.584375 0.560937 0.021875 0.018750
0 0.345313 0.560937 0.021875 0.018750
0 0.051562 0.560937 0.021875 0.018750
0 0.017188 0.560937 0.021875 0.018750
