10 0.853906 0.319531 0.129688 0.032813
10 0.547656 0.319531 0.048438 0.032813
10 0.396875 0.319531 0.087500 0.032813
10 0.248438 0.319531 0.043750 0.032813
10 0.038281 0.319531 0.048438 0.032813
9 0.690625 0.364844 0.003125 0.067187
9 0.181250 0.364844 0.003125 0.067187
12 0.952344 0.366406 0.023438 0.060937
9 0.917969 0.335938 0.001563 0.065625
9 0.875781 0.335938 0.001563 0.065625
9 0.832031 0.335938 0.001563 0.065625
9 0.789844 0.335938 0.001563 0.065625
12 0.605469 0.366406 0.023438 0.060937
9 0.571094 0.335938 0.001563 0.065625
9 0.524219 0.335938 0.001563 0.065625
12 0.472656 0.366406 0.023438 0.060937
9 0.439844 0.335938 0.001563 0.065625
9 0.396094 0.335938 0.001563 0.065625
9 0.353906 0.335938 0.001563 0.065625
12 0.303906 0.366406 0.023438 0.060937
9 0.269531 0.335938 0.001563 0.065625
9 0.227344 0.335938 0.001563 0.065625
12 0.094531 0.366406 0.023438 0.060937
9 0.061719 0.335938 0.001563 0.065625
9 0.014844 0.335938 0.001563 0.065625
0 0.991406 0.373437 0.017188 0.018750
0 0.907813 0.373437 0.021875 0.018750
0 0.865625 0.373437 0.021875 0.018750
0 0.823438 0.373437 0.021875 0.018750
0 0.781250 0.373437 0.021875 0.018750
0 0.562500 0.373437 0.021875 0.018750
0 0.515625 0.373437 0.021875 0.018750
0 0.429688 0.373437 0.021875 0.018750
0 0.387500 0.373437 0.021875 0.018750
0 0.345313 0.373437 0.021875 0.018750
0 0.259375 0.373437 0.021875 0.018750
0 0.217188 0.373437 0.021875 0.018750
0 0.051562 0.373437 0.021875 0.018750
0 0.007812 0.373437 0.015625 0.018750
