10 0.546875 0.325781 0.128125 0.020313
10 0.085156 0.325781 0.085938 0.020313
14 0.860938 0.364844 0.003125 0.067187
14 0.378125 0.364844 0.003125 0.067187
11 0.807813 0.367188 0.015625 0.028125
9 0.778906 0.342969 0.001563 0.051562
9 0.652344 0.342969 0.001563 0.051562
9 0.610156 0.342187 0.001563 0.053125
9 0.567969 0.342187 0.001563 0.053125
9 0.525781 0.342187 0.001563 0.053125
9 0.483594 0.342187 0.001563 0.053125
11 0.412500 0.367188 0.015625 0.028125
11 0.325000 0.367188 0.015625 0.028125
9 0.296094 0.342969 0.001563 0.051562
9 0.169531 0.342969 0.001563 0.051562
9 0.127344 0.342187 0.001563 0.053125
9 0.085156 0.342187 0.001563 0.053125
9 0.042969 0.342187 0.001563 0.053125
0 0.768750 0.373437 0.021875 0.018750
0 0.643750 0.373437 0.021875 0.018750
0 0.601562 0.373437 0.021875 0.018750
0 0.559375 0.373437 0.021875 0.018750
0 0.517188 0.373437 0.021875 0.018750
0 0.475000 0.373437 0.021875 0.018750
0 0.285938 0.373437 0.021875 0.018750
0 0.159375 0.373437 0.021875 0.018750
0 0.117188 0.373437 0.021875 0.018750
0 0.075000 0.373437 0.021875 0.018750
0 0.032813 0.373437 0.021875 0.018750
