10 0.867969 0.059375 0.064062 0.037500
10 0.661719 0.070312 0.064062 0.025000
10 0.483594 0.070312 0.064062 0.025000
10 0.258594 0.054688 0.064062 0.025000
10 0.080469 0.054688 0.064062 0.025000
10 0.877344 0.209375 0.082812 0.037500
10 0.671094 0.225781 0.082812 0.035937
10 0.492969 0.225781 0.082812 0.035937
10 0.267969 0.225781 0.082812 0.035937
10 0.089844 0.225781 0.082812 0.035937
10 0.853125 0.374219 0.034375 0.051562
10 0.646875 0.374219 0.034375 0.051562
10 0.468750 0.374219 0.034375 0.051562
10 0.243750 0.402344 0.034375 0.035937
10 0.065625 0.402344 0.034375 0.035937
14 0.789062 0.209375 0.003125 0.418750
14 0.406250 0.209375 0.003125 0.418750
14 0.023438 0.209375 0.003125 0.418750
11 0.935937 0.387500 0.015625 0.028125
9 0.867969 0.387500 0.001563 0.068750
9 0.836719 0.403125 0.001563 0.068750
11 0.729688 0.387500 0.015625 0.028125
9 0.661719 0.392188 0.001563 0.078125
9 0.630469 0.407813 0.001563 0.078125
11 0.551562 0.387500 0.015625 0.028125
9 0.485156 0.396094 0.001563 0.085938
9 0.452344 0.411719 0.001563 0.085938
11 0.345313 0.387500 0.015625 0.028125
9 0.258594 0.364844 0.001563 0.098437
9 0.227344 0.370312 0.001563 0.093750
11 0.168750 0.387500 0.015625 0.028125
9 0.082031 0.368750 0.001563 0.090625
9 0.049219 0.374219 0.001563 0.085938
11 0.935937 0.226562 0.015625 0.028125
9 0.917969 0.228125 0.001563 0.065625
9 0.836719 0.243750 0.001563 0.065625
11 0.729688 0.226562 0.015625 0.028125
9 0.711719 0.239844 0.001563 0.057813
9 0.630469 0.254688 0.001563 0.062500
11 0.551562 0.226562 0.015625 0.028125
9 0.533594 0.243750 0.001563 0.065625
9 0.452344 0.258594 0.001563 0.070312
11 0.345313 0.226562 0.015625 0.028125
9 0.308594 0.195312 0.001563 0.081250
9 0.227344 0.201563 0.001563 0.078125
11 0.168750 0.226562 0.015625 0.028125
9 0.130469 0.199219 0.001563 0.073438
9 0.049219 0.205469 0.001563 0.070312
11 0.935937 0.065625 0.015625 0.028125
9 0.897656 0.072656 0.001563 0.054688
9 0.836719 0.088281 0.001563 0.054688
11 0.729688 0.065625 0.015625 0.028125
9 0.691406 0.085156 0.001563 0.045312
9 0.630469 0.094531 0.001563 0.057813
11 0.551562 0.065625 0.015625 0.028125
9 0.514844 0.089063 0.001563 0.053125
9 0.452344 0.098437 0.001563 0.065625
11 0.345313 0.065625 0.015625 0.028125
9 0.289844 0.028906 0.001563 0.057813
9 0.227344 0.030469 0.001563 0.060937
11 0.168750 0.065625 0.015625 0.028125
9 0.111719 0.028906 0.001563 0.057813
9 0.049219 0.035937 0.001563 0.053125
0 0.996094 0.434375 0.007812 0.018750
0 0.857812 0.426563 0.021875 0.018750
0 0.826562 0.442188 0.021875 0.018750
0 0.651563 0.434375 0.021875 0.018750
0 0.620313 0.450000 0.021875 0.018750
0 0.475000 0.442188 0.021875 0.018750
0 0.443750 0.457813 0.021875 0.018750
0 0.268750 0.312500 0.021875 0.018750
0 0.237500 0.320312 0.021875 0.018750
0 0.092188 0.320312 0.021875 0.018750
0 0.059375 0.329688 0.021875 0.018750
0 0.996094 0.271875 0.007812 0.018750
0 0.907813 0.264062 0.021875 0.018750
0 0.826562 0.281250 0.021875 0.018750
0 0.701562 0.271875 0.021875 0.018750
0 0.620313 0.289062 0.021875 0.018750
0 0.525000 0.281250 0.021875 0.018750
0 0.443750 0.296875 0.021875 0.018750
0 0.318750 0.151562 0.021875 0.018750
0 0.237500 0.159375 0.021875 0.018750
0 0.140625 0.159375 0.021875 0.018750
0 0.059375 0.167187 0.021875 0.018750
0 0.996094 0.110937 0.007812 0.018750
0 0.889062 0.103125 0.021875 0.018750
0 0.826562 0.118750 0.021875 0.018750
0 0.682813 0.110937 0.021875 0.018750
0 0.620313 0.126562 0.021875 0.018750
0 0.506250 0.118750 0.021875 0.018750
0 0.443750 0.135937 0.021875 0.018750
0 0.237500 0.003906 0.021875 0.007812
0 0.121875 0.003906 0.021875 0.007812
0 0.059375 0.007812 0.021875 0.015625
