10 0.818750 0.325781 0.043750 0.020313
10 0.318750 0.325781 0.043750 0.020313
9 0.860938 0.364844 0.003125 0.067187
9 0.360938 0.364844 0.003125 0.067187
9 0.839844 0.342187 0.001563 0.053125
9 0.797656 0.342187 0.001563 0.053125
9 0.714844 0.342969 0.001563 0.051562
9 0.632031 0.342969 0.001563 0.051562
9 0.589844 0.342969 0.001563 0.051562
9 0.466406 0.342969 0.001563 0.051562
12 0.395313 0.367188 0.015625 0.028125
9 0.339844 0.342187 0.001563 0.053125
9 0.297656 0.342187 0.001563 0.053125
9 0.214844 0.342969 0.001563 0.051562
9 0.132031 0.342969 0.001563 0.051562
9 0.089844 0.342969 0.001563 0.051562
0 0.829688 0.373437 0.021875 0.018750
0 0.789062 0.373437 0.021875 0.018750
0 0.706250 0.373437 0.021875 0.018750
0 0.623437 0.373437 0.021875 0.018750
0 0.581250 0.373437 0.021875 0.018750
0 0.456250 0.373437 0.021875 0.018750
0 0.329688 0.373437 0.021875 0.018750
0 0.289062 0.373437 0.021875 0.018750
0 0.206250 0.373437 0.021875 0.018750
0 0.123438 0.373437 0.021875 0.018750
0 0.081250 0.373437 0.021875 0.018750
