10 0.294531 0.319531 0.589063 0.007812
10 0.399219 0.488281 0.798438 0.020313
10 0.452344 0.642969 0.904687 0.032813
10 0.478125 0.798438 0.956250 0.043750
10 0.491406 0.953125 0.982812 0.056250
9 0.982031 0.962500 0.001563 0.075000
9 0.955469 0.962500 0.001563 0.075000
9 0.928906 0.962500 0.001563 0.075000
9 0.902344 0.962500 0.001563 0.075000
9 0.877344 0.962500 0.001563 0.075000
9 0.850781 0.962500 0.001563 0.075000
9 0.824219 0.962500 0.001563 0.075000
9 0.797656 0.962500 0.001563 0.075000
9 0.772656 0.962500 0.001563 0.075000
9 0.746094 0.962500 0.001563 0.075000
9 0.719531 0.962500 0.001563 0.075000
9 0.692969 0.962500 0.001563 0.075000
9 0.666406 0.962500 0.001563 0.075000
9 0.641406 0.962500 0.001563 0.075000
9 0.614844 0.962500 0.001563 0.075000
9 0.588281 0.962500 0.001563 0.075000
9 0.561719 0.962500 0.001563 0.075000
9 0.536719 0.962500 0.001563 0.075000
9 0.510156 0.962500 0.001563 0.075000
9 0.483594 0.962500 0.001563 0.075000
9 0.457031 0.962500 0.001563 0.075000
9 0.430469 0.962500 0.001563 0.075000
9 0.405469 0.962500 0.001563 0.075000
9 0.378906 0.962500 0.001563 0.075000
9 0.352344 0.962500 0.001563 0.075000
9 0.325781 0.962500 0.001563 0.075000
9 0.299219 0.962500 0.001563 0.075000
9 0.274219 0.962500 0.001563 0.075000
9 0.247656 0.962500 0.001563 0.075000
9 0.221094 0.962500 0.001563 0.075000
9 0.194531 0.962500 0.001563 0.075000
9 0.169531 0.962500 0.001563 0.075000
9 0.142969 0.962500 0.001563 0.075000
9 0.116406 0.962500 0.001563 0.075000
9 0.089844 0.962500 0.001563 0.075000
9 0.063281 0.962500 0.001563 0.075000
9 0.038281 0.962500 0.001563 0.075000
9 0.011719 0.962500 0.001563 0.075000
9 0.955469 0.815625 0.001563 0.078125
9 0.902344 0.815625 0.001563 0.078125
9 0.850781 0.815625 0.001563 0.078125
9 0.797656 0.815625 0.001563 0.078125
9 0.746094 0.815625 0.001563 0.078125
9 0.692969 0.815625 0.001563 0.078125
9 0.641406 0.815625 0.001563 0.078125
9 0.588281 0.815625 0.001563 0.078125
9 0.536719 0.815625 0.001563 0.078125
9 0.483594 0.815625 0.001563 0.078125
9 0.430469 0.815625 0.001563 0.078125
9 0.378906 0.815625 0.001563 0.078125
9 0.325781 0.815625 0.001563 0.078125
9 0.274219 0.815625 0.001563 0.078125
9 0.221094 0.815625 0.001563 0.078125
9 0.169531 0.815625 0.001563 0.078125
9 0.116406 0.815625 0.001563 0.078125
9 0.063281 0.815625 0.001563 0.078125
9 0.011719 0.815625 0.001563 0.078125
9 0.902344 0.659375 0.001563 0.065625
9 0.797656 0.659375 0.001563 0.065625
9 0.692969 0.659375 0.001563 0.065625
9 0.588281 0.659375 0.001563 0.065625
9 0.483594 0.659375 0.001563 0.065625
9 0.378906 0.659375 0.001563 0.065625
9 0.274219 0.659375 0.001563 0.065625
9 0.169531 0.659375 0.001563 0.065625
9 0.063281 0.659375 0.001563 0.065625
9 0.797656 0.504687 0.001563 0.053125
9 0.588281 0.504687 0.001563 0.053125
9 0.378906 0.504687 0.001563 0.053125
9 0.169531 0.504687 0.001563 0.053125
9 0.588281 0.342187 0.001563 0.053125
9 0.169531 0.342187 0.001563 0.053125
0 0.993750 0.857812 0.012500 0.018750
0 0.946875 0.857812 0.021875 0.018750
0 0.893750 0.857812 0.021875 0.018750
0 0.840625 0.857812 0.021875 0.018750
0 0.789062 0.857812 0.021875 0.018750
0 0.735938 0.857812 0.021875 0.018750
0 0.684375 0.857812 0.021875 0.018750
0 0.631250 0.857812 0.021875 0.018750
0 0.579688 0.857812 0.021875 0.018750
0 0.526563 0.857812 0.021875 0.018750
0 0.473438 0.857812 0.021875 0.018750
0 0.421875 0.857812 0.021875 0.018750
0 0.368750 0.857812 0.021875 0.018750
0 0.317188 0.857812 0.021875 0.018750
0 0.264062 0.857812 0.021875 0.018750
0 0.212500 0.857812 0.021875 0.018750
0 0.159375 0.857812 0.021875 0.018750
0 0.107813 0.857812 0.021875 0.018750
0 0.054688 0.857812 0.021875 0.018750
0 0.006250 0.857812 0.012500 0.018750
0 0.993750 0.695312 0.012500 0.018750
0 0.893750 0.695312 0.021875 0.018750
0 0.789062 0.695312 0.021875 0.018750
0 0.684375 0.695312 0.021875 0.018750
0 0.579688 0.695312 0.021875 0.018750
0 0.473438 0.695312 0.021875 0.018750
0 0.368750 0.695312 0.021875 0.018750
0 0.264062 0.695312 0.021875 0.018750
0 0.159375 0.695312 0.021875 0.018750
0 0.054688 0.695312 0.021875 0.018750
0 0.993750 0.534375 0.012500 0.018750
0 0.789062 0.534375 0.021875 0.018750
0 0.579688 0.534375 0.021875 0.018750
0 0.368750 0.534375 0.021875 0.018750
0 0.159375 0.534375 0.021875 0.018750
0 0.993750 0.373437 0.012500 0.018750
0 0.579688 0.373437 0.021875 0.018750
0 0.159375 0.373437 0.021875 0.018750
