10 0.763281 0.319531 0.142187 0.007812
10 0.342969 0.319531 0.048438 0.007812
10 0.249219 0.319531 0.048438 0.007812
9 0.860938 0.364844 0.003125 0.067187
9 0.487500 0.364844 0.003125 0.067187
9 0.112500 0.364844 0.003125 0.067187
9 0.833594 0.342187 0.001563 0.053125
9 0.786719 0.342187 0.001563 0.053125
9 0.739844 0.342187 0.001563 0.053125
9 0.692969 0.342187 0.001563 0.053125
12 0.614844 0.364844 0.017188 0.048438
15 0.588281 0.342187 0.017188 0.053125
9 0.580469 0.343750 0.001563 0.053125
12 0.520312 0.367188 0.015625 0.028125
12 0.446875 0.367188 0.015625 0.028125
15 0.419531 0.342187 0.017188 0.053125
9 0.411719 0.343750 0.001563 0.053125
9 0.366406 0.342187 0.001563 0.053125
9 0.319531 0.342187 0.001563 0.053125
9 0.272656 0.342187 0.001563 0.053125
9 0.225781 0.342187 0.001563 0.053125
12 0.147656 0.364844 0.017188 0.048438
15 0.091406 0.342187 0.017188 0.053125
9 0.083594 0.343750 0.001563 0.053125
12 0.023438 0.367188 0.015625 0.028125
0 0.823438 0.373437 0.021875 0.018750
0 0.778125 0.373437 0.021875 0.018750
0 0.731250 0.373437 0.021875 0.018750
0 0.684375 0.373437 0.021875 0.018750
0 0.570312 0.373437 0.021875 0.018750
0 0.403125 0.373437 0.021875 0.018750
0 0.356250 0.373437 0.021875 0.018750
0 0.309375 0.373437 0.021875 0.018750
0 0.262500 0.373437 0.021875 0.018750
0 0.215625 0.373437 0.021875 0.018750
0 0.073438 0.373437 0.021875 0.018750
