10 0.839844 0.319531 0.048438 0.032813
10 0.554688 0.319531 0.181250 0.032813
10 0.339844 0.319531 0.048438 0.032813
10 0.088281 0.319531 0.176563 0.032813
9 0.668750 0.364844 0.003125 0.067187
9 0.201563 0.364844 0.003125 0.067187
9 0.964844 0.335938 0.001563 0.065625
9 0.863281 0.335938 0.001563 0.065625
9 0.816406 0.335938 0.001563 0.065625
15 0.724219 0.337500 0.017188 0.062500
9 0.716406 0.339062 0.001563 0.059375
9 0.642969 0.335938 0.001563 0.065625
9 0.599219 0.335938 0.001563 0.065625
9 0.553906 0.335938 0.001563 0.065625
9 0.508594 0.335938 0.001563 0.065625
9 0.464844 0.335938 0.001563 0.065625
9 0.363281 0.335938 0.001563 0.065625
9 0.316406 0.335938 0.001563 0.065625
8 0.259375 0.356250 0.006250 0.006250
9 0.175781 0.335938 0.001563 0.065625
9 0.130469 0.335938 0.001563 0.065625
9 0.086719 0.335938 0.001563 0.065625
9 0.041406 0.335938 0.001563 0.065625
0 0.994531 0.373437 0.010937 0.018750
0 0.954688 0.373437 0.021875 0.018750
0 0.854688 0.373437 0.021875 0.018750
0 0.807813 0.373437 0.021875 0.018750
0 0.706250 0.373437 0.021875 0.018750
0 0.634375 0.373437 0.021875 0.018750
0 0.589063 0.373437 0.021875 0.018750
0 0.543750 0.373437 0.021875 0.018750
0 0.500000 0.373437 0.021875 0.018750
0 0.454688 0.373437 0.021875 0.018750
0 0.354687 0.373437 0.021875 0.018750
0 0.307812 0.373437 0.021875 0.018750
0 0.165625 0.373437 0.021875 0.018750
0 0.121875 0.373437 0.021875 0.018750
0 0.076563 0.373437 0.021875 0.018750
0 0.031250 0.373437 0.021875 0.018750
