7 0.262500 0.366406 0.043750 0.114062
10 0.807031 0.325781 0.076563 0.020313
10 0.439844 0.325781 0.039062 0.020313
9 0.685937 0.364844 0.003125 0.067187
9 0.975781 0.342969 0.001563 0.051562
12 0.910937 0.367188 0.015625 0.028125
9 0.882031 0.342969 0.001563 0.051562
9 0.844531 0.342187 0.001563 0.053125
9 0.807031 0.342187 0.001563 0.053125
9 0.769531 0.342187 0.001563 0.053125
12 0.619531 0.364844 0.017188 0.048438
9 0.589844 0.342969 0.001563 0.051562
12 0.523438 0.367188 0.015625 0.028125
9 0.494531 0.342969 0.001563 0.051562
9 0.457031 0.342187 0.001563 0.053125
9 0.421094 0.342187 0.001563 0.053125
9 0.341406 0.342969 0.001563 0.051562
0 0.967187 0.373437 0.021875 0.018750
0 0.871875 0.373437 0.021875 0.018750
0 0.834375 0.373437 0.021875 0.018750
0 0.798438 0.373437 0.021875 0.018750
0 0.760938 0.373437 0.021875 0.018750
0 0.579688 0.373437 0.021875 0.018750
0 0.485938 0.373437 0.021875 0.018750
0 0.448437 0.373437 0.021875 0.018750
0 0.410938 0.373437 0.021875 0.018750
0 0.332813 0.373437 0.021875 0.018750
