10 0.878125 0.625781 0.118750 0.032813
10 0.676562 0.617969 0.118750 0.032813
10 0.501563 0.610156 0.118750 0.032813
10 0.300000 0.606250 0.118750 0.025000
10 0.125000 0.598437 0.118750 0.025000
9 0.792188 0.553906 0.003125 0.067187
9 0.417187 0.553906 0.003125 0.067187
9 0.040625 0.553906 0.003125 0.067187
9 0.994531 0.581250 0.001563 0.081250
9 0.936719 0.617969 0.001563 0.042188
9 0.877344 0.578125 0.001563 0.093750
9 0.819531 0.577344 0.001563 0.073438
9 0.733594 0.610156 0.001563 0.042188
9 0.675781 0.574219 0.001563 0.085938
9 0.617969 0.573438 0.001563 0.065625
9 0.560156 0.600781 0.001563 0.042188
9 0.500781 0.570312 0.001563 0.078125
9 0.442969 0.569531 0.001563 0.057813
9 0.357031 0.592969 0.001563 0.042188
9 0.299219 0.567969 0.001563 0.073438
9 0.241406 0.569531 0.001563 0.057813
9 0.183594 0.585156 0.001563 0.042188
9 0.124219 0.564063 0.001563 0.065625
9 0.066406 0.565625 0.001563 0.050000
0 0.946875 0.593750 0.021875 0.018750
0 0.887500 0.529687 0.021875 0.018750
0 0.829688 0.537500 0.021875 0.018750
0 0.743750 0.585938 0.021875 0.018750
0 0.685937 0.529687 0.021875 0.018750
0 0.628125 0.537500 0.021875 0.018750
0 0.570312 0.578125 0.021875 0.018750
0 0.510938 0.529687 0.021875 0.018750
0 0.453125 0.537500 0.021875 0.018750
0 0.367188 0.570312 0.021875 0.018750
0 0.309375 0.529687 0.021875 0.018750
0 0.251563 0.537500 0.021875 0.018750
0 0.193750 0.560937 0.021875 0.018750
0 0.134375 0.529687 0.021875 0.018750
0 0.076563 0.537500 0.021875 0.018750
