10 0.891406 0.325781 0.045312 0.020313
10 0.427344 0.325781 0.045312 0.020313
10 0.276562 0.325781 0.087500 0.020313
14 0.706250 0.364844 0.003125 0.067187
14 0.187500 0.364844 0.003125 0.067187
11 0.943750 0.367188 0.015625 0.028125
9 0.913281 0.342187 0.001563 0.053125
9 0.869531 0.342187 0.001563 0.053125
9 0.827344 0.342969 0.001563 0.051562
11 0.739062 0.367188 0.015625 0.028125
8 0.759375 0.356250 0.006250 0.006250
9 0.638281 0.342969 0.001563 0.051562
9 0.552344 0.342969 0.001563 0.051562
11 0.479687 0.367188 0.015625 0.028125
9 0.449219 0.342187 0.001563 0.053125
9 0.405469 0.342187 0.001563 0.053125
9 0.319531 0.342187 0.001563 0.053125
9 0.277344 0.342187 0.001563 0.053125
9 0.233594 0.342187 0.001563 0.053125
9 0.121094 0.342969 0.001563 0.051562
9 0.035156 0.342969 0.001563 0.051562
0 0.903125 0.373437 0.021875 0.018750
0 0.860938 0.373437 0.021875 0.018750
0 0.817187 0.373437 0.021875 0.018750
0 0.629687 0.373437 0.021875 0.018750
0 0.543750 0.373437 0.021875 0.018750
0 0.440625 0.373437 0.021875 0.018750
0 0.396875 0.373437 0.021875 0.018750
0 0.310937 0.373437 0.021875 0.018750
0 0.268750 0.373437 0.021875 0.018750
0 0.225000 0.373437 0.021875 0.018750
0 0.110937 0.373437 0.021875 0.018750
0 0.025000 0.373437 0.021875 0.018750
