10 0.975000 0.319531 0.050000 0.032813
10 0.827344 0.319531 0.051562 0.032813
10 0.502344 0.319531 0.051562 0.032813
10 0.253906 0.319531 0.051562 0.032813
10 0.007812 0.319531 0.015625 0.032813
9 0.693750 0.364844 0.003125 0.067187
9 0.182812 0.364844 0.003125 0.067187
9 0.950781 0.335938 0.001563 0.065625
12 0.892969 0.366406 0.023438 0.060937
9 0.852344 0.335938 0.001563 0.065625
9 0.802344 0.335938 0.001563 0.065625
12 0.612500 0.367188 0.015625 0.028125
12 0.567969 0.366406 0.023438 0.060937
9 0.525781 0.335938 0.001563 0.065625
9 0.477344 0.335938 0.001563 0.065625
12 0.417969 0.366406 0.023438 0.060937
15 0.385156 0.337500 0.017188 0.062500
9 0.377344 0.339062 0.001563 0.059375
12 0.319531 0.366406 0.023438 0.060937
9 0.278906 0.335938 0.001563 0.065625
9 0.228906 0.335938 0.001563 0.065625
12 0.101562 0.367188 0.015625 0.028125
12 0.055469 0.366406 0.023438 0.060937
9 0.014844 0.335938 0.001563 0.065625
0 0.990625 0.373437 0.018750 0.018750
0 0.942187 0.373437 0.021875 0.018750
0 0.843750 0.373437 0.021875 0.018750
0 0.793750 0.373437 0.021875 0.018750
0 0.517188 0.373437 0.021875 0.018750
0 0.467187 0.373437 0.021875 0.018750
0 0.368750 0.373437 0.021875 0.018750
0 0.268750 0.373437 0.021875 0.018750
0 0.218750 0.373437 0.021875 0.018750
0 0.007812 0.373437 0.015625 0.018750
