10 0.307812 0.325781 0.171875 0.020313
9 0.860938 0.364844 0.003125 0.067187
9 0.579688 0.364844 0.003125 0.067187
9 0.176563 0.364844 0.003125 0.067187
12 0.820312 0.367188 0.015625 0.028125
12 0.771875 0.367188 0.015625 0.028125
9 0.742969 0.342969 0.001563 0.051562
12 0.613281 0.364844 0.017188 0.048438
8 0.634375 0.356250 0.006250 0.006250
12 0.537500 0.367188 0.015625 0.028125
12 0.489063 0.367188 0.015625 0.028125
9 0.425781 0.342969 0.001563 0.051562
9 0.391406 0.342187 0.001563 0.053125
9 0.358594 0.342187 0.001563 0.053125
9 0.324219 0.342187 0.001563 0.053125
9 0.289844 0.342187 0.001563 0.053125
9 0.257031 0.342187 0.001563 0.053125
9 0.222656 0.342187 0.001563 0.053125
12 0.134375 0.367188 0.015625 0.028125
12 0.085938 0.367188 0.015625 0.028125
9 0.022656 0.342969 0.001563 0.051562
0 0.732812 0.373437 0.021875 0.018750
0 0.417187 0.373437 0.021875 0.018750
0 0.382812 0.373437 0.021875 0.018750
0 0.348438 0.373437 0.021875 0.018750
0 0.315625 0.373437 0.021875 0.018750
0 0.281250 0.373437 0.021875 0.018750
0 0.246875 0.373437 0.021875 0.018750
0 0.212500 0.373437 0.021875 0.018750
0 0.014063 0.373437 0.021875 0.018750
