7 0.262500 0.366406 0.043750 0.114062
10 0.992969 0.325781 0.014063 0.020313
10 0.927344 0.325781 0.042188 0.020313
10 0.678125 0.325781 0.081250 0.020313
10 0.497656 0.325781 0.042188 0.020313
10 0.417969 0.325781 0.042188 0.020313
9 0.778125 0.364844 0.003125 0.067187
9 0.986719 0.342187 0.001563 0.053125
9 0.946094 0.342187 0.001563 0.053125
9 0.907031 0.342187 0.001563 0.053125
9 0.824219 0.342969 0.001563 0.051562
9 0.717969 0.342187 0.001563 0.053125
9 0.678906 0.342187 0.001563 0.053125
9 0.638281 0.342187 0.001563 0.053125
9 0.596094 0.342969 0.001563 0.051562
9 0.516406 0.342187 0.001563 0.053125
9 0.477344 0.342187 0.001563 0.053125
9 0.438281 0.342187 0.001563 0.053125
9 0.397656 0.342187 0.001563 0.053125
12 0.329688 0.367188 0.015625 0.028125
0 0.976562 0.373437 0.021875 0.018750
0 0.937500 0.373437 0.021875 0.018750
0 0.896875 0.373437 0.021875 0.018750
0 0.815625 0.373437 0.021875 0.018750
0 0.709375 0.373437 0.021875 0.018750
0 0.668750 0.373437 0.021875 0.018750
0 0.629687 0.373437 0.021875 0.018750
0 0.587500 0.373437 0.021875 0.018750
0 0.507812 0.373437 0.021875 0.018750
0 0.468750 0.373437 0.021875 0.018750
0 0.428125 0.373437 0.021875 0.018750
0 0.389062 0.373437 0.021875 0.018750
