10 0.736719 0.319531 0.195312 0.032813
10 0.200781 0.319531 0.195312 0.032813
9 0.860938 0.364844 0.003125 0.067187
9 0.326562 0.364844 0.003125 0.067187
9 0.832031 0.335938 0.001563 0.065625
9 0.783594 0.335938 0.001563 0.065625
9 0.735156 0.335938 0.001563 0.065625
9 0.686719 0.335938 0.001563 0.065625
9 0.639844 0.335938 0.001563 0.065625
8 0.576562 0.356250 0.006250 0.006250
15 0.524219 0.337500 0.017188 0.062500
9 0.516406 0.339062 0.001563 0.059375
12 0.460156 0.366406 0.023438 0.060937
15 0.428906 0.337500 0.017188 0.062500
9 0.421094 0.339062 0.001563 0.059375
12 0.363281 0.366406 0.023438 0.060937
9 0.296094 0.335938 0.001563 0.065625
9 0.249219 0.335938 0.001563 0.065625
9 0.200781 0.335938 0.001563 0.065625
9 0.152344 0.335938 0.001563 0.065625
9 0.103906 0.335938 0.001563 0.065625
8 0.042188 0.356250 0.006250 0.006250
0 0.823438 0.373437 0.021875 0.018750
0 0.775000 0.373437 0.021875 0.018750
0 0.726562 0.373437 0.021875 0.018750
0 0.678125 0.373437 0.021875 0.018750
0 0.629687 0.373437 0.021875 0.018750
0 0.507812 0.373437 0.021875 0.018750
0 0.410938 0.373437 0.021875 0.018750
0 0.287500 0.373437 0.021875 0.018750
0 0.239063 0.373437 0.021875 0.018750
0 0.190625 0.373437 0.021875 0.018750
0 0.142187 0.373437 0.021875 0.018750
0 0.093750 0.373437 0.021875 0.018750
