10 0.696094 0.325781 0.039062 0.020313
10 0.585156 0.325781 0.114062 0.020313
10 0.317969 0.325781 0.039062 0.020313
10 0.224219 0.325781 0.076563 0.020313
9 0.860938 0.364844 0.003125 0.067187
9 0.482812 0.364844 0.003125 0.067187
9 0.103125 0.364844 0.003125 0.067187
12 0.794531 0.364844 0.017188 0.048438
12 0.740625 0.367188 0.015625 0.028125
9 0.714844 0.342187 0.001563 0.053125
9 0.677344 0.342187 0.001563 0.053125
9 0.641406 0.342187 0.001563 0.053125
9 0.603906 0.342187 0.001563 0.053125
9 0.566406 0.342187 0.001563 0.053125
9 0.528906 0.342187 0.001563 0.053125
12 0.414844 0.364844 0.017188 0.048438
12 0.360938 0.367188 0.015625 0.028125
9 0.336719 0.342187 0.001563 0.053125
9 0.299219 0.342187 0.001563 0.053125
9 0.261719 0.342187 0.001563 0.053125
9 0.224219 0.342187 0.001563 0.053125
9 0.186719 0.342187 0.001563 0.053125
12 0.035156 0.364844 0.017188 0.048438
0 0.706250 0.373437 0.021875 0.018750
0 0.668750 0.373437 0.021875 0.018750
0 0.631250 0.373437 0.021875 0.018750
0 0.593750 0.373437 0.021875 0.018750
0 0.556250 0.373437 0.021875 0.018750
0 0.518750 0.373437 0.021875 0.018750
0 0.326562 0.373437 0.021875 0.018750
0 0.289062 0.373437 0.021875 0.018750
0 0.251563 0.373437 0.021875 0.018750
0 0.215625 0.373437 0.021875 0.018750
0 0.178125 0.373437 0.021875 0.018750
