7 0.262500 0.366406 0.043750 0.114062
9 0.795312 0.364844 0.003125 0.067187
15 0.900781 0.337500 0.017188 0.062500
9 0.892969 0.339062 0.001563 0.059375
12 0.832031 0.366406 0.023438 0.060937
12 0.752344 0.366406 0.023438 0.060937
15 0.716406 0.337500 0.017188 0.062500
9 0.708594 0.339062 0.001563 0.059375
15 0.599219 0.337500 0.017188 0.062500
9 0.591406 0.339062 0.001563 0.059375
8 0.523438 0.356250 0.006250 0.006250
12 0.385156 0.366406 0.023438 0.060937
15 0.349219 0.337500 0.017188 0.062500
9 0.341406 0.339062 0.001563 0.059375
0 0.884375 0.373437 0.021875 0.018750
0 0.700000 0.373437 0.021875 0.018750
0 0.582812 0.373437 0.021875 0.018750
0 0.332813 0.373437 0.021875 0.018750
