10 0.484375 0.319531 0.153125 0.032813
10 0.031250 0.319531 0.062500 0.032813
9 0.860938 0.364844 0.003125 0.067187
9 0.362500 0.364844 0.003125 0.067187
15 0.839844 0.337500 0.017188 0.062500
9 0.832031 0.339062 0.001563 0.059375
12 0.785156 0.366406 0.023438 0.060937
15 0.761719 0.337500 0.017188 0.062500
9 0.753906 0.339062 0.001563 0.059375
12 0.707031 0.366406 0.023438 0.060937
12 0.667969 0.366406 0.023438 0.060937
15 0.644531 0.337500 0.017188 0.062500
9 0.636719 0.339062 0.001563 0.059375
12 0.589844 0.366406 0.023438 0.060937
9 0.560156 0.335938 0.001563 0.065625
9 0.522656 0.335938 0.001563 0.065625
9 0.485156 0.335938 0.001563 0.065625
9 0.446094 0.335938 0.001563 0.065625
9 0.408594 0.335938 0.001563 0.065625
15 0.339844 0.337500 0.017188 0.062500
9 0.332031 0.339062 0.001563 0.059375
12 0.286719 0.366406 0.023438 0.060937
15 0.261719 0.337500 0.017188 0.062500
9 0.253906 0.339062 0.001563 0.059375
12 0.207031 0.366406 0.023438 0.060937
12 0.169531 0.366406 0.023438 0.060937
15 0.146094 0.337500 0.017188 0.062500
9 0.138281 0.339062 0.001563 0.059375
12 0.091406 0.366406 0.023438 0.060937
9 0.061719 0.335938 0.001563 0.065625
9 0.024219 0.335938 0.001563 0.065625
0 0.821875 0.373437 0.021875 0.018750
0 0.743750 0.373437 0.021875 0.018750
0 0.628125 0.373437 0.021875 0.018750
0 0.551562 0.373437 0.021875 0.018750
0 0.514062 0.373437 0.021875 0.018750
0 0.475000 0.373437 0.021875 0.018750
0 0.437500 0.373437 0.021875 0.018750
0 0.400000 0.373437 0.021875 0.018750
0 0.323437 0.373437 0.021875 0.018750
0 0.245312 0.373437 0.021875 0.018750
0 0.128125 0.373437 0.021875 0.018750
0 0.053125 0.373437 0.021875 0.018750
0 0.014063 0.373437 0.021875 0.018750
