10 0.415625 0.017969 0.831250 0.032813
10 0.495312 0.173437 0.990625 0.043750
9 0.988281 0.190625 0.001563 0.078125
9 0.830469 0.190625 0.001563 0.078125
9 0.671094 0.190625 0.001563 0.078125
9 0.511719 0.190625 0.001563 0.078125
9 0.352344 0.190625 0.001563 0.078125
9 0.192969 0.190625 0.001563 0.078125
9 0.035156 0.190625 0.001563 0.078125
9 0.830469 0.034375 0.001563 0.065625
9 0.511719 0.034375 0.001563 0.065625
9 0.192969 0.034375 0.001563 0.065625
0 0.979688 0.232813 0.021875 0.018750
0 0.820312 0.232813 0.021875 0.018750
0 0.660937 0.232813 0.021875 0.018750
0 0.503125 0.232813 0.021875 0.018750
0 0.343750 0.232813 0.021875 0.018750
0 0.184375 0.232813 0.021875 0.018750
0 0.025000 0.232813 0.021875 0.018750
0 0.820312 0.070312 0.021875 0.018750
0 0.503125 0.070312 0.021875 0.018750
0 0.184375 0.070312 0.021875 0.018750
