7 0.262500 0.366406 0.043750 0.114062
10 0.925781 0.325781 0.042188 0.020313
10 0.724219 0.325781 0.120313 0.020313
10 0.361719 0.325781 0.042188 0.020313
9 0.803125 0.364844 0.003125 0.067187
9 0.944531 0.342187 0.001563 0.053125
9 0.905469 0.342187 0.001563 0.053125
12 0.837500 0.367188 0.015625 0.028125
9 0.782031 0.342187 0.001563 0.053125
9 0.742969 0.342187 0.001563 0.053125
9 0.703906 0.342187 0.001563 0.053125
9 0.664844 0.342187 0.001563 0.053125
9 0.583594 0.342969 0.001563 0.051562
9 0.541406 0.342969 0.001563 0.051562
9 0.460156 0.342969 0.001563 0.051562
9 0.380469 0.342187 0.001563 0.053125
9 0.341406 0.342187 0.001563 0.053125
0 0.935937 0.373437 0.021875 0.018750
0 0.896875 0.373437 0.021875 0.018750
0 0.773438 0.373437 0.021875 0.018750
0 0.734375 0.373437 0.021875 0.018750
0 0.693750 0.373437 0.021875 0.018750
0 0.654687 0.373437 0.021875 0.018750
0 0.573438 0.373437 0.021875 0.018750
0 0.531250 0.373437 0.021875 0.018750
0 0.450000 0.373437 0.021875 0.018750
0 0.371875 0.373437 0.021875 0.018750
0 0.332813 0.373437 0.021875 0.018750
