7 0.262500 0.366406 0.043750 0.114062
10 0.745313 0.325781 0.037500 0.020313
9 0.681250 0.364844 0.003125 0.067187
9 0.988281 0.342969 0.001563 0.051562
12 0.914062 0.367188 0.015625 0.028125
8 0.932813 0.356250 0.006250 0.006250
12 0.864062 0.367188 0.015625 0.028125
9 0.833594 0.342969 0.001563 0.051562
9 0.763281 0.342187 0.001563 0.053125
9 0.727344 0.342187 0.001563 0.053125
12 0.637500 0.367188 0.015625 0.028125
9 0.608594 0.342969 0.001563 0.051562
12 0.534375 0.367188 0.015625 0.028125
8 0.553125 0.356250 0.006250 0.006250
12 0.484375 0.367188 0.015625 0.028125
9 0.453906 0.342969 0.001563 0.051562
9 0.377344 0.342969 0.001563 0.051562
0 0.978125 0.373437 0.021875 0.018750
0 0.825000 0.373437 0.021875 0.018750
0 0.753125 0.373437 0.021875 0.018750
0 0.718750 0.373437 0.021875 0.018750
0 0.598437 0.373437 0.021875 0.018750
0 0.445312 0.373437 0.021875 0.018750
0 0.367188 0.373437 0.021875 0.018750
