10 0.861719 0.319531 0.067187 0.032813
10 0.264844 0.319531 0.067187 0.032813
9 0.701562 0.364844 0.003125 0.067187
9 0.185938 0.364844 0.003125 0.067187
12 0.946875 0.367188 0.015625 0.028125
9 0.894531 0.335938 0.001563 0.065625
9 0.828906 0.335938 0.001563 0.065625
12 0.593750 0.367188 0.015625 0.028125
12 0.479687 0.367188 0.015625 0.028125
15 0.435156 0.337500 0.017188 0.062500
9 0.427344 0.339062 0.001563 0.059375
12 0.353906 0.366406 0.023438 0.060937
9 0.297656 0.335938 0.001563 0.065625
9 0.232031 0.335938 0.001563 0.065625
12 0.078125 0.367188 0.015625 0.028125
0 0.884375 0.373437 0.021875 0.018750
0 0.820312 0.373437 0.021875 0.018750
0 0.417187 0.373437 0.021875 0.018750
0 0.287500 0.373437 0.021875 0.018750
0 0.223438 0.373437 0.021875 0.018750
