9 0.670312 0.364844 0.003125 0.067187
9 0.206250 0.364844 0.003125 0.067187
12 0.986719 0.366406 0.023438 0.060937
15 0.953906 0.337500 0.017188 0.062500
9 0.946094 0.339062 0.001563 0.059375
8 0.884375 0.356250 0.006250 0.006250
15 0.832031 0.337500 0.017188 0.062500
9 0.824219 0.339062 0.001563 0.059375
15 0.724219 0.337500 0.017188 0.062500
9 0.716406 0.339062 0.001563 0.059375
15 0.647656 0.337500 0.017188 0.062500
9 0.639844 0.339062 0.001563 0.059375
12 0.583594 0.366406 0.023438 0.060937
15 0.552344 0.337500 0.017188 0.062500
9 0.544531 0.339062 0.001563 0.059375
12 0.486719 0.366406 0.023438 0.060937
15 0.455469 0.337500 0.017188 0.062500
9 0.447656 0.339062 0.001563 0.059375
8 0.385937 0.356250 0.006250 0.006250
15 0.333594 0.337500 0.017188 0.062500
9 0.325781 0.339062 0.001563 0.059375
8 0.264062 0.356250 0.006250 0.006250
15 0.183594 0.337500 0.017188 0.062500
9 0.175781 0.339062 0.001563 0.059375
12 0.119531 0.366406 0.023438 0.060937
15 0.086719 0.337500 0.017188 0.062500
9 0.078906 0.339062 0.001563 0.059375
12 0.022656 0.366406 0.023438 0.060937
0 0.937500 0.373437 0.021875 0.018750
0 0.815625 0.373437 0.021875 0.018750
0 0.706250 0.373437 0.021875 0.018750
0 0.631250 0.373437 0.021875 0.018750
0 0.534375 0.373437 0.021875 0.018750
0 0.437500 0.373437 0.021875 0.018750
0 0.315625 0.373437 0.021875 0.018750
0 0.165625 0.373437 0.021875 0.018750
0 0.070312 0.373437 0.021875 0.018750
