7 0.262500 0.366406 0.043750 0.114062
9 0.759375 0.364844 0.003125 0.067187
15 0.922656 0.337500 0.017188 0.062500
9 0.914844 0.339062 0.001563 0.059375
15 0.813281 0.337500 0.017188 0.062500
9 0.805469 0.339062 0.001563 0.059375
12 0.661719 0.366406 0.023438 0.060937
15 0.628906 0.337500 0.017188 0.062500
9 0.621094 0.339062 0.001563 0.059375
12 0.564844 0.366406 0.023438 0.060937
15 0.532031 0.337500 0.017188 0.062500
9 0.524219 0.339062 0.001563 0.059375
15 0.424219 0.337500 0.017188 0.062500
9 0.416406 0.339062 0.001563 0.059375
8 0.353125 0.356250 0.006250 0.006250
0 0.904687 0.373437 0.021875 0.018750
0 0.796875 0.373437 0.021875 0.018750
0 0.612500 0.373437 0.021875 0.018750
0 0.515625 0.373437 0.021875 0.018750
0 0.406250 0.373437 0.021875 0.018750
