10 0.536719 0.325781 0.039062 0.020313
9 0.860938 0.364844 0.003125 0.067187
9 0.471875 0.364844 0.003125 0.067187
9 0.076563 0.364844 0.003125 0.067187
12 0.792969 0.364844 0.017188 0.048438
9 0.725781 0.342969 0.001563 0.051562
12 0.659375 0.367188 0.015625 0.028125
9 0.630469 0.342969 0.001563 0.051562
9 0.555469 0.342187 0.001563 0.053125
9 0.517969 0.342187 0.001563 0.053125
12 0.402344 0.364844 0.017188 0.048438
9 0.335156 0.342969 0.001563 0.051562
12 0.270313 0.367188 0.015625 0.028125
9 0.239844 0.342969 0.001563 0.051562
9 0.161719 0.342969 0.001563 0.051562
12 0.008594 0.364844 0.017188 0.048438
0 0.715625 0.373437 0.021875 0.018750
0 0.621875 0.373437 0.021875 0.018750
0 0.545312 0.373437 0.021875 0.018750
0 0.507812 0.373437 0.021875 0.018750
0 0.326562 0.373437 0.021875 0.018750
0 0.231250 0.373437 0.021875 0.018750
0 0.151562 0.373437 0.021875 0.018750
