7 0.262500 0.366406 0.043750 0.114062
10 0.974219 0.319531 0.048438 0.007812
10 0.853906 0.319531 0.048438 0.007812
10 0.669531 0.319531 0.048438 0.007812
10 0.549219 0.319531 0.048438 0.007812
10 0.364844 0.319531 0.048438 0.007812
9 0.904687 0.364844 0.003125 0.067187
9 0.600000 0.364844 0.003125 0.067187
9 0.997656 0.342187 0.001563 0.053125
9 0.950781 0.342187 0.001563 0.053125
9 0.877344 0.342187 0.001563 0.053125
9 0.830469 0.342187 0.001563 0.053125
12 0.771875 0.367188 0.015625 0.028125
15 0.746094 0.342187 0.017188 0.053125
9 0.738281 0.343750 0.001563 0.053125
9 0.692969 0.342187 0.001563 0.053125
9 0.646094 0.342187 0.001563 0.053125
9 0.572656 0.342187 0.001563 0.053125
9 0.525781 0.342187 0.001563 0.053125
15 0.488281 0.342187 0.017188 0.053125
9 0.480469 0.343750 0.001563 0.053125
12 0.421875 0.367188 0.015625 0.028125
9 0.388281 0.342187 0.001563 0.053125
9 0.341406 0.342187 0.001563 0.053125
0 0.987500 0.373437 0.021875 0.018750
0 0.942187 0.373437 0.021875 0.018750
0 0.867188 0.373437 0.021875 0.018750
0 0.821875 0.373437 0.021875 0.018750
0 0.729688 0.373437 0.021875 0.018750
0 0.682813 0.373437 0.021875 0.018750
0 0.637500 0.373437 0.021875 0.018750
0 0.562500 0.373437 0.021875 0.018750
0 0.517188 0.373437 0.021875 0.018750
0 0.470313 0.373437 0.021875 0.018750
0 0.378125 0.373437 0.021875 0.018750
0 0.332813 0.373437 0.021875 0.018750
