9 0.626563 0.364844 0.003125 0.067187
9 0.125000 0.364844 0.003125 0.067187
9 0.882031 0.342969 0.001563 0.051562
9 0.742969 0.342969 0.001563 0.051562
12 0.534375 0.367188 0.015625 0.028125
9 0.477344 0.342969 0.001563 0.051562
9 0.338281 0.342969 0.001563 0.051562
12 0.228125 0.367188 0.015625 0.028125
9 0.171094 0.342969 0.001563 0.051562
12 0.032813 0.367188 0.015625 0.028125
0 0.871875 0.373437 0.021875 0.018750
0 0.732812 0.373437 0.021875 0.018750
0 0.468750 0.373437 0.021875 0.018750
0 0.329688 0.373437 0.021875 0.018750
0 0.162500 0.373437 0.021875 0.018750
