10 0.537500 0.325781 0.043750 0.020313
10 0.021094 0.325781 0.042188 0.020313
14 0.860938 0.364844 0.003125 0.067187
14 0.343750 0.364844 0.003125 0.067187
9 0.830469 0.342969 0.001563 0.051562
11 0.715625 0.367188 0.015625 0.028125
9 0.644531 0.342969 0.001563 0.051562
9 0.558594 0.342187 0.001563 0.053125
9 0.516406 0.342187 0.001563 0.053125
9 0.432031 0.342969 0.001563 0.051562
9 0.313281 0.342969 0.001563 0.051562
11 0.198437 0.367188 0.015625 0.028125
9 0.125781 0.342969 0.001563 0.051562
9 0.041406 0.342187 0.001563 0.053125
0 0.821875 0.373437 0.021875 0.018750
0 0.634375 0.373437 0.021875 0.018750
0 0.550000 0.373437 0.021875 0.018750
0 0.507812 0.373437 0.021875 0.018750
0 0.423438 0.373437 0.021875 0.018750
0 0.303125 0.373437 0.021875 0.018750
0 0.117188 0.373437 0.021875 0.018750
0 0.032813 0.373437 0.021875 0.018750
