15 0.315625 0.569531 0.028125 0.032813
15 0.315625 0.536719 0.028125 0.032813
7 0.262500 0.555469 0.043750 0.114062
15 0.879687 0.553125 0.018750 0.025000
15 0.731250 0.553125 0.018750 0.025000
15 0.582812 0.553125 0.018750 0.025000
15 0.434375 0.553125 0.018750 0.025000
10 0.880469 0.508594 0.101562 0.007812
10 0.732031 0.508594 0.101562 0.007812
10 0.583594 0.508594 0.101562 0.007812
10 0.435156 0.508594 0.101562 0.007812
9 0.960938 0.553906 0.003125 0.067187
15 0.315625 0.569531 0.028125 0.032813
15 0.315625 0.536719 0.028125 0.032813
9 0.930469 0.531250 0.001563 0.053125
9 0.880469 0.531250 0.001563 0.053125
9 0.830469 0.531250 0.001563 0.053125
9 0.782031 0.531250 0.001563 0.053125
9 0.732031 0.531250 0.001563 0.053125
9 0.682031 0.531250 0.001563 0.053125
9 0.633594 0.531250 0.001563 0.053125
9 0.583594 0.531250 0.001563 0.053125
9 0.533594 0.531250 0.001563 0.053125
9 0.485156 0.531250 0.001563 0.053125
9 0.435156 0.531250 0.001563 0.053125
9 0.385156 0.531250 0.001563 0.053125
0 0.992969 0.560937 0.014063 0.018750
0 0.920312 0.560937 0.021875 0.018750
0 0.870313 0.560937 0.021875 0.018750
0 0.821875 0.560937 0.021875 0.018750
0 0.771875 0.560937 0.021875 0.018750
0 0.721875 0.560937 0.021875 0.018750
0 0.673438 0.560937 0.021875 0.018750
0 0.623437 0.560937 0.021875 0.018750
0 0.573438 0.560937 0.021875 0.018750
0 0.525000 0.560937 0.021875 0.018750
0 0.475000 0.560937 0.021875 0.018750
0 0.425000 0.560937 0.021875 0.018750
0 0.376563 0.560937 0.021875 0.018750
