10 0.839063 0.325781 0.040625 0.020313
10 0.321875 0.325781 0.040625 0.020313
9 0.651563 0.364844 0.003125 0.067187
9 0.135937 0.364844 0.003125 0.067187
9 0.936719 0.342969 0.001563 0.051562
9 0.858594 0.342187 0.001563 0.053125
9 0.819531 0.342187 0.001563 0.053125
9 0.738281 0.342969 0.001563 0.051562
9 0.621094 0.342969 0.001563 0.051562
9 0.500781 0.342969 0.001563 0.051562
9 0.419531 0.342969 0.001563 0.051562
9 0.341406 0.342187 0.001563 0.053125
9 0.302344 0.342187 0.001563 0.053125
9 0.182031 0.342969 0.001563 0.051562
9 0.103906 0.342969 0.001563 0.051562
0 0.928125 0.373437 0.021875 0.018750
0 0.848437 0.373437 0.021875 0.018750
0 0.809375 0.373437 0.021875 0.018750
0 0.728125 0.373437 0.021875 0.018750
0 0.612500 0.373437 0.021875 0.018750
0 0.492188 0.373437 0.021875 0.018750
0 0.410938 0.373437 0.021875 0.018750
0 0.331250 0.373437 0.021875 0.018750
0 0.292187 0.373437 0.021875 0.018750
0 0.171875 0.373437 0.021875 0.018750
0 0.095312 0.373437 0.021875 0.018750
