7 0.262500 0.366406 0.043750 0.114062
10 0.685937 0.325781 0.087500 0.020313
10 0.514062 0.325781 0.087500 0.020313
14 0.754687 0.364844 0.003125 0.067187
9 0.991406 0.342187 0.001563 0.053125
11 0.875000 0.367188 0.015625 0.028125
9 0.800781 0.342969 0.001563 0.051562
9 0.730469 0.342187 0.001563 0.053125
9 0.686719 0.342187 0.001563 0.053125
9 0.642969 0.342187 0.001563 0.053125
9 0.557031 0.342187 0.001563 0.053125
9 0.514844 0.342187 0.001563 0.053125
9 0.471094 0.342187 0.001563 0.053125
11 0.330469 0.364844 0.017188 0.048438
0 0.981250 0.373437 0.021875 0.018750
0 0.790625 0.373437 0.021875 0.018750
0 0.720313 0.373437 0.021875 0.018750
0 0.678125 0.373437 0.021875 0.018750
0 0.634375 0.373437 0.021875 0.018750
0 0.548438 0.373437 0.021875 0.018750
0 0.504687 0.373437 0.021875 0.018750
0 0.460938 0.373437 0.021875 0.018750
