10 0.959375 0.319531 0.081250 0.032813
10 0.790625 0.319531 0.087500 0.032813
10 0.453125 0.319531 0.087500 0.032813
10 0.302344 0.319531 0.045312 0.032813
9 0.659375 0.364844 0.003125 0.067187
9 0.148438 0.364844 0.003125 0.067187
9 0.963281 0.335938 0.001563 0.065625
9 0.919531 0.335938 0.001563 0.065625
12 0.867969 0.366406 0.023438 0.060937
9 0.833594 0.335938 0.001563 0.065625
9 0.791406 0.335938 0.001563 0.065625
9 0.747656 0.335938 0.001563 0.065625
12 0.696094 0.366406 0.023438 0.060937
15 0.588281 0.337500 0.017188 0.062500
9 0.580469 0.339062 0.001563 0.059375
12 0.528906 0.366406 0.023438 0.060937
9 0.494531 0.335938 0.001563 0.065625
9 0.452344 0.335938 0.001563 0.065625
9 0.410156 0.335938 0.001563 0.065625
12 0.358594 0.366406 0.023438 0.060937
9 0.324219 0.335938 0.001563 0.065625
9 0.280469 0.335938 0.001563 0.065625
12 0.228906 0.366406 0.023438 0.060937
15 0.202344 0.337500 0.017188 0.062500
9 0.194531 0.339062 0.001563 0.059375
15 0.078906 0.337500 0.017188 0.062500
9 0.071094 0.339062 0.001563 0.059375
12 0.019531 0.366406 0.023438 0.060937
0 0.992969 0.373437 0.014063 0.018750
0 0.953125 0.373437 0.021875 0.018750
0 0.910937 0.373437 0.021875 0.018750
0 0.825000 0.373437 0.021875 0.018750
0 0.781250 0.373437 0.021875 0.018750
0 0.739062 0.373437 0.021875 0.018750
0 0.571875 0.373437 0.021875 0.018750
0 0.485938 0.373437 0.021875 0.018750
0 0.443750 0.373437 0.021875 0.018750
0 0.400000 0.373437 0.021875 0.018750
0 0.314063 0.373437 0.021875 0.018750
0 0.271875 0.373437 0.021875 0.018750
0 0.185938 0.373437 0.021875 0.018750
0 0.060937 0.373437 0.021875 0.018750
