9 0.860938 0.364844 0.003125 0.067187
9 0.328125 0.364844 0.003125 0.067187
15 0.839844 0.337500 0.017188 0.062500
9 0.832031 0.339062 0.001563 0.059375
12 0.778906 0.366406 0.023438 0.060937
15 0.750781 0.337500 0.017188 0.062500
9 0.742969 0.339062 0.001563 0.059375
12 0.689844 0.366406 0.023438 0.060937
12 0.644531 0.366406 0.023438 0.060937
15 0.616406 0.337500 0.017188 0.062500
9 0.608594 0.339062 0.001563 0.059375
15 0.516406 0.337500 0.017188 0.062500
9 0.508594 0.339062 0.001563 0.059375
12 0.455469 0.366406 0.023438 0.060937
15 0.427344 0.337500 0.017188 0.062500
9 0.419531 0.339062 0.001563 0.059375
12 0.366406 0.366406 0.023438 0.060937
15 0.307031 0.337500 0.017188 0.062500
9 0.299219 0.339062 0.001563 0.059375
12 0.246094 0.366406 0.023438 0.060937
15 0.217969 0.337500 0.017188 0.062500
9 0.210156 0.339062 0.001563 0.059375
12 0.157031 0.366406 0.023438 0.060937
12 0.111719 0.366406 0.023438 0.060937
15 0.083594 0.337500 0.017188 0.062500
9 0.075781 0.339062 0.001563 0.059375
0 0.821875 0.373437 0.021875 0.018750
0 0.732812 0.373437 0.021875 0.018750
0 0.600000 0.373437 0.021875 0.018750
0 0.500000 0.373437 0.021875 0.018750
0 0.410938 0.373437 0.021875 0.018750
0 0.289062 0.373437 0.021875 0.018750
0 0.200000 0.373437 0.021875 0.018750
0 0.067187 0.373437 0.021875 0.018750
