10 0.779687 0.319531 0.128125 0.032813
10 0.625000 0.319531 0.043750 0.032813
10 0.300781 0.319531 0.085938 0.032813
10 0.126562 0.319531 0.043750 0.032813
9 0.670312 0.364844 0.003125 0.067187
9 0.170313 0.364844 0.003125 0.067187
15 0.933594 0.337500 0.017188 0.062500
9 0.925781 0.339062 0.001563 0.059375
12 0.875781 0.366406 0.023438 0.060937
9 0.841406 0.335938 0.001563 0.065625
9 0.799219 0.335938 0.001563 0.065625
9 0.758594 0.335938 0.001563 0.065625
9 0.716406 0.335938 0.001563 0.065625
9 0.646094 0.335938 0.001563 0.065625
9 0.603906 0.335938 0.001563 0.065625
12 0.553906 0.366406 0.023438 0.060937
15 0.528906 0.337500 0.017188 0.062500
9 0.521094 0.339062 0.001563 0.059375
15 0.433594 0.337500 0.017188 0.062500
9 0.425781 0.339062 0.001563 0.059375
12 0.375781 0.366406 0.023438 0.060937
9 0.341406 0.335938 0.001563 0.065625
9 0.300781 0.335938 0.001563 0.065625
9 0.258594 0.335938 0.001563 0.065625
12 0.207031 0.366406 0.023438 0.060937
9 0.146094 0.335938 0.001563 0.065625
9 0.105469 0.335938 0.001563 0.065625
12 0.053906 0.366406 0.023438 0.060937
15 0.028906 0.337500 0.017188 0.062500
9 0.021094 0.339062 0.001563 0.059375
0 0.917188 0.373437 0.021875 0.018750
0 0.832812 0.373437 0.021875 0.018750
0 0.790625 0.373437 0.021875 0.018750
0 0.748437 0.373437 0.021875 0.018750
0 0.706250 0.373437 0.021875 0.018750
0 0.637500 0.373437 0.021875 0.018750
0 0.595313 0.373437 0.021875 0.018750
0 0.510938 0.373437 0.021875 0.018750
0 0.417187 0.373437 0.021875 0.018750
0 0.332813 0.373437 0.021875 0.018750
0 0.290625 0.373437 0.021875 0.018750
0 0.248438 0.373437 0.021875 0.018750
0 0.137500 0.373437 0.021875 0.018750
0 0.095312 0.373437 0.021875 0.018750
0 0.010937 0.373437 0.021875 0.018750
