10 0.956250 0.325781 0.043750 0.020313
10 0.812500 0.325781 0.043750 0.020313
10 0.600000 0.325781 0.043750 0.020313
10 0.473438 0.325781 0.043750 0.020313
10 0.245312 0.325781 0.043750 0.020313
10 0.092188 0.325781 0.043750 0.020313
9 0.685937 0.364844 0.003125 0.067187
9 0.178125 0.364844 0.003125 0.067187
9 0.977344 0.342187 0.001563 0.053125
9 0.935156 0.342187 0.001563 0.053125
12 0.864062 0.367188 0.015625 0.028125
9 0.833594 0.342187 0.001563 0.053125
9 0.791406 0.342187 0.001563 0.053125
12 0.720313 0.367188 0.015625 0.028125
9 0.621094 0.342187 0.001563 0.053125
9 0.578906 0.342187 0.001563 0.053125
9 0.494531 0.342187 0.001563 0.053125
9 0.452344 0.342187 0.001563 0.053125
12 0.379688 0.367188 0.015625 0.028125
9 0.350781 0.342969 0.001563 0.051562
9 0.266406 0.342187 0.001563 0.053125
9 0.224219 0.342187 0.001563 0.053125
9 0.113281 0.342187 0.001563 0.053125
9 0.071094 0.342187 0.001563 0.053125
0 0.968750 0.373437 0.021875 0.018750
0 0.926562 0.373437 0.021875 0.018750
0 0.825000 0.373437 0.021875 0.018750
0 0.782813 0.373437 0.021875 0.018750
0 0.610938 0.373437 0.021875 0.018750
0 0.568750 0.373437 0.021875 0.018750
0 0.484375 0.373437 0.021875 0.018750
0 0.442188 0.373437 0.021875 0.018750
0 0.340625 0.373437 0.021875 0.018750
0 0.257812 0.373437 0.021875 0.018750
0 0.215625 0.373437 0.021875 0.018750
0 0.103125 0.373437 0.021875 0.018750
0 0.060937 0.373437 0.021875 0.018750
