10 0.582031 0.319531 0.048438 0.032813
10 0.163281 0.319531 0.048438 0.032813
9 0.681250 0.364844 0.003125 0.067187
9 0.262500 0.364844 0.003125 0.067187
12 0.989844 0.366406 0.020313 0.060937
15 0.960156 0.337500 0.017188 0.062500
9 0.952344 0.339062 0.001563 0.059375
8 0.892188 0.356250 0.006250 0.006250
12 0.766406 0.366406 0.023438 0.060937
15 0.735156 0.337500 0.017188 0.062500
9 0.727344 0.339062 0.001563 0.059375
12 0.644531 0.366406 0.023438 0.060937
9 0.605469 0.335938 0.001563 0.065625
9 0.558594 0.335938 0.001563 0.065625
12 0.502344 0.366406 0.023438 0.060937
15 0.472656 0.337500 0.017188 0.062500
9 0.464844 0.339062 0.001563 0.059375
8 0.404687 0.356250 0.006250 0.006250
12 0.296875 0.367188 0.015625 0.028125
12 0.225781 0.366406 0.023438 0.060937
9 0.186719 0.335938 0.001563 0.065625
9 0.139844 0.335938 0.001563 0.065625
12 0.085156 0.366406 0.023438 0.060937
12 0.038281 0.366406 0.023438 0.060937
0 0.943750 0.373437 0.021875 0.018750
0 0.718750 0.373437 0.021875 0.018750
0 0.596875 0.373437 0.021875 0.018750
0 0.550000 0.373437 0.021875 0.018750
0 0.454688 0.373437 0.021875 0.018750
0 0.178125 0.373437 0.021875 0.018750
0 0.131250 0.373437 0.021875 0.018750
