10 0.898438 0.319531 0.050000 0.032813
10 0.626563 0.319531 0.050000 0.032813
10 0.325000 0.319531 0.146875 0.032813
10 0.092188 0.319531 0.050000 0.032813
9 0.742188 0.364844 0.003125 0.067187
9 0.206250 0.364844 0.003125 0.067187
9 0.922656 0.335938 0.001563 0.065625
9 0.874219 0.335938 0.001563 0.065625
12 0.775000 0.367188 0.015625 0.028125
9 0.650781 0.335938 0.001563 0.065625
9 0.602344 0.335938 0.001563 0.065625
15 0.502344 0.337500 0.017188 0.062500
9 0.494531 0.339062 0.001563 0.059375
12 0.436719 0.366406 0.023438 0.060937
9 0.397656 0.335938 0.001563 0.065625
9 0.349219 0.335938 0.001563 0.065625
9 0.300781 0.335938 0.001563 0.065625
9 0.252344 0.335938 0.001563 0.065625
9 0.116406 0.335938 0.001563 0.065625
9 0.067969 0.335938 0.001563 0.065625
0 0.912500 0.373437 0.021875 0.018750
0 0.864062 0.373437 0.021875 0.018750
0 0.642188 0.373437 0.021875 0.018750
0 0.593750 0.373437 0.021875 0.018750
0 0.484375 0.373437 0.021875 0.018750
0 0.387500 0.373437 0.021875 0.018750
0 0.339062 0.373437 0.021875 0.018750
0 0.290625 0.373437 0.021875 0.018750
0 0.242188 0.373437 0.021875 0.018750
0 0.106250 0.373437 0.021875 0.018750
0 0.057813 0.373437 0.021875 0.018750
