10 0.589063 0.319531 0.050000 0.032813
10 0.090625 0.319531 0.050000 0.032813
9 0.860938 0.364844 0.003125 0.067187
9 0.362500 0.364844 0.003125 0.067187
15 0.778906 0.337500 0.017188 0.062500
9 0.771094 0.339062 0.001563 0.059375
12 0.714844 0.366406 0.023438 0.060937
9 0.613281 0.335938 0.001563 0.065625
9 0.564844 0.335938 0.001563 0.065625
12 0.508594 0.366406 0.023438 0.060937
15 0.475781 0.337500 0.017188 0.062500
9 0.467969 0.339062 0.001563 0.059375
15 0.278906 0.337500 0.017188 0.062500
9 0.271094 0.339062 0.001563 0.059375
12 0.214844 0.366406 0.023438 0.060937
9 0.114844 0.335938 0.001563 0.065625
9 0.066406 0.335938 0.001563 0.065625
0 0.762500 0.373437 0.021875 0.018750
0 0.604688 0.373437 0.021875 0.018750
0 0.556250 0.373437 0.021875 0.018750
0 0.459375 0.373437 0.021875 0.018750
0 0.262500 0.373437 0.021875 0.018750
0 0.104688 0.373437 0.021875 0.018750
0 0.056250 0.373437 0.021875 0.018750
