10 0.871094 0.319531 0.126562 0.032813
10 0.537500 0.319531 0.043750 0.032813
10 0.372656 0.319531 0.126562 0.032813
10 0.067187 0.319531 0.043750 0.032813
9 0.670312 0.364844 0.003125 0.067187
9 0.200000 0.364844 0.003125 0.067187
12 0.966406 0.366406 0.023438 0.060937
9 0.933594 0.335938 0.001563 0.065625
9 0.891406 0.335938 0.001563 0.065625
9 0.850781 0.335938 0.001563 0.065625
9 0.808594 0.335938 0.001563 0.065625
15 0.724219 0.337500 0.017188 0.062500
9 0.716406 0.339062 0.001563 0.059375
15 0.647656 0.337500 0.017188 0.062500
9 0.639844 0.339062 0.001563 0.059375
12 0.589844 0.366406 0.023438 0.060937
9 0.557031 0.335938 0.001563 0.065625
9 0.516406 0.335938 0.001563 0.065625
12 0.466406 0.366406 0.023438 0.060937
9 0.433594 0.335938 0.001563 0.065625
9 0.392969 0.335938 0.001563 0.065625
9 0.350781 0.335938 0.001563 0.065625
9 0.310156 0.335938 0.001563 0.065625
8 0.257812 0.356250 0.006250 0.006250
15 0.178906 0.337500 0.017188 0.062500
9 0.171094 0.339062 0.001563 0.059375
12 0.121094 0.366406 0.023438 0.060937
9 0.088281 0.335938 0.001563 0.065625
9 0.046094 0.335938 0.001563 0.065625
12 0.004687 0.366406 0.009375 0.060937
0 0.923438 0.373437 0.021875 0.018750
0 0.882812 0.373437 0.021875 0.018750
0 0.840625 0.373437 0.021875 0.018750
0 0.800000 0.373437 0.021875 0.018750
0 0.706250 0.373437 0.021875 0.018750
0 0.631250 0.373437 0.021875 0.018750
0 0.548438 0.373437 0.021875 0.018750
0 0.507812 0.373437 0.021875 0.018750
0 0.425000 0.373437 0.021875 0.018750
0 0.382812 0.373437 0.021875 0.018750
0 0.342187 0.373437 0.021875 0.018750
0 0.300000 0.373437 0.021875 0.018750
0 0.160938 0.373437 0.021875 0.018750
0 0.078125 0.373437 0.021875 0.018750
0 0.037500 0.373437 0.021875 0.018750
