9 0.860938 0.364844 0.003125 0.067187
9 0.337500 0.364844 0.003125 0.067187
15 0.774219 0.337500 0.017188 0.062500
9 0.766406 0.339062 0.001563 0.059375
12 0.705469 0.366406 0.023438 0.060937
15 0.671094 0.337500 0.017188 0.062500
9 0.663281 0.339062 0.001563 0.059375
15 0.557031 0.337500 0.017188 0.062500
9 0.549219 0.339062 0.001563 0.059375
12 0.425781 0.366406 0.023438 0.060937
15 0.391406 0.337500 0.017188 0.062500
9 0.383594 0.339062 0.001563 0.059375
15 0.249219 0.337500 0.017188 0.062500
9 0.241406 0.339062 0.001563 0.059375
12 0.182031 0.366406 0.023438 0.060937
15 0.147656 0.337500 0.017188 0.062500
9 0.139844 0.339062 0.001563 0.059375
15 0.032031 0.337500 0.017188 0.062500
9 0.024219 0.339062 0.001563 0.059375
0 0.756250 0.373437 0.021875 0.018750
0 0.654687 0.373437 0.021875 0.018750
0 0.539062 0.373437 0.021875 0.018750
0 0.373437 0.373437 0.021875 0.018750
0 0.231250 0.373437 0.021875 0.018750
0 0.129688 0.373437 0.021875 0.018750
0 0.015625 0.373437 0.021875 0.018750
