10 0.650781 0.319531 0.417187 0.007812
10 0.653125 0.488281 0.421875 0.020313
10 0.117969 0.488281 0.235937 0.020313
10 0.653125 0.642969 0.421875 0.032813
10 0.169531 0.642969 0.339062 0.032813
10 0.653125 0.798438 0.421875 0.043750
10 0.196094 0.798438 0.392188 0.043750
10 0.653125 0.953125 0.421875 0.056250
10 0.208594 0.953125 0.417187 0.056250
9 0.857031 0.962500 0.001563 0.075000
9 0.832031 0.962500 0.001563 0.075000
9 0.805469 0.962500 0.001563 0.075000
9 0.780469 0.962500 0.001563 0.075000
9 0.753906 0.962500 0.001563 0.075000
9 0.727344 0.962500 0.001563 0.075000
9 0.702344 0.962500 0.001563 0.075000
9 0.675781 0.962500 0.001563 0.075000
9 0.649219 0.962500 0.001563 0.075000
9 0.624219 0.962500 0.001563 0.075000
9 0.597656 0.962500 0.001563 0.075000
9 0.572656 0.962500 0.001563 0.075000
9 0.546094 0.962500 0.001563 0.075000
9 0.519531 0.962500 0.001563 0.075000
9 0.494531 0.962500 0.001563 0.075000
9 0.467969 0.962500 0.001563 0.075000
9 0.442969 0.962500 0.001563 0.075000
9 0.416406 0.962500 0.001563 0.075000
9 0.389844 0.962500 0.001563 0.075000
9 0.364844 0.962500 0.001563 0.075000
9 0.338281 0.962500 0.001563 0.075000
9 0.311719 0.962500 0.001563 0.075000
9 0.286719 0.962500 0.001563 0.075000
9 0.260156 0.962500 0.001563 0.075000
9 0.235156 0.962500 0.001563 0.075000
9 0.208594 0.962500 0.001563 0.075000
9 0.182031 0.962500 0.001563 0.075000
9 0.157031 0.962500 0.001563 0.075000
9 0.130469 0.962500 0.001563 0.075000
9 0.105469 0.962500 0.001563 0.075000
9 0.078906 0.962500 0.001563 0.075000
9 0.052344 0.962500 0.001563 0.075000
9 0.027344 0.962500 0.001563 0.075000
9 0.000781 0.962500 0.001563 0.075000
9 0.857031 0.815625 0.001563 0.078125
9 0.805469 0.815625 0.001563 0.078125
9 0.753906 0.815625 0.001563 0.078125
9 0.702344 0.815625 0.001563 0.078125
9 0.649219 0.815625 0.001563 0.078125
9 0.597656 0.815625 0.001563 0.078125
9 0.546094 0.815625 0.001563 0.078125
9 0.494531 0.815625 0.001563 0.078125
9 0.442969 0.815625 0.001563 0.078125
9 0.389844 0.815625 0.001563 0.078125
9 0.338281 0.815625 0.001563 0.078125
9 0.286719 0.815625 0.001563 0.078125
9 0.235156 0.815625 0.001563 0.078125
9 0.182031 0.815625 0.001563 0.078125
9 0.130469 0.815625 0.001563 0.078125
9 0.078906 0.815625 0.001563 0.078125
9 0.027344 0.815625 0.001563 0.078125
9 0.857031 0.659375 0.001563 0.065625
9 0.753906 0.659375 0.001563 0.065625
9 0.649219 0.659375 0.001563 0.065625
9 0.546094 0.659375 0.001563 0.065625
9 0.442969 0.659375 0.001563 0.065625
9 0.338281 0.659375 0.001563 0.065625
9 0.235156 0.659375 0.001563 0.065625
9 0.130469 0.659375 0.001563 0.065625
9 0.027344 0.659375 0.001563 0.065625
9 0.857031 0.504687 0.001563 0.053125
9 0.649219 0.504687 0.001563 0.053125
9 0.442969 0.504687 0.001563 0.053125
9 0.235156 0.504687 0.001563 0.053125
9 0.027344 0.504687 0.001563 0.053125
9 0.857031 0.342187 0.001563 0.053125
9 0.442969 0.342187 0.001563 0.053125
9 0.027344 0.342187 0.001563 0.053125
0 0.848437 0.857812 0.021875 0.018750
0 0.796875 0.857812 0.021875 0.018750
0 0.743750 0.857812 0.021875 0.018750
0 0.692187 0.857812 0.021875 0.018750
0 0.640625 0.857812 0.021875 0.018750
0 0.589063 0.857812 0.021875 0.018750
0 0.537500 0.857812 0.021875 0.018750
0 0.484375 0.857812 0.021875 0.018750
0 0.432812 0.857812 0.021875 0.018750
0 0.381250 0.857812 0.021875 0.018750
0 0.329688 0.857812 0.021875 0.018750
0 0.276562 0.857812 0.021875 0.018750
0 0.225000 0.857812 0.021875 0.018750
0 0.173437 0.857812 0.021875 0.018750
0 0.121875 0.857812 0.021875 0.018750
0 0.068750 0.857812 0.021875 0.018750
0 0.017188 0.857812 0.021875 0.018750
0 0.848437 0.695312 0.021875 0.018750
0 0.743750 0.695312 0.021875 0.018750
0 0.640625 0.695312 0.021875 0.018750
0 0.537500 0.695312 0.021875 0.018750
0 0.432812 0.695312 0.021875 0.018750
0 0.329688 0.695312 0.021875 0.018750
0 0.225000 0.695312 0.021875 0.018750
0 0.121875 0.695312 0.021875 0.018750
0 0.017188 0.695312 0.021875 0.018750
0 0.848437 0.534375 0.021875 0.018750
0 0.640625 0.534375 0.021875 0.018750
0 0.432812 0.534375 0.021875 0.018750
0 0.225000 0.534375 0.021875 0.018750
0 0.017188 0.534375 0.021875 0.018750
0 0.848437 0.373437 0.021875 0.018750
0 0.432812 0.373437 0.021875 0.018750
0 0.017188 0.373437 0.021875 0.018750
