7 0.262500 0.699219 0.043750 0.114062
7 0.262500 0.533594 0.043750 0.114062
7 0.262500 0.366406 0.043750 0.114062
10 0.930469 0.356250 0.032813 0.021875
10 0.864844 0.364063 0.032813 0.009375
10 0.791406 0.371875 0.032813 0.021875
10 0.725781 0.379688 0.032813 0.009375
10 0.538281 0.372656 0.032813 0.023438
10 0.472656 0.372656 0.032813 0.023438
10 0.407031 0.372656 0.032813 0.023438
10 0.341406 0.372656 0.032813 0.023438
10 0.957031 0.525000 0.023438 0.031250
10 0.891406 0.525000 0.023438 0.031250
10 0.817969 0.542188 0.023438 0.031250
10 0.752344 0.542188 0.023438 0.031250
10 0.566406 0.542188 0.026562 0.034375
10 0.500781 0.542188 0.026562 0.034375
10 0.435156 0.542188 0.026562 0.034375
10 0.369531 0.542188 0.026562 0.034375
10 0.978125 0.677344 0.018750 0.042188
10 0.912500 0.695312 0.018750 0.046875
10 0.839063 0.695312 0.018750 0.046875
10 0.773438 0.695312 0.018750 0.046875
10 0.591406 0.696094 0.026562 0.042188
10 0.525781 0.696094 0.026562 0.042188
10 0.460156 0.696094 0.026562 0.042188
10 0.394531 0.696094 0.026562 0.042188
9 0.231250 0.531250 0.003125 0.400000
9 0.679688 0.531250 0.003125 0.400000
9 0.988281 0.685937 0.001563 0.053125
9 0.969531 0.714063 0.001563 0.078125
9 0.921094 0.696875 0.001563 0.046875
9 0.903906 0.726562 0.001563 0.068750
9 0.942969 0.707812 0.001563 0.053125
9 0.847656 0.700781 0.001563 0.054688
9 0.830469 0.730469 0.001563 0.076563
9 0.877344 0.707812 0.001563 0.053125
9 0.782031 0.704688 0.001563 0.062500
9 0.764844 0.734375 0.001563 0.084375
9 0.811719 0.707812 0.001563 0.053125
9 0.603906 0.710156 0.001563 0.067187
9 0.578906 0.739844 0.001563 0.089063
9 0.632031 0.678125 0.001563 0.050000
9 0.538281 0.714063 0.001563 0.075000
9 0.513281 0.743750 0.001563 0.096875
9 0.566406 0.678125 0.001563 0.050000
9 0.472656 0.718750 0.001563 0.084375
9 0.447656 0.748437 0.001563 0.106250
9 0.500781 0.678125 0.001563 0.050000
9 0.407031 0.722656 0.001563 0.092188
9 0.382031 0.752344 0.001563 0.114062
9 0.435156 0.678125 0.001563 0.050000
9 0.969531 0.528906 0.001563 0.032813
9 0.946094 0.557031 0.001563 0.057813
9 0.903906 0.532813 0.001563 0.040625
9 0.880469 0.560937 0.001563 0.065625
9 0.942969 0.542188 0.001563 0.053125
9 0.830469 0.544531 0.001563 0.032813
9 0.807031 0.574219 0.001563 0.057813
9 0.877344 0.542188 0.001563 0.053125
9 0.764844 0.548438 0.001563 0.040625
9 0.741406 0.578125 0.001563 0.065625
9 0.811719 0.542188 0.001563 0.053125
9 0.578906 0.553125 0.001563 0.050000
9 0.553906 0.582812 0.001563 0.071875
9 0.632031 0.512500 0.001563 0.050000
9 0.513281 0.557031 0.001563 0.057813
9 0.488281 0.586719 0.001563 0.079687
9 0.566406 0.512500 0.001563 0.050000
9 0.447656 0.560937 0.001563 0.065625
9 0.422656 0.590625 0.001563 0.087500
9 0.500781 0.512500 0.001563 0.050000
9 0.382031 0.564844 0.001563 0.073438
9 0.357031 0.594531 0.001563 0.095312
9 0.435156 0.512500 0.001563 0.050000
9 0.946094 0.362500 0.001563 0.031250
9 0.914844 0.391406 0.001563 0.054688
9 0.880469 0.375000 0.001563 0.025000
9 0.849219 0.397656 0.001563 0.060937
9 0.942969 0.375000 0.001563 0.053125
9 0.807031 0.379688 0.001563 0.031250
9 0.775781 0.407031 0.001563 0.054688
9 0.877344 0.375000 0.001563 0.053125
9 0.741406 0.390625 0.001563 0.025000
9 0.710156 0.413281 0.001563 0.060937
9 0.811719 0.375000 0.001563 0.053125
9 0.553906 0.387500 0.001563 0.046875
9 0.522656 0.417187 0.001563 0.068750
9 0.632031 0.345313 0.001563 0.050000
9 0.488281 0.391406 0.001563 0.054688
9 0.457031 0.421094 0.001563 0.076563
9 0.566406 0.345313 0.001563 0.050000
9 0.422656 0.396094 0.001563 0.064062
9 0.391406 0.425781 0.001563 0.085938
9 0.500781 0.345313 0.001563 0.050000
9 0.357031 0.400000 0.001563 0.071875
9 0.325781 0.429688 0.001563 0.093750
9 0.435156 0.345313 0.001563 0.050000
0 0.981250 0.714844 0.012500 0.010937
0 0.962500 0.753906 0.012500 0.010937
0 0.993750 0.739062 0.012500 0.018750
0 0.915625 0.722656 0.012500 0.010937
0 0.896875 0.763281 0.012500 0.010937
0 0.932813 0.739062 0.021875 0.018750
0 0.842187 0.730469 0.012500 0.010937
0 0.823438 0.771094 0.012500 0.010937
0 0.867188 0.739062 0.021875 0.018750
0 0.776563 0.738281 0.012500 0.010937
0 0.757812 0.778906 0.012500 0.010937
0 0.801562 0.739062 0.021875 0.018750
0 0.598437 0.746094 0.012500 0.010937
0 0.573438 0.786719 0.012500 0.010937
0 0.623437 0.706250 0.021875 0.018750
0 0.531250 0.753906 0.012500 0.010937
0 0.507812 0.794531 0.012500 0.010937
0 0.557813 0.706250 0.021875 0.018750
0 0.465625 0.763281 0.012500 0.010937
0 0.442188 0.802344 0.012500 0.010937
0 0.492188 0.706250 0.021875 0.018750
0 0.400000 0.771094 0.012500 0.010937
0 0.376563 0.811719 0.012500 0.010937
0 0.426563 0.706250 0.021875 0.018750
0 0.962500 0.547656 0.012500 0.010937
0 0.940625 0.588281 0.012500 0.010937
0 0.993750 0.571875 0.012500 0.018750
0 0.896875 0.555469 0.012500 0.010937
0 0.875000 0.596094 0.012500 0.010937
0 0.932813 0.571875 0.021875 0.018750
0 0.823438 0.563281 0.012500 0.010937
0 0.801562 0.603906 0.012500 0.010937
0 0.867188 0.571875 0.021875 0.018750
0 0.757812 0.571094 0.012500 0.010937
0 0.735938 0.611719 0.012500 0.010937
0 0.801562 0.571875 0.021875 0.018750
0 0.573438 0.580469 0.012500 0.010937
0 0.548438 0.619531 0.012500 0.010937
0 0.623437 0.539062 0.021875 0.018750
0 0.507812 0.588281 0.012500 0.010937
0 0.482812 0.628906 0.012500 0.010937
0 0.557813 0.539062 0.021875 0.018750
0 0.442188 0.596094 0.012500 0.010937
0 0.417187 0.636719 0.012500 0.010937
0 0.492188 0.539062 0.021875 0.018750
0 0.376563 0.603906 0.012500 0.010937
0 0.351562 0.644531 0.012500 0.010937
0 0.426563 0.539062 0.021875 0.018750
0 0.940625 0.380469 0.012500 0.010937
0 0.909375 0.421094 0.012500 0.010937
0 0.993750 0.404687 0.012500 0.018750
0 0.875000 0.388281 0.012500 0.010937
0 0.842187 0.428906 0.012500 0.010937
0 0.932813 0.404687 0.021875 0.018750
0 0.801562 0.396094 0.012500 0.010937
0 0.768750 0.436719 0.012500 0.010937
0 0.867188 0.404687 0.021875 0.018750
0 0.735938 0.405469 0.012500 0.010937
0 0.703125 0.444531 0.012500 0.010937
0 0.801562 0.404687 0.021875 0.018750
0 0.548438 0.413281 0.012500 0.010937
0 0.515625 0.453906 0.012500 0.010937
0 0.623437 0.373437 0.021875 0.018750
0 0.482812 0.421094 0.012500 0.010937
0 0.450000 0.461719 0.012500 0.010937
0 0.557813 0.373437 0.021875 0.018750
0 0.417187 0.428906 0.012500 0.010937
0 0.384375 0.469531 0.012500 0.010937
0 0.492188 0.373437 0.021875 0.018750
0 0.351562 0.436719 0.012500 0.010937
0 0.318750 0.477344 0.012500 0.010937
0 0.426563 0.373437 0.021875 0.018750
