7 0.262500 0.366406 0.043750 0.114062
10 0.953125 0.319531 0.090625 0.032813
10 0.621875 0.319531 0.046875 0.032813
10 0.454688 0.319531 0.090625 0.032813
9 0.762500 0.364844 0.003125 0.067187
9 0.997656 0.335938 0.001563 0.065625
9 0.953906 0.335938 0.001563 0.065625
9 0.908594 0.335938 0.001563 0.065625
15 0.816406 0.337500 0.017188 0.062500
9 0.808594 0.339062 0.001563 0.059375
15 0.739844 0.337500 0.017188 0.062500
9 0.732031 0.339062 0.001563 0.059375
12 0.678906 0.366406 0.023438 0.060937
9 0.642969 0.335938 0.001563 0.065625
9 0.599219 0.335938 0.001563 0.065625
9 0.499219 0.335938 0.001563 0.065625
9 0.453906 0.335938 0.001563 0.065625
9 0.410156 0.335938 0.001563 0.065625
8 0.353125 0.356250 0.006250 0.006250
0 0.989062 0.373437 0.021875 0.018750
0 0.943750 0.373437 0.021875 0.018750
0 0.900000 0.373437 0.021875 0.018750
0 0.800000 0.373437 0.021875 0.018750
0 0.723437 0.373437 0.021875 0.018750
0 0.634375 0.373437 0.021875 0.018750
0 0.589063 0.373437 0.021875 0.018750
0 0.489063 0.373437 0.021875 0.018750
0 0.445312 0.373437 0.021875 0.018750
0 0.400000 0.373437 0.021875 0.018750
