10 0.948438 0.319531 0.103125 0.032813
10 0.517188 0.319531 0.162500 0.032813
10 0.275781 0.319531 0.082812 0.032813
10 0.039844 0.319531 0.079687 0.032813
9 0.709375 0.364844 0.003125 0.067187
9 0.189062 0.364844 0.003125 0.067187
9 0.978906 0.335938 0.001563 0.065625
9 0.938281 0.335938 0.001563 0.065625
9 0.897656 0.335938 0.001563 0.065625
12 0.849219 0.366406 0.023438 0.060937
15 0.824219 0.337500 0.017188 0.062500
9 0.816406 0.339062 0.001563 0.059375
8 0.767188 0.356250 0.006250 0.006250
15 0.686719 0.337500 0.017188 0.062500
9 0.678906 0.339062 0.001563 0.059375
12 0.630469 0.366406 0.023438 0.060937
9 0.599219 0.335938 0.001563 0.065625
9 0.558594 0.335938 0.001563 0.065625
9 0.517969 0.335938 0.001563 0.065625
9 0.477344 0.335938 0.001563 0.065625
9 0.436719 0.335938 0.001563 0.065625
12 0.388281 0.366406 0.023438 0.060937
12 0.347656 0.366406 0.023438 0.060937
9 0.316406 0.335938 0.001563 0.065625
9 0.275781 0.335938 0.001563 0.065625
9 0.235156 0.335938 0.001563 0.065625
15 0.167969 0.337500 0.017188 0.062500
9 0.160156 0.339062 0.001563 0.059375
12 0.110156 0.366406 0.023438 0.060937
9 0.078906 0.335938 0.001563 0.065625
9 0.038281 0.335938 0.001563 0.065625
0 0.968750 0.373437 0.021875 0.018750
0 0.928125 0.373437 0.021875 0.018750
0 0.889062 0.373437 0.021875 0.018750
0 0.807813 0.373437 0.021875 0.018750
0 0.670312 0.373437 0.021875 0.018750
0 0.589063 0.373437 0.021875 0.018750
0 0.548438 0.373437 0.021875 0.018750
0 0.507812 0.373437 0.021875 0.018750
0 0.468750 0.373437 0.021875 0.018750
0 0.428125 0.373437 0.021875 0.018750
0 0.307812 0.373437 0.021875 0.018750
0 0.267188 0.373437 0.021875 0.018750
0 0.226562 0.373437 0.021875 0.018750
0 0.150000 0.373437 0.021875 0.018750
0 0.070312 0.373437 0.021875 0.018750
0 0.029687 0.373437 0.021875 0.018750
