7 0.262500 0.366406 0.043750 0.114062
10 0.862500 0.319531 0.043750 0.032813
10 0.709375 0.319531 0.128125 0.032813
9 0.795312 0.364844 0.003125 0.067187
15 0.985156 0.337500 0.017188 0.062500
9 0.977344 0.339062 0.001563 0.059375
9 0.883594 0.335938 0.001563 0.065625
9 0.841406 0.335938 0.001563 0.065625
9 0.771094 0.335938 0.001563 0.065625
9 0.730469 0.335938 0.001563 0.065625
9 0.688281 0.335938 0.001563 0.065625
9 0.646094 0.335938 0.001563 0.065625
12 0.594531 0.366406 0.023438 0.060937
15 0.569531 0.337500 0.017188 0.062500
9 0.561719 0.339062 0.001563 0.059375
12 0.511719 0.366406 0.023438 0.060937
15 0.485156 0.337500 0.017188 0.062500
9 0.477344 0.339062 0.001563 0.059375
15 0.391406 0.337500 0.017188 0.062500
9 0.383594 0.339062 0.001563 0.059375
12 0.333594 0.366406 0.023438 0.060937
0 0.968750 0.373437 0.021875 0.018750
0 0.873437 0.373437 0.021875 0.018750
0 0.831250 0.373437 0.021875 0.018750
0 0.762500 0.373437 0.021875 0.018750
0 0.720313 0.373437 0.021875 0.018750
0 0.678125 0.373437 0.021875 0.018750
0 0.635938 0.373437 0.021875 0.018750
0 0.553125 0.373437 0.021875 0.018750
0 0.468750 0.373437 0.021875 0.018750
0 0.373437 0.373437 0.021875 0.018750
