10 0.792969 0.325781 0.035937 0.020313
10 0.526563 0.325781 0.071875 0.020313
10 0.411719 0.325781 0.035937 0.020313
10 0.163281 0.325781 0.035937 0.020313
10 0.032031 0.325781 0.035937 0.020313
9 0.825000 0.364844 0.003125 0.067187
9 0.445312 0.364844 0.003125 0.067187
9 0.065625 0.364844 0.003125 0.067187
12 0.961719 0.364844 0.017188 0.048438
9 0.932031 0.342969 0.001563 0.051562
12 0.859375 0.367188 0.015625 0.028125
8 0.879687 0.356250 0.006250 0.006250
9 0.810156 0.342187 0.001563 0.053125
9 0.775781 0.342187 0.001563 0.053125
9 0.699219 0.342969 0.001563 0.051562
12 0.617969 0.364844 0.017188 0.048438
9 0.560156 0.342187 0.001563 0.053125
9 0.525781 0.342187 0.001563 0.053125
9 0.491406 0.342187 0.001563 0.053125
9 0.428906 0.342187 0.001563 0.053125
9 0.394531 0.342187 0.001563 0.053125
9 0.317969 0.342969 0.001563 0.051562
12 0.238281 0.364844 0.017188 0.048438
9 0.180469 0.342187 0.001563 0.053125
9 0.146094 0.342187 0.001563 0.053125
9 0.049219 0.342187 0.001563 0.053125
9 0.014844 0.342187 0.001563 0.053125
0 0.921875 0.373437 0.021875 0.018750
0 0.800000 0.373437 0.021875 0.018750
0 0.765625 0.373437 0.021875 0.018750
0 0.689063 0.373437 0.021875 0.018750
0 0.551562 0.373437 0.021875 0.018750
0 0.517188 0.373437 0.021875 0.018750
0 0.482812 0.373437 0.021875 0.018750
0 0.420312 0.373437 0.021875 0.018750
0 0.385937 0.373437 0.021875 0.018750
0 0.309375 0.373437 0.021875 0.018750
0 0.170313 0.373437 0.021875 0.018750
0 0.135937 0.373437 0.021875 0.018750
0 0.039062 0.373437 0.021875 0.018750
0 0.007812 0.373437 0.015625 0.018750
