10 0.310156 0.319531 0.164062 0.032813
9 0.696875 0.364844 0.003125 0.067187
9 0.182812 0.364844 0.003125 0.067187
12 0.996094 0.366406 0.007812 0.060937
12 0.883594 0.366406 0.023438 0.060937
15 0.846094 0.337500 0.017188 0.062500
9 0.838281 0.339062 0.001563 0.059375
12 0.729688 0.367188 0.015625 0.028125
15 0.602344 0.337500 0.017188 0.062500
9 0.594531 0.339062 0.001563 0.059375
12 0.532031 0.366406 0.023438 0.060937
12 0.432812 0.367188 0.015625 0.028125
9 0.391406 0.335938 0.001563 0.065625
9 0.336719 0.335938 0.001563 0.065625
9 0.283594 0.335938 0.001563 0.065625
9 0.228906 0.335938 0.001563 0.065625
15 0.088281 0.337500 0.017188 0.062500
9 0.080469 0.339062 0.001563 0.059375
12 0.017969 0.366406 0.023438 0.060937
0 0.828125 0.373437 0.021875 0.018750
0 0.584375 0.373437 0.021875 0.018750
0 0.381250 0.373437 0.021875 0.018750
0 0.328125 0.373437 0.021875 0.018750
0 0.273438 0.373437 0.021875 0.018750
0 0.220312 0.373437 0.021875 0.018750
0 0.071875 0.373437 0.021875 0.018750
