10 0.740625 0.325781 0.034375 0.020313
10 0.364063 0.325781 0.034375 0.020313
10 0.179688 0.325781 0.034375 0.020313
10 0.006250 0.325781 0.012500 0.020313
9 0.860938 0.364844 0.003125 0.067187
9 0.484375 0.364844 0.003125 0.067187
9 0.117188 0.364844 0.003125 0.067187
12 0.821875 0.367188 0.015625 0.028125
12 0.776563 0.367188 0.015625 0.028125
9 0.757031 0.342187 0.001563 0.053125
9 0.724219 0.342187 0.001563 0.053125
9 0.650781 0.342969 0.001563 0.051562
9 0.575781 0.342969 0.001563 0.051562
12 0.518750 0.367188 0.015625 0.028125
12 0.445312 0.367188 0.015625 0.028125
12 0.400000 0.367188 0.015625 0.028125
9 0.378906 0.342187 0.001563 0.053125
9 0.347656 0.342187 0.001563 0.053125
9 0.272656 0.342969 0.001563 0.051562
12 0.215625 0.367188 0.015625 0.028125
9 0.194531 0.342187 0.001563 0.053125
9 0.163281 0.342187 0.001563 0.053125
12 0.076563 0.367188 0.015625 0.028125
12 0.031250 0.367188 0.015625 0.028125
9 0.011719 0.342187 0.001563 0.053125
0 0.746875 0.373437 0.021875 0.018750
0 0.715625 0.373437 0.021875 0.018750
0 0.640625 0.373437 0.021875 0.018750
0 0.567187 0.373437 0.021875 0.018750
0 0.370312 0.373437 0.021875 0.018750
0 0.337500 0.373437 0.021875 0.018750
0 0.264062 0.373437 0.021875 0.018750
0 0.185938 0.373437 0.021875 0.018750
0 0.153125 0.373437 0.021875 0.018750
0 0.007031 0.373437 0.014063 0.018750
