10 0.729688 0.325781 0.043750 0.020313
10 0.528125 0.325781 0.043750 0.020313
10 0.021094 0.325781 0.042188 0.020313
9 0.662500 0.364844 0.003125 0.067187
9 0.154688 0.364844 0.003125 0.067187
9 0.932031 0.342969 0.001563 0.051562
12 0.860938 0.367188 0.015625 0.028125
9 0.832031 0.342969 0.001563 0.051562
9 0.749219 0.342187 0.001563 0.053125
9 0.708594 0.342187 0.001563 0.053125
9 0.630469 0.342969 0.001563 0.051562
9 0.547656 0.342187 0.001563 0.053125
9 0.507031 0.342187 0.001563 0.053125
9 0.424219 0.342969 0.001563 0.051562
12 0.353125 0.367188 0.015625 0.028125
9 0.324219 0.342969 0.001563 0.051562
9 0.241406 0.342969 0.001563 0.051562
9 0.122656 0.342969 0.001563 0.051562
9 0.039844 0.342187 0.001563 0.053125
0 0.921875 0.373437 0.021875 0.018750
0 0.821875 0.373437 0.021875 0.018750
0 0.740625 0.373437 0.021875 0.018750
0 0.698438 0.373437 0.021875 0.018750
0 0.621875 0.373437 0.021875 0.018750
0 0.539062 0.373437 0.021875 0.018750
0 0.498437 0.373437 0.021875 0.018750
0 0.415625 0.373437 0.021875 0.018750
0 0.315625 0.373437 0.021875 0.018750
0 0.232813 0.373437 0.021875 0.018750
0 0.114062 0.373437 0.021875 0.018750
0 0.031250 0.373437 0.021875 0.018750
