10 0.903906 0.325781 0.082812 0.020313
10 0.272656 0.325781 0.082812 0.020313
9 0.701562 0.364844 0.003125 0.067187
9 0.185938 0.364844 0.003125 0.067187
9 0.944531 0.342187 0.001563 0.053125
9 0.863281 0.342187 0.001563 0.053125
12 0.735938 0.367188 0.015625 0.028125
12 0.546094 0.364844 0.017188 0.048438
9 0.475781 0.342969 0.001563 0.051562
9 0.313281 0.342187 0.001563 0.053125
9 0.232031 0.342187 0.001563 0.053125
12 0.030469 0.364844 0.017188 0.048438
0 0.934375 0.373437 0.021875 0.018750
0 0.853125 0.373437 0.021875 0.018750
0 0.467187 0.373437 0.021875 0.018750
0 0.304688 0.373437 0.021875 0.018750
0 0.223438 0.373437 0.021875 0.018750
