10 0.817187 0.325781 0.134375 0.020313
10 0.331250 0.325781 0.090625 0.020313
9 0.660937 0.364844 0.003125 0.067187
9 0.153125 0.364844 0.003125 0.067187
12 0.960938 0.367188 0.015625 0.028125
8 0.979688 0.356250 0.006250 0.006250
9 0.885156 0.342187 0.001563 0.053125
9 0.839844 0.342187 0.001563 0.053125
9 0.796094 0.342187 0.001563 0.053125
9 0.750781 0.342187 0.001563 0.053125
9 0.630469 0.342969 0.001563 0.051562
9 0.541406 0.342969 0.001563 0.051562
12 0.451562 0.367188 0.015625 0.028125
8 0.471875 0.356250 0.006250 0.006250
9 0.375781 0.342187 0.001563 0.053125
9 0.332031 0.342187 0.001563 0.053125
9 0.286719 0.342187 0.001563 0.053125
9 0.199219 0.342969 0.001563 0.051562
9 0.121094 0.342969 0.001563 0.051562
9 0.033594 0.342969 0.001563 0.051562
0 0.875000 0.373437 0.021875 0.018750
0 0.831250 0.373437 0.021875 0.018750
0 0.785937 0.373437 0.021875 0.018750
0 0.742188 0.373437 0.021875 0.018750
0 0.620313 0.373437 0.021875 0.018750
0 0.532813 0.373437 0.021875 0.018750
0 0.367188 0.373437 0.021875 0.018750
0 0.321875 0.373437 0.021875 0.018750
0 0.278125 0.373437 0.021875 0.018750
0 0.189062 0.373437 0.021875 0.018750
0 0.112500 0.373437 0.021875 0.018750
0 0.023438 0.373437 0.021875 0.018750
