7 0.262500 0.366406 0.043750 0.114062
10 0.590625 0.319531 0.159375 0.032813
9 0.795312 0.364844 0.003125 0.067187
15 0.900781 0.337500 0.017188 0.062500
9 0.892969 0.339062 0.001563 0.059375
12 0.832031 0.366406 0.023438 0.060937
12 0.709375 0.367188 0.015625 0.028125
9 0.669531 0.335938 0.001563 0.065625
9 0.616406 0.335938 0.001563 0.065625
9 0.563281 0.335938 0.001563 0.065625
9 0.511719 0.335938 0.001563 0.065625
12 0.385156 0.366406 0.023438 0.060937
15 0.349219 0.337500 0.017188 0.062500
9 0.341406 0.339062 0.001563 0.059375
0 0.995313 0.373437 0.009375 0.018750
0 0.884375 0.373437 0.021875 0.018750
0 0.659375 0.373437 0.021875 0.018750
0 0.607812 0.373437 0.021875 0.018750
0 0.554688 0.373437 0.021875 0.018750
0 0.503125 0.373437 0.021875 0.018750
0 0.332813 0.373437 0.021875 0.018750
