7 0.262500 0.366406 0.043750 0.114062
10 0.946875 0.319531 0.106250 0.032813
10 0.493750 0.319531 0.218750 0.032813
9 0.848437 0.364844 0.003125 0.067187
9 0.982031 0.335938 0.001563 0.065625
9 0.938281 0.335938 0.001563 0.065625
9 0.894531 0.335938 0.001563 0.065625
15 0.825781 0.337500 0.017188 0.062500
9 0.817969 0.339062 0.001563 0.059375
12 0.766406 0.366406 0.023438 0.060937
15 0.739844 0.337500 0.017188 0.062500
9 0.732031 0.339062 0.001563 0.059375
12 0.680469 0.366406 0.023438 0.060937
12 0.636719 0.366406 0.023438 0.060937
9 0.602344 0.335938 0.001563 0.065625
9 0.558594 0.335938 0.001563 0.065625
9 0.514844 0.335938 0.001563 0.065625
9 0.471094 0.335938 0.001563 0.065625
9 0.428906 0.335938 0.001563 0.065625
9 0.385156 0.335938 0.001563 0.065625
12 0.333594 0.366406 0.023438 0.060937
0 0.971875 0.373437 0.021875 0.018750
0 0.928125 0.373437 0.021875 0.018750
0 0.885938 0.373437 0.021875 0.018750
0 0.809375 0.373437 0.021875 0.018750
0 0.721875 0.373437 0.021875 0.018750
0 0.592187 0.373437 0.021875 0.018750
0 0.548438 0.373437 0.021875 0.018750
0 0.506250 0.373437 0.021875 0.018750
0 0.462500 0.373437 0.021875 0.018750
0 0.418750 0.373437 0.021875 0.018750
0 0.375000 0.373437 0.021875 0.018750
