9 0.860938 0.364844 0.003125 0.067187
9 0.362500 0.364844 0.003125 0.067187
12 0.827344 0.366406 0.023438 0.060937
15 0.797656 0.337500 0.017188 0.062500
9 0.789844 0.339062 0.001563 0.059375
12 0.736719 0.366406 0.023438 0.060937
15 0.708594 0.337500 0.017188 0.062500
9 0.700781 0.339062 0.001563 0.059375
12 0.647656 0.366406 0.023438 0.060937
15 0.617969 0.337500 0.017188 0.062500
9 0.610156 0.339062 0.001563 0.059375
15 0.517969 0.337500 0.017188 0.062500
9 0.510156 0.339062 0.001563 0.059375
15 0.416406 0.337500 0.017188 0.062500
9 0.408594 0.339062 0.001563 0.059375
12 0.327344 0.366406 0.023438 0.060937
15 0.299219 0.337500 0.017188 0.062500
9 0.291406 0.339062 0.001563 0.059375
12 0.238281 0.366406 0.023438 0.060937
15 0.208594 0.337500 0.017188 0.062500
9 0.200781 0.339062 0.001563 0.059375
12 0.147656 0.366406 0.023438 0.060937
15 0.119531 0.337500 0.017188 0.062500
9 0.111719 0.339062 0.001563 0.059375
15 0.017969 0.337500 0.017188 0.062500
9 0.010156 0.339062 0.001563 0.059375
0 0.781250 0.373437 0.021875 0.018750
0 0.690625 0.373437 0.021875 0.018750
0 0.601562 0.373437 0.021875 0.018750
0 0.500000 0.373437 0.021875 0.018750
0 0.398438 0.373437 0.021875 0.018750
0 0.281250 0.373437 0.021875 0.018750
0 0.192188 0.373437 0.021875 0.018750
0 0.101562 0.373437 0.021875 0.018750
0 0.006250 0.373437 0.012500 0.018750
