7 0.262500 0.366406 0.043750 0.114062
10 0.929688 0.319531 0.090625 0.032813
10 0.620313 0.319531 0.090625 0.032813
10 0.453125 0.319531 0.046875 0.032813
14 0.795312 0.364844 0.003125 0.067187
9 0.974219 0.335938 0.001563 0.065625
9 0.930469 0.335938 0.001563 0.065625
9 0.885156 0.335938 0.001563 0.065625
11 0.832031 0.366406 0.023438 0.060937
14 0.772656 0.337500 0.017188 0.062500
9 0.764844 0.339062 0.001563 0.059375
9 0.664844 0.335938 0.001563 0.065625
9 0.619531 0.335938 0.001563 0.065625
9 0.575781 0.335938 0.001563 0.065625
9 0.475781 0.335938 0.001563 0.065625
9 0.430469 0.335938 0.001563 0.065625
11 0.377344 0.366406 0.023438 0.060937
14 0.349219 0.337500 0.017188 0.062500
9 0.341406 0.339062 0.001563 0.059375
0 0.965625 0.373437 0.021875 0.018750
0 0.920312 0.373437 0.021875 0.018750
0 0.876563 0.373437 0.021875 0.018750
0 0.756250 0.373437 0.021875 0.018750
0 0.654687 0.373437 0.021875 0.018750
0 0.610938 0.373437 0.021875 0.018750
0 0.565625 0.373437 0.021875 0.018750
0 0.465625 0.373437 0.021875 0.018750
0 0.421875 0.373437 0.021875 0.018750
0 0.332813 0.373437 0.021875 0.018750
