10 0.518750 0.319531 0.418750 0.007812
10 0.622656 0.488281 0.626563 0.020313
10 0.654687 0.642969 0.690625 0.032813
10 0.103125 0.642969 0.206250 0.032813
10 0.654687 0.798438 0.690625 0.043750
10 0.129688 0.798438 0.259375 0.043750
10 0.654687 0.953125 0.690625 0.056250
10 0.142187 0.953125 0.284375 0.056250
9 0.986719 0.962500 0.001563 0.075000
9 0.960156 0.962500 0.001563 0.075000
9 0.935156 0.962500 0.001563 0.075000
9 0.908594 0.962500 0.001563 0.075000
9 0.882031 0.962500 0.001563 0.075000
9 0.857031 0.962500 0.001563 0.075000
9 0.830469 0.962500 0.001563 0.075000
9 0.803906 0.962500 0.001563 0.075000
9 0.778906 0.962500 0.001563 0.075000
9 0.752344 0.962500 0.001563 0.075000
9 0.725781 0.962500 0.001563 0.075000
9 0.700781 0.962500 0.001563 0.075000
9 0.674219 0.962500 0.001563 0.075000
9 0.647656 0.962500 0.001563 0.075000
9 0.622656 0.962500 0.001563 0.075000
9 0.596094 0.962500 0.001563 0.075000
9 0.571094 0.962500 0.001563 0.075000
9 0.544531 0.962500 0.001563 0.075000
9 0.517969 0.962500 0.001563 0.075000
9 0.492969 0.962500 0.001563 0.075000
9 0.466406 0.962500 0.001563 0.075000
9 0.439844 0.962500 0.001563 0.075000
9 0.414844 0.962500 0.001563 0.075000
9 0.388281 0.962500 0.001563 0.075000
9 0.361719 0.962500 0.001563 0.075000
9 0.336719 0.962500 0.001563 0.075000
9 0.310156 0.962500 0.001563 0.075000
9 0.283594 0.962500 0.001563 0.075000
9 0.258594 0.962500 0.001563 0.075000
9 0.232031 0.962500 0.001563 0.075000
9 0.205469 0.962500 0.001563 0.075000
9 0.180469 0.962500 0.001563 0.075000
9 0.153906 0.962500 0.001563 0.075000
9 0.127344 0.962500 0.001563 0.075000
9 0.102344 0.962500 0.001563 0.075000
9 0.075781 0.962500 0.001563 0.075000
9 0.050781 0.962500 0.001563 0.075000
9 0.024219 0.962500 0.001563 0.075000
9 0.986719 0.815625 0.001563 0.078125
9 0.935156 0.815625 0.001563 0.078125
9 0.882031 0.815625 0.001563 0.078125
9 0.830469 0.815625 0.001563 0.078125
9 0.778906 0.815625 0.001563 0.078125
9 0.725781 0.815625 0.001563 0.078125
9 0.674219 0.815625 0.001563 0.078125
9 0.622656 0.815625 0.001563 0.078125
9 0.571094 0.815625 0.001563 0.078125
9 0.517969 0.815625 0.001563 0.078125
9 0.466406 0.815625 0.001563 0.078125
9 0.414844 0.815625 0.001563 0.078125
9 0.361719 0.815625 0.001563 0.078125
9 0.310156 0.815625 0.001563 0.078125
9 0.258594 0.815625 0.001563 0.078125
9 0.205469 0.815625 0.001563 0.078125
9 0.153906 0.815625 0.001563 0.078125
9 0.102344 0.815625 0.001563 0.078125
9 0.050781 0.815625 0.001563 0.078125
9 0.935156 0.659375 0.001563 0.065625
9 0.830469 0.659375 0.001563 0.065625
9 0.725781 0.659375 0.001563 0.065625
9 0.622656 0.659375 0.001563 0.065625
9 0.517969 0.659375 0.001563 0.065625
9 0.414844 0.659375 0.001563 0.065625
9 0.310156 0.659375 0.001563 0.065625
9 0.205469 0.659375 0.001563 0.065625
9 0.102344 0.659375 0.001563 0.065625
9 0.935156 0.504687 0.001563 0.053125
9 0.725781 0.504687 0.001563 0.053125
9 0.517969 0.504687 0.001563 0.053125
9 0.310156 0.504687 0.001563 0.053125
9 0.102344 0.504687 0.001563 0.053125
9 0.725781 0.342187 0.001563 0.053125
9 0.310156 0.342187 0.001563 0.053125
0 0.976562 0.857812 0.021875 0.018750
0 0.925000 0.857812 0.021875 0.018750
0 0.873437 0.857812 0.021875 0.018750
0 0.821875 0.857812 0.021875 0.018750
0 0.768750 0.857812 0.021875 0.018750
0 0.717187 0.857812 0.021875 0.018750
0 0.665625 0.857812 0.021875 0.018750
0 0.612500 0.857812 0.021875 0.018750
0 0.560937 0.857812 0.021875 0.018750
0 0.509375 0.857812 0.021875 0.018750
0 0.456250 0.857812 0.021875 0.018750
0 0.404687 0.857812 0.021875 0.018750
0 0.353125 0.857812 0.021875 0.018750
0 0.301563 0.857812 0.021875 0.018750
0 0.248438 0.857812 0.021875 0.018750
0 0.196875 0.857812 0.021875 0.018750
0 0.145313 0.857812 0.021875 0.018750
0 0.092188 0.857812 0.021875 0.018750
0 0.040625 0.857812 0.021875 0.018750
0 0.925000 0.695312 0.021875 0.018750
0 0.821875 0.695312 0.021875 0.018750
0 0.717187 0.695312 0.021875 0.018750
0 0.612500 0.695312 0.021875 0.018750
0 0.509375 0.695312 0.021875 0.018750
0 0.404687 0.695312 0.021875 0.018750
0 0.301563 0.695312 0.021875 0.018750
0 0.196875 0.695312 0.021875 0.018750
0 0.092188 0.695312 0.021875 0.018750
0 0.925000 0.534375 0.021875 0.018750
0 0.717187 0.534375 0.021875 0.018750
0 0.509375 0.534375 0.021875 0.018750
0 0.301563 0.534375 0.021875 0.018750
0 0.092188 0.534375 0.021875 0.018750
0 0.717187 0.373437 0.021875 0.018750
0 0.301563 0.373437 0.021875 0.018750
