10 0.299219 0.017969 0.598437 0.032813
10 0.360156 0.173437 0.720313 0.043750
10 0.390625 0.328125 0.781250 0.056250
9 0.823438 0.209375 0.003125 0.418750
9 0.782031 0.344531 0.001563 0.089063
9 0.721094 0.344531 0.001563 0.089063
9 0.660156 0.344531 0.001563 0.089063
9 0.597656 0.344531 0.001563 0.089063
9 0.536719 0.344531 0.001563 0.089063
9 0.475781 0.344531 0.001563 0.089063
9 0.414844 0.344531 0.001563 0.089063
9 0.353906 0.344531 0.001563 0.089063
9 0.292969 0.344531 0.001563 0.089063
9 0.232031 0.344531 0.001563 0.089063
9 0.171094 0.344531 0.001563 0.089063
9 0.110156 0.344531 0.001563 0.089063
9 0.049219 0.344531 0.001563 0.089063
15 0.842187 0.401562 0.025000 0.034375
15 0.842187 0.369531 0.025000 0.032813
9 0.721094 0.190625 0.001563 0.078125
9 0.597656 0.190625 0.001563 0.078125
9 0.475781 0.190625 0.001563 0.078125
9 0.353906 0.190625 0.001563 0.078125
9 0.232031 0.190625 0.001563 0.078125
9 0.110156 0.190625 0.001563 0.078125
15 0.842187 0.240625 0.025000 0.034375
15 0.842187 0.207031 0.025000 0.032813
9 0.597656 0.034375 0.001563 0.065625
9 0.353906 0.034375 0.001563 0.065625
9 0.110156 0.034375 0.001563 0.065625
15 0.842187 0.079687 0.025000 0.034375
15 0.842187 0.046094 0.025000 0.032813
0 0.771875 0.393750 0.021875 0.018750
0 0.710938 0.393750 0.021875 0.018750
0 0.650000 0.393750 0.021875 0.018750
0 0.589063 0.393750 0.021875 0.018750
0 0.528125 0.393750 0.021875 0.018750
0 0.467187 0.393750 0.021875 0.018750
0 0.406250 0.393750 0.021875 0.018750
0 0.345313 0.393750 0.021875 0.018750
0 0.284375 0.393750 0.021875 0.018750
0 0.223438 0.393750 0.021875 0.018750
0 0.162500 0.393750 0.021875 0.018750
0 0.101562 0.393750 0.021875 0.018750
0 0.040625 0.393750 0.021875 0.018750
0 0.710938 0.232813 0.021875 0.018750
0 0.589063 0.232813 0.021875 0.018750
0 0.467187 0.232813 0.021875 0.018750
0 0.345313 0.232813 0.021875 0.018750
0 0.223438 0.232813 0.021875 0.018750
0 0.101562 0.232813 0.021875 0.018750
0 0.589063 0.070312 0.021875 0.018750
0 0.345313 0.070312 0.021875 0.018750
0 0.101562 0.070312 0.021875 0.018750
