10 0.904687 0.319531 0.190625 0.032813
10 0.479687 0.319531 0.337500 0.032813
10 0.089063 0.319531 0.178125 0.032813
9 0.670312 0.364844 0.003125 0.067187
9 0.201563 0.364844 0.003125 0.067187
9 0.978906 0.335938 0.001563 0.065625
9 0.936719 0.335938 0.001563 0.065625
9 0.894531 0.335938 0.001563 0.065625
9 0.852344 0.335938 0.001563 0.065625
9 0.810156 0.335938 0.001563 0.065625
15 0.724219 0.337500 0.017188 0.062500
9 0.716406 0.339062 0.001563 0.059375
9 0.647656 0.335938 0.001563 0.065625
9 0.605469 0.335938 0.001563 0.065625
9 0.563281 0.335938 0.001563 0.065625
9 0.521094 0.335938 0.001563 0.065625
9 0.478906 0.335938 0.001563 0.065625
9 0.436719 0.335938 0.001563 0.065625
9 0.396094 0.335938 0.001563 0.065625
9 0.353906 0.335938 0.001563 0.065625
9 0.311719 0.335938 0.001563 0.065625
8 0.259375 0.356250 0.006250 0.006250
9 0.177344 0.335938 0.001563 0.065625
9 0.135156 0.335938 0.001563 0.065625
9 0.094531 0.335938 0.001563 0.065625
9 0.052344 0.335938 0.001563 0.065625
9 0.010156 0.335938 0.001563 0.065625
0 0.968750 0.373437 0.021875 0.018750
0 0.926562 0.373437 0.021875 0.018750
0 0.885938 0.373437 0.021875 0.018750
0 0.843750 0.373437 0.021875 0.018750
0 0.801562 0.373437 0.021875 0.018750
0 0.707812 0.373437 0.021875 0.018750
0 0.637500 0.373437 0.021875 0.018750
0 0.595313 0.373437 0.021875 0.018750
0 0.553125 0.373437 0.021875 0.018750
0 0.512500 0.373437 0.021875 0.018750
0 0.470313 0.373437 0.021875 0.018750
0 0.428125 0.373437 0.021875 0.018750
0 0.385937 0.373437 0.021875 0.018750
0 0.343750 0.373437 0.021875 0.018750
0 0.301563 0.373437 0.021875 0.018750
0 0.168750 0.373437 0.021875 0.018750
0 0.126562 0.373437 0.021875 0.018750
0 0.084375 0.373437 0.021875 0.018750
0 0.042188 0.373437 0.021875 0.018750
0 0.005469 0.373437 0.010937 0.018750
