9 0.860938 0.364844 0.003125 0.067187
9 0.473438 0.364844 0.003125 0.067187
9 0.139063 0.364844 0.003125 0.067187
12 0.763281 0.364844 0.017188 0.048438
8 0.784375 0.356250 0.006250 0.006250
9 0.733594 0.342969 0.001563 0.051562
9 0.647656 0.342969 0.001563 0.051562
9 0.519531 0.342969 0.001563 0.051562
12 0.375781 0.364844 0.017188 0.048438
8 0.395313 0.356250 0.006250 0.006250
9 0.344531 0.342969 0.001563 0.051562
9 0.258594 0.342969 0.001563 0.051562
12 0.173437 0.367188 0.015625 0.028125
8 0.192188 0.356250 0.006250 0.006250
12 0.041406 0.364844 0.017188 0.048438
8 0.060937 0.356250 0.006250 0.006250
9 0.010156 0.342969 0.001563 0.051562
0 0.723437 0.373437 0.021875 0.018750
0 0.637500 0.373437 0.021875 0.018750
0 0.509375 0.373437 0.021875 0.018750
0 0.335938 0.373437 0.021875 0.018750
0 0.250000 0.373437 0.021875 0.018750
0 0.006250 0.373437 0.012500 0.018750
