10 0.756250 0.319531 0.046875 0.032813
10 0.621875 0.319531 0.046875 0.032813
10 0.257812 0.319531 0.046875 0.032813
10 0.123438 0.319531 0.046875 0.032813
9 0.860938 0.364844 0.003125 0.067187
9 0.362500 0.364844 0.003125 0.067187
9 0.778906 0.335938 0.001563 0.065625
9 0.733594 0.335938 0.001563 0.065625
12 0.680469 0.366406 0.023438 0.060937
9 0.644531 0.335938 0.001563 0.065625
9 0.599219 0.335938 0.001563 0.065625
12 0.546094 0.366406 0.023438 0.060937
15 0.517969 0.337500 0.017188 0.062500
9 0.510156 0.339062 0.001563 0.059375
15 0.416406 0.337500 0.017188 0.062500
9 0.408594 0.339062 0.001563 0.059375
9 0.280469 0.335938 0.001563 0.065625
9 0.235156 0.335938 0.001563 0.065625
12 0.182031 0.366406 0.023438 0.060937
9 0.144531 0.335938 0.001563 0.065625
9 0.100781 0.335938 0.001563 0.065625
12 0.046094 0.366406 0.023438 0.060937
15 0.017969 0.337500 0.017188 0.062500
9 0.010156 0.339062 0.001563 0.059375
0 0.770312 0.373437 0.021875 0.018750
0 0.725000 0.373437 0.021875 0.018750
0 0.634375 0.373437 0.021875 0.018750
0 0.590625 0.373437 0.021875 0.018750
0 0.500000 0.373437 0.021875 0.018750
0 0.400000 0.373437 0.021875 0.018750
0 0.270313 0.373437 0.021875 0.018750
0 0.225000 0.373437 0.021875 0.018750
0 0.135937 0.373437 0.021875 0.018750
0 0.090625 0.373437 0.021875 0.018750
0 0.006250 0.373437 0.012500 0.018750
