10 0.951562 0.325781 0.043750 0.020313
10 0.606250 0.325781 0.043750 0.020313
10 0.440625 0.325781 0.043750 0.020313
10 0.314844 0.325781 0.126562 0.020313
10 0.070312 0.325781 0.043750 0.020313
9 0.742188 0.364844 0.003125 0.067187
9 0.206250 0.364844 0.003125 0.067187
9 0.971094 0.342187 0.001563 0.053125
9 0.930469 0.342187 0.001563 0.053125
12 0.859375 0.367188 0.015625 0.028125
12 0.775781 0.364844 0.017188 0.048438
9 0.710156 0.342969 0.001563 0.051562
9 0.627344 0.342187 0.001563 0.053125
9 0.585156 0.342187 0.001563 0.053125
9 0.544531 0.342969 0.001563 0.051562
9 0.460156 0.342187 0.001563 0.053125
9 0.419531 0.342187 0.001563 0.053125
9 0.377344 0.342187 0.001563 0.053125
9 0.335156 0.342187 0.001563 0.053125
9 0.294531 0.342187 0.001563 0.053125
9 0.252344 0.342187 0.001563 0.053125
9 0.174219 0.342969 0.001563 0.051562
9 0.091406 0.342187 0.001563 0.053125
9 0.049219 0.342187 0.001563 0.053125
9 0.008594 0.342969 0.001563 0.051562
0 0.962500 0.373437 0.021875 0.018750
0 0.920312 0.373437 0.021875 0.018750
0 0.701562 0.373437 0.021875 0.018750
0 0.617188 0.373437 0.021875 0.018750
0 0.576562 0.373437 0.021875 0.018750
0 0.534375 0.373437 0.021875 0.018750
0 0.451562 0.373437 0.021875 0.018750
0 0.409375 0.373437 0.021875 0.018750
0 0.367188 0.373437 0.021875 0.018750
0 0.326562 0.373437 0.021875 0.018750
0 0.284375 0.373437 0.021875 0.018750
0 0.242188 0.373437 0.021875 0.018750
0 0.165625 0.373437 0.021875 0.018750
0 0.082812 0.373437 0.021875 0.018750
0 0.040625 0.373437 0.021875 0.018750
0 0.004687 0.373437 0.009375 0.018750
