7 0.262500 0.366406 0.043750 0.114062
15 0.994531 0.364063 0.010937 0.025000
14 0.971875 0.370312 0.015625 0.012500
15 0.954688 0.364063 0.018750 0.025000
15 0.817187 0.364063 0.018750 0.025000
14 0.843750 0.370312 0.018750 0.012500
14 0.792188 0.370312 0.015625 0.012500
15 0.775000 0.364063 0.018750 0.025000
15 0.637500 0.364063 0.018750 0.025000
14 0.664062 0.370312 0.018750 0.012500
14 0.610938 0.370312 0.015625 0.012500
15 0.593750 0.364063 0.018750 0.025000
15 0.456250 0.364063 0.018750 0.025000
14 0.482812 0.370312 0.018750 0.012500
14 0.431250 0.370312 0.015625 0.012500
15 0.414062 0.364063 0.018750 0.025000
10 0.941406 0.325781 0.117188 0.020313
10 0.775000 0.325781 0.146875 0.020313
10 0.595313 0.325781 0.146875 0.020313
10 0.414062 0.325781 0.146875 0.020313
9 0.986719 0.342187 0.001563 0.053125
9 0.935156 0.342187 0.001563 0.053125
9 0.883594 0.342187 0.001563 0.053125
9 0.847656 0.342187 0.001563 0.053125
9 0.805469 0.342187 0.001563 0.053125
9 0.753906 0.342187 0.001563 0.053125
9 0.702344 0.342187 0.001563 0.053125
9 0.666406 0.342187 0.001563 0.053125
9 0.624219 0.342187 0.001563 0.053125
9 0.574219 0.342187 0.001563 0.053125
9 0.522656 0.342187 0.001563 0.053125
9 0.486719 0.342187 0.001563 0.053125
9 0.444531 0.342187 0.001563 0.053125
9 0.392969 0.342187 0.001563 0.053125
9 0.341406 0.342187 0.001563 0.053125
0 0.976562 0.373437 0.021875 0.018750
0 0.925000 0.373437 0.021875 0.018750
0 0.873437 0.373437 0.021875 0.018750
0 0.837500 0.373437 0.021875 0.018750
0 0.796875 0.373437 0.021875 0.018750
0 0.745313 0.373437 0.021875 0.018750
0 0.693750 0.373437 0.021875 0.018750
0 0.657813 0.373437 0.021875 0.018750
0 0.615625 0.373437 0.021875 0.018750
0 0.564063 0.373437 0.021875 0.018750
0 0.512500 0.373437 0.021875 0.018750
0 0.476562 0.373437 0.021875 0.018750
0 0.434375 0.373437 0.021875 0.018750
0 0.384375 0.373437 0.021875 0.018750
0 0.332813 0.373437 0.021875 0.018750
