10 0.148438 0.325781 0.087500 0.020313
9 0.781250 0.364844 0.003125 0.067187
9 0.446875 0.364844 0.003125 0.067187
9 0.059375 0.364844 0.003125 0.067187
9 0.955469 0.342969 0.001563 0.051562
9 0.827344 0.342969 0.001563 0.051562
12 0.683594 0.364844 0.017188 0.048438
8 0.703125 0.356250 0.006250 0.006250
9 0.652344 0.342969 0.001563 0.051562
9 0.566406 0.342969 0.001563 0.051562
12 0.481250 0.367188 0.015625 0.028125
8 0.500000 0.356250 0.006250 0.006250
12 0.349219 0.364844 0.017188 0.048438
8 0.368750 0.356250 0.006250 0.006250
9 0.317969 0.342969 0.001563 0.051562
9 0.189844 0.342187 0.001563 0.053125
9 0.147656 0.342187 0.001563 0.053125
9 0.105469 0.342187 0.001563 0.053125
0 0.945312 0.373437 0.021875 0.018750
0 0.817187 0.373437 0.021875 0.018750
0 0.643750 0.373437 0.021875 0.018750
0 0.557813 0.373437 0.021875 0.018750
0 0.309375 0.373437 0.021875 0.018750
0 0.181250 0.373437 0.021875 0.018750
0 0.137500 0.373437 0.021875 0.018750
0 0.095312 0.373437 0.021875 0.018750
