10 0.869531 0.409375 0.114062 0.025000
10 0.664844 0.418750 0.114062 0.025000
10 0.507031 0.310937 0.114062 0.025000
10 0.302344 0.320312 0.114062 0.025000
10 0.124219 0.325000 0.114062 0.025000
10 0.882812 0.566406 0.140625 0.032813
10 0.678125 0.572656 0.140625 0.035937
10 0.520312 0.468750 0.140625 0.025000
10 0.315625 0.479687 0.140625 0.028125
10 0.137500 0.485938 0.140625 0.025000
10 0.844531 0.729688 0.064062 0.037500
10 0.639844 0.739062 0.064062 0.037500
10 0.482031 0.635938 0.064062 0.037500
10 0.277344 0.645312 0.064062 0.037500
10 0.099219 0.653125 0.064062 0.037500
10 0.853906 0.885156 0.082812 0.048438
10 0.649219 0.889844 0.082812 0.057813
10 0.491406 0.785937 0.082812 0.037500
10 0.286719 0.795312 0.082812 0.040625
10 0.108594 0.801562 0.082812 0.037500
10 0.466406 0.949219 0.032813 0.042188
10 0.261719 0.957031 0.032813 0.042188
10 0.083594 0.964844 0.032813 0.042188
9 0.787500 0.665625 0.003125 0.668750
9 0.404687 0.665625 0.003125 0.668750
9 0.021875 0.665625 0.003125 0.668750
9 0.482031 0.962500 0.001563 0.059375
9 0.450781 0.970313 0.001563 0.059375
9 0.275781 0.970313 0.001563 0.059375
9 0.246094 0.974219 0.001563 0.051562
9 0.099219 0.974219 0.001563 0.051562
9 0.067969 0.978125 0.001563 0.043750
9 0.991406 0.875000 0.001563 0.046875
12 0.932813 0.851562 0.015625 0.028125
9 0.894531 0.853906 0.001563 0.070312
9 0.813281 0.882812 0.001563 0.046875
12 0.728125 0.851562 0.015625 0.028125
9 0.689844 0.859375 0.001563 0.062500
9 0.608594 0.890625 0.001563 0.046875
12 0.550000 0.851562 0.015625 0.028125
9 0.532031 0.800781 0.001563 0.057813
9 0.450781 0.828906 0.001563 0.082812
12 0.345313 0.851562 0.015625 0.028125
9 0.327344 0.808594 0.001563 0.057813
9 0.246094 0.839063 0.001563 0.078125
12 0.167187 0.851562 0.015625 0.028125
9 0.149219 0.816406 0.001563 0.057813
9 0.067969 0.844531 0.001563 0.082812
9 0.991406 0.714063 0.001563 0.046875
12 0.932813 0.690625 0.015625 0.028125
9 0.875781 0.692969 0.001563 0.070312
9 0.813281 0.721875 0.001563 0.046875
12 0.728125 0.690625 0.015625 0.028125
9 0.671094 0.700781 0.001563 0.070312
9 0.608594 0.729688 0.001563 0.046875
12 0.550000 0.690625 0.015625 0.028125
9 0.511719 0.644531 0.001563 0.045312
9 0.450781 0.672656 0.001563 0.070312
12 0.345313 0.690625 0.015625 0.028125
9 0.307031 0.652344 0.001563 0.045312
9 0.246094 0.682031 0.001563 0.070312
12 0.167187 0.690625 0.015625 0.028125
9 0.130469 0.660156 0.001563 0.045312
9 0.067969 0.689844 0.001563 0.070312
9 0.991406 0.550781 0.001563 0.045312
9 0.952344 0.532031 0.001563 0.070312
9 0.813281 0.558594 0.001563 0.042188
9 0.747656 0.537500 0.001563 0.065625
9 0.608594 0.566406 0.001563 0.042188
9 0.589844 0.483594 0.001563 0.045312
9 0.450781 0.511719 0.001563 0.070312
9 0.385156 0.491406 0.001563 0.045312
9 0.246094 0.521875 0.001563 0.065625
9 0.207031 0.499219 0.001563 0.045312
9 0.067969 0.528906 0.001563 0.070312
9 0.002344 0.506250 0.001563 0.050000
9 0.991406 0.389844 0.001563 0.045312
9 0.925781 0.367188 0.001563 0.065625
9 0.813281 0.396094 0.001563 0.042188
9 0.721094 0.377344 0.001563 0.067187
9 0.608594 0.403906 0.001563 0.042188
9 0.561719 0.324219 0.001563 0.042188
9 0.450781 0.352344 0.001563 0.067187
9 0.357031 0.333594 0.001563 0.042188
9 0.246094 0.360938 0.001563 0.065625
9 0.180469 0.338281 0.001563 0.045312
9 0.067969 0.366406 0.001563 0.070312
0 0.854688 0.978125 0.021875 0.018750
0 0.650000 0.985938 0.021875 0.018750
0 0.471875 0.992188 0.021875 0.015625
0 0.267188 0.996875 0.021875 0.006250
0 0.995313 0.848437 0.009375 0.018750
0 0.904687 0.817187 0.021875 0.018750
0 0.823438 0.857812 0.021875 0.018750
0 0.700000 0.825000 0.021875 0.018750
0 0.618750 0.865625 0.021875 0.018750
0 0.521875 0.832812 0.021875 0.018750
0 0.440625 0.873437 0.021875 0.018750
0 0.317188 0.840625 0.021875 0.018750
0 0.235937 0.881250 0.021875 0.018750
0 0.139063 0.848437 0.021875 0.018750
0 0.059375 0.889062 0.021875 0.018750
0 0.995313 0.687500 0.009375 0.018750
0 0.885938 0.654687 0.021875 0.018750
0 0.823438 0.695312 0.021875 0.018750
0 0.681250 0.664062 0.021875 0.018750
0 0.618750 0.703125 0.021875 0.018750
0 0.503125 0.671875 0.021875 0.018750
0 0.440625 0.712500 0.021875 0.018750
0 0.298438 0.679688 0.021875 0.018750
0 0.235937 0.720313 0.021875 0.018750
0 0.120313 0.687500 0.021875 0.018750
0 0.059375 0.728125 0.021875 0.018750
0 0.995313 0.526563 0.009375 0.018750
0 0.962500 0.493750 0.021875 0.018750
0 0.823438 0.534375 0.021875 0.018750
0 0.757812 0.501563 0.021875 0.018750
0 0.618750 0.542188 0.021875 0.018750
0 0.579688 0.509375 0.021875 0.018750
0 0.440625 0.550000 0.021875 0.018750
0 0.375000 0.518750 0.021875 0.018750
0 0.235937 0.557813 0.021875 0.018750
0 0.198437 0.526563 0.021875 0.018750
0 0.059375 0.567187 0.021875 0.018750
0 0.995313 0.364063 0.009375 0.018750
0 0.935937 0.332813 0.021875 0.018750
0 0.823438 0.373437 0.021875 0.018750
0 0.731250 0.340625 0.021875 0.018750
0 0.618750 0.381250 0.021875 0.018750
0 0.553125 0.348438 0.021875 0.018750
0 0.440625 0.389062 0.021875 0.018750
0 0.348438 0.356250 0.021875 0.018750
0 0.235937 0.396875 0.021875 0.018750
0 0.170313 0.364063 0.021875 0.018750
0 0.059375 0.404687 0.021875 0.018750
