10 0.796875 0.319531 0.093750 0.032813
10 0.308594 0.319531 0.048438 0.032813
14 0.657813 0.364844 0.003125 0.067187
14 0.146875 0.364844 0.003125 0.067187
14 0.942969 0.337500 0.017188 0.062500
9 0.935156 0.339062 0.001563 0.059375
11 0.880469 0.366406 0.023438 0.060937
9 0.842969 0.335938 0.001563 0.065625
9 0.796094 0.335938 0.001563 0.065625
9 0.750781 0.335938 0.001563 0.065625
11 0.696094 0.366406 0.023438 0.060937
14 0.580469 0.337500 0.017188 0.062500
9 0.572656 0.339062 0.001563 0.059375
11 0.517969 0.366406 0.023438 0.060937
14 0.432031 0.337500 0.017188 0.062500
9 0.424219 0.339062 0.001563 0.059375
11 0.369531 0.366406 0.023438 0.060937
9 0.332031 0.335938 0.001563 0.065625
9 0.285156 0.335938 0.001563 0.065625
11 0.230469 0.366406 0.023438 0.060937
14 0.200781 0.337500 0.017188 0.062500
9 0.192969 0.339062 0.001563 0.059375
14 0.069531 0.337500 0.017188 0.062500
9 0.061719 0.339062 0.001563 0.059375
11 0.009375 0.366406 0.018750 0.060937
0 0.925000 0.373437 0.021875 0.018750
0 0.832812 0.373437 0.021875 0.018750
0 0.787500 0.373437 0.021875 0.018750
0 0.740625 0.373437 0.021875 0.018750
0 0.564063 0.373437 0.021875 0.018750
0 0.414062 0.373437 0.021875 0.018750
0 0.321875 0.373437 0.021875 0.018750
0 0.276562 0.373437 0.021875 0.018750
0 0.184375 0.373437 0.021875 0.018750
0 0.053125 0.373437 0.021875 0.018750
