10 0.431250 0.319531 0.046875 0.032813
9 0.860938 0.364844 0.003125 0.067187
9 0.362500 0.364844 0.003125 0.067187
12 0.827344 0.366406 0.023438 0.060937
15 0.797656 0.337500 0.017188 0.062500
9 0.789844 0.339062 0.001563 0.059375
12 0.736719 0.366406 0.023438 0.060937
15 0.708594 0.337500 0.017188 0.062500
9 0.700781 0.339062 0.001563 0.059375
12 0.591406 0.366406 0.023438 0.060937
15 0.561719 0.337500 0.017188 0.062500
9 0.553906 0.339062 0.001563 0.059375
9 0.452344 0.335938 0.001563 0.065625
9 0.408594 0.335938 0.001563 0.065625
12 0.327344 0.366406 0.023438 0.060937
15 0.297656 0.337500 0.017188 0.062500
9 0.289844 0.339062 0.001563 0.059375
12 0.236719 0.366406 0.023438 0.060937
15 0.208594 0.337500 0.017188 0.062500
9 0.200781 0.339062 0.001563 0.059375
12 0.091406 0.366406 0.023438 0.060937
15 0.061719 0.337500 0.017188 0.062500
9 0.053906 0.339062 0.001563 0.059375
0 0.781250 0.373437 0.021875 0.018750
0 0.690625 0.373437 0.021875 0.018750
0 0.545312 0.373437 0.021875 0.018750
0 0.443750 0.373437 0.021875 0.018750
0 0.398438 0.373437 0.021875 0.018750
0 0.281250 0.373437 0.021875 0.018750
0 0.190625 0.373437 0.021875 0.018750
0 0.045312 0.373437 0.021875 0.018750
