7 0.262500 0.366406 0.043750 0.114062
10 0.610938 0.325781 0.043750 0.020313
10 0.424219 0.325781 0.167187 0.020313
14 0.828125 0.364844 0.003125 0.067187
11 0.920312 0.367188 0.015625 0.028125
8 0.940625 0.356250 0.006250 0.006250
11 0.862500 0.367188 0.015625 0.028125
9 0.797656 0.342969 0.001563 0.051562
9 0.714844 0.342969 0.001563 0.051562
9 0.632031 0.342187 0.001563 0.053125
9 0.589844 0.342187 0.001563 0.053125
9 0.507031 0.342187 0.001563 0.053125
9 0.466406 0.342187 0.001563 0.053125
9 0.424219 0.342187 0.001563 0.053125
9 0.383594 0.342187 0.001563 0.053125
9 0.341406 0.342187 0.001563 0.053125
0 0.992188 0.373437 0.015625 0.018750
0 0.787500 0.373437 0.021875 0.018750
0 0.704688 0.373437 0.021875 0.018750
0 0.621875 0.373437 0.021875 0.018750
0 0.581250 0.373437 0.021875 0.018750
0 0.498437 0.373437 0.021875 0.018750
0 0.456250 0.373437 0.021875 0.018750
0 0.415625 0.373437 0.021875 0.018750
0 0.373437 0.373437 0.021875 0.018750
0 0.332813 0.373437 0.021875 0.018750
