10 0.618750 0.325781 0.034375 0.020313
10 0.239063 0.325781 0.034375 0.020313
9 0.860938 0.364844 0.003125 0.067187
9 0.482812 0.364844 0.003125 0.067187
9 0.131250 0.364844 0.003125 0.067187
9 0.805469 0.342969 0.001563 0.051562
12 0.728906 0.364844 0.017188 0.048438
9 0.699219 0.342969 0.001563 0.051562
9 0.635156 0.342187 0.001563 0.053125
9 0.602344 0.342187 0.001563 0.053125
9 0.528906 0.342969 0.001563 0.051562
9 0.425781 0.342969 0.001563 0.051562
12 0.349219 0.364844 0.017188 0.048438
9 0.319531 0.342969 0.001563 0.051562
9 0.255469 0.342187 0.001563 0.053125
9 0.222656 0.342187 0.001563 0.053125
12 0.164062 0.367188 0.015625 0.028125
9 0.074219 0.342969 0.001563 0.051562
12 0.003906 0.364844 0.007812 0.048438
0 0.796875 0.373437 0.021875 0.018750
0 0.690625 0.373437 0.021875 0.018750
0 0.625000 0.373437 0.021875 0.018750
0 0.592187 0.373437 0.021875 0.018750
0 0.518750 0.373437 0.021875 0.018750
0 0.417187 0.373437 0.021875 0.018750
0 0.310937 0.373437 0.021875 0.018750
0 0.245312 0.373437 0.021875 0.018750
0 0.214062 0.373437 0.021875 0.018750
0 0.065625 0.373437 0.021875 0.018750
