10 0.961719 0.433594 0.076563 0.007812
10 0.771875 0.433594 0.184375 0.007812
10 0.500000 0.433594 0.184375 0.007812
10 0.275000 0.296094 0.184375 0.007812
10 0.047656 0.296094 0.095312 0.007812
9 0.653125 0.364844 0.003125 0.067187
9 0.137500 0.364844 0.003125 0.067187
9 0.985156 0.414844 0.001563 0.045312
9 0.924219 0.409375 0.001563 0.053125
9 0.863281 0.390625 0.001563 0.093750
9 0.802344 0.390625 0.001563 0.093750
9 0.741406 0.414844 0.001563 0.045312
9 0.680469 0.409375 0.001563 0.053125
9 0.591406 0.394531 0.001563 0.085938
9 0.530469 0.390625 0.001563 0.093750
9 0.469531 0.414844 0.001563 0.045312
9 0.408594 0.409375 0.001563 0.053125
9 0.366406 0.322656 0.001563 0.060937
9 0.305469 0.314844 0.001563 0.045312
9 0.244531 0.339062 0.001563 0.093750
9 0.183594 0.335156 0.001563 0.085938
9 0.094531 0.327344 0.001563 0.070312
9 0.033594 0.314844 0.001563 0.045312
0 0.992188 0.389062 0.015625 0.018750
0 0.934375 0.381250 0.021875 0.018750
0 0.873437 0.340625 0.021875 0.018750
0 0.812500 0.340625 0.021875 0.018750
0 0.751563 0.389062 0.021875 0.018750
0 0.690625 0.381250 0.021875 0.018750
0 0.601562 0.348438 0.021875 0.018750
0 0.540625 0.340625 0.021875 0.018750
0 0.479687 0.389062 0.021875 0.018750
0 0.418750 0.381250 0.021875 0.018750
0 0.357812 0.356250 0.021875 0.018750
0 0.296875 0.340625 0.021875 0.018750
0 0.235937 0.389062 0.021875 0.018750
0 0.175000 0.381250 0.021875 0.018750
0 0.085938 0.364063 0.021875 0.018750
0 0.025000 0.340625 0.021875 0.018750
