10 0.542188 0.325781 0.037500 0.020313
9 0.860938 0.364844 0.003125 0.067187
9 0.478125 0.364844 0.003125 0.067187
9 0.087500 0.364844 0.003125 0.067187
9 0.830469 0.342969 0.001563 0.051562
12 0.757812 0.367188 0.015625 0.028125
8 0.776563 0.356250 0.006250 0.006250
12 0.707812 0.367188 0.015625 0.028125
9 0.642969 0.342969 0.001563 0.051562
12 0.581250 0.367188 0.015625 0.028125
9 0.558594 0.342187 0.001563 0.053125
9 0.524219 0.342187 0.001563 0.053125
9 0.446094 0.342969 0.001563 0.051562
12 0.373437 0.367188 0.015625 0.028125
8 0.393750 0.356250 0.006250 0.006250
12 0.323437 0.367188 0.015625 0.028125
9 0.260156 0.342969 0.001563 0.051562
12 0.198437 0.367188 0.015625 0.028125
9 0.167969 0.342969 0.001563 0.051562
9 0.055469 0.342969 0.001563 0.051562
8 0.003125 0.356250 0.006250 0.006250
0 0.821875 0.373437 0.021875 0.018750
0 0.634375 0.373437 0.021875 0.018750
0 0.550000 0.373437 0.021875 0.018750
0 0.514062 0.373437 0.021875 0.018750
0 0.437500 0.373437 0.021875 0.018750
0 0.250000 0.373437 0.021875 0.018750
0 0.159375 0.373437 0.021875 0.018750
0 0.046875 0.373437 0.021875 0.018750
