10 0.738281 0.325781 0.045312 0.020313
10 0.557031 0.325781 0.089063 0.020313
10 0.058594 0.325781 0.089063 0.020313
9 0.670312 0.364844 0.003125 0.067187
9 0.170313 0.364844 0.003125 0.067187
9 0.925781 0.342969 0.001563 0.051562
12 0.851562 0.367188 0.015625 0.028125
12 0.790625 0.367188 0.015625 0.028125
9 0.760156 0.342187 0.001563 0.053125
9 0.716406 0.342187 0.001563 0.053125
9 0.600781 0.342187 0.001563 0.053125
9 0.557031 0.342187 0.001563 0.053125
9 0.513281 0.342187 0.001563 0.053125
9 0.427344 0.342969 0.001563 0.051562
12 0.353125 0.367188 0.015625 0.028125
12 0.290625 0.367188 0.015625 0.028125
9 0.260156 0.342969 0.001563 0.051562
9 0.100781 0.342187 0.001563 0.053125
9 0.058594 0.342187 0.001563 0.053125
9 0.014844 0.342187 0.001563 0.053125
0 0.917188 0.373437 0.021875 0.018750
0 0.750000 0.373437 0.021875 0.018750
0 0.706250 0.373437 0.021875 0.018750
0 0.592187 0.373437 0.021875 0.018750
0 0.548438 0.373437 0.021875 0.018750
0 0.504687 0.373437 0.021875 0.018750
0 0.417187 0.373437 0.021875 0.018750
0 0.250000 0.373437 0.021875 0.018750
0 0.092188 0.373437 0.021875 0.018750
0 0.048438 0.373437 0.021875 0.018750
0 0.007812 0.373437 0.015625 0.018750
