10 0.499219 0.319531 0.048438 0.032813
9 0.646875 0.364844 0.003125 0.067187
9 0.123438 0.364844 0.003125 0.067187
9 0.997656 0.335938 0.001563 0.065625
15 0.900781 0.337500 0.017188 0.062500
9 0.892969 0.339062 0.001563 0.059375
12 0.836719 0.366406 0.023438 0.060937
15 0.747656 0.337500 0.017188 0.062500
9 0.739844 0.339062 0.001563 0.059375
12 0.683594 0.366406 0.023438 0.060937
15 0.624219 0.337500 0.017188 0.062500
9 0.616406 0.339062 0.001563 0.059375
12 0.561719 0.366406 0.023438 0.060937
9 0.522656 0.335938 0.001563 0.065625
9 0.475781 0.335938 0.001563 0.065625
15 0.377344 0.337500 0.017188 0.062500
9 0.369531 0.339062 0.001563 0.059375
12 0.314844 0.366406 0.023438 0.060937
12 0.208594 0.366406 0.023438 0.060937
15 0.177344 0.337500 0.017188 0.062500
9 0.169531 0.339062 0.001563 0.059375
15 0.100781 0.337500 0.017188 0.062500
9 0.092969 0.339062 0.001563 0.059375
12 0.038281 0.366406 0.023438 0.060937
0 0.989062 0.373437 0.021875 0.018750
0 0.882812 0.373437 0.021875 0.018750
0 0.729688 0.373437 0.021875 0.018750
0 0.607812 0.373437 0.021875 0.018750
0 0.512500 0.373437 0.021875 0.018750
0 0.465625 0.373437 0.021875 0.018750
0 0.360938 0.373437 0.021875 0.018750
0 0.160938 0.373437 0.021875 0.018750
0 0.084375 0.373437 0.021875 0.018750
