10 0.104688 0.319531 0.209375 0.032813
9 0.860938 0.364844 0.003125 0.067187
9 0.439063 0.364844 0.003125 0.067187
15 0.835156 0.337500 0.017188 0.062500
9 0.827344 0.339062 0.001563 0.059375
8 0.759375 0.356250 0.006250 0.006250
12 0.686719 0.366406 0.023438 0.060937
15 0.650781 0.337500 0.017188 0.062500
9 0.642969 0.339062 0.001563 0.059375
12 0.473438 0.367188 0.015625 0.028125
15 0.413281 0.337500 0.017188 0.062500
9 0.405469 0.339062 0.001563 0.059375
8 0.337500 0.356250 0.006250 0.006250
9 0.208594 0.335938 0.001563 0.065625
9 0.157031 0.335938 0.001563 0.065625
9 0.103906 0.335938 0.001563 0.065625
9 0.052344 0.335938 0.001563 0.065625
0 0.818750 0.373437 0.021875 0.018750
0 0.634375 0.373437 0.021875 0.018750
0 0.396875 0.373437 0.021875 0.018750
0 0.198437 0.373437 0.021875 0.018750
0 0.146875 0.373437 0.021875 0.018750
0 0.095312 0.373437 0.021875 0.018750
0 0.042188 0.373437 0.021875 0.018750
