10 0.588281 0.325781 0.048438 0.020313
10 0.086719 0.325781 0.048438 0.020313
14 0.860938 0.364844 0.003125 0.067187
14 0.360938 0.364844 0.003125 0.067187
11 0.803125 0.367188 0.015625 0.028125
9 0.722656 0.342969 0.001563 0.051562
11 0.645312 0.367188 0.015625 0.028125
9 0.610156 0.342187 0.001563 0.053125
9 0.564844 0.342187 0.001563 0.053125
9 0.517969 0.342969 0.001563 0.051562
11 0.440625 0.367188 0.015625 0.028125
9 0.407031 0.342969 0.001563 0.051562
11 0.301563 0.367188 0.015625 0.028125
9 0.221094 0.342969 0.001563 0.051562
11 0.143750 0.367188 0.015625 0.028125
9 0.110156 0.342187 0.001563 0.053125
9 0.063281 0.342187 0.001563 0.053125
9 0.016406 0.342969 0.001563 0.051562
0 0.712500 0.373437 0.021875 0.018750
0 0.601562 0.373437 0.021875 0.018750
0 0.554688 0.373437 0.021875 0.018750
0 0.509375 0.373437 0.021875 0.018750
0 0.396875 0.373437 0.021875 0.018750
0 0.212500 0.373437 0.021875 0.018750
0 0.100000 0.373437 0.021875 0.018750
0 0.054688 0.373437 0.021875 0.018750
0 0.009375 0.373437 0.018750 0.018750
