10 0.428906 0.325781 0.042188 0.020313
9 0.860938 0.364844 0.003125 0.067187
9 0.362500 0.364844 0.003125 0.067187
9 0.830469 0.342969 0.001563 0.051562
9 0.749219 0.342969 0.001563 0.051562
9 0.627344 0.342969 0.001563 0.051562
12 0.557813 0.367188 0.015625 0.028125
9 0.528906 0.342969 0.001563 0.051562
9 0.449219 0.342187 0.001563 0.053125
9 0.408594 0.342187 0.001563 0.053125
9 0.332031 0.342969 0.001563 0.051562
9 0.250781 0.342969 0.001563 0.051562
9 0.128906 0.342969 0.001563 0.051562
12 0.059375 0.367188 0.015625 0.028125
9 0.030469 0.342969 0.001563 0.051562
0 0.821875 0.373437 0.021875 0.018750
0 0.739062 0.373437 0.021875 0.018750
0 0.617188 0.373437 0.021875 0.018750
0 0.520312 0.373437 0.021875 0.018750
0 0.439063 0.373437 0.021875 0.018750
0 0.400000 0.373437 0.021875 0.018750
0 0.321875 0.373437 0.021875 0.018750
0 0.240625 0.373437 0.021875 0.018750
0 0.118750 0.373437 0.021875 0.018750
0 0.021875 0.373437 0.021875 0.018750
