7 0.262500 0.366406 0.043750 0.114062
10 0.754687 0.325781 0.068750 0.020313
10 0.392969 0.325781 0.035937 0.020313
9 0.675000 0.364844 0.003125 0.067187
9 0.997656 0.342969 0.001563 0.051562
12 0.917969 0.364844 0.017188 0.048438
9 0.888281 0.342969 0.001563 0.051562
9 0.788281 0.342187 0.001563 0.053125
9 0.753906 0.342187 0.001563 0.053125
9 0.721094 0.342187 0.001563 0.053125
9 0.617969 0.342969 0.001563 0.051562
12 0.539844 0.364844 0.017188 0.048438
9 0.508594 0.342969 0.001563 0.051562
9 0.408594 0.342187 0.001563 0.053125
9 0.375781 0.342187 0.001563 0.053125
0 0.987500 0.373437 0.021875 0.018750
0 0.879687 0.373437 0.021875 0.018750
0 0.778125 0.373437 0.021875 0.018750
0 0.745313 0.373437 0.021875 0.018750
0 0.710938 0.373437 0.021875 0.018750
0 0.609375 0.373437 0.021875 0.018750
0 0.500000 0.373437 0.021875 0.018750
0 0.400000 0.373437 0.021875 0.018750
0 0.365625 0.373437 0.021875 0.018750
