10 0.975781 0.325781 0.048438 0.020313
10 0.775781 0.325781 0.120313 0.020313
10 0.482031 0.325781 0.060937 0.020313
10 0.305469 0.325781 0.060937 0.020313
9 0.670312 0.364844 0.003125 0.067187
9 0.170313 0.364844 0.003125 0.067187
9 0.952344 0.342187 0.001563 0.053125
9 0.833594 0.342187 0.001563 0.053125
9 0.774219 0.342187 0.001563 0.053125
9 0.716406 0.342187 0.001563 0.053125
9 0.628906 0.342969 0.001563 0.051562
9 0.511719 0.342187 0.001563 0.053125
9 0.452344 0.342187 0.001563 0.053125
9 0.333594 0.342187 0.001563 0.053125
9 0.275781 0.342187 0.001563 0.053125
9 0.128906 0.342969 0.001563 0.051562
9 0.011719 0.342187 0.001563 0.053125
0 0.995313 0.373437 0.009375 0.018750
0 0.942187 0.373437 0.021875 0.018750
0 0.825000 0.373437 0.021875 0.018750
0 0.765625 0.373437 0.021875 0.018750
0 0.706250 0.373437 0.021875 0.018750
0 0.620313 0.373437 0.021875 0.018750
0 0.501563 0.373437 0.021875 0.018750
0 0.443750 0.373437 0.021875 0.018750
0 0.325000 0.373437 0.021875 0.018750
0 0.265625 0.373437 0.021875 0.018750
0 0.120313 0.373437 0.021875 0.018750
0 0.006250 0.373437 0.012500 0.018750
