7 0.262500 0.366406 0.043750 0.114062
10 0.633594 0.325781 0.035937 0.020313
9 0.665625 0.364844 0.003125 0.067187
9 0.932031 0.342969 0.001563 0.051562
12 0.852344 0.364844 0.017188 0.048438
9 0.821094 0.342969 0.001563 0.051562
9 0.746094 0.342969 0.001563 0.051562
9 0.650781 0.342187 0.001563 0.053125
9 0.616406 0.342187 0.001563 0.053125
9 0.541406 0.342969 0.001563 0.051562
12 0.461719 0.364844 0.017188 0.048438
9 0.432031 0.342969 0.001563 0.051562
12 0.370312 0.367188 0.015625 0.028125
9 0.341406 0.342969 0.001563 0.051562
0 0.993750 0.373437 0.012500 0.018750
0 0.921875 0.373437 0.021875 0.018750
0 0.812500 0.373437 0.021875 0.018750
0 0.737500 0.373437 0.021875 0.018750
0 0.640625 0.373437 0.021875 0.018750
0 0.607812 0.373437 0.021875 0.018750
0 0.531250 0.373437 0.021875 0.018750
0 0.421875 0.373437 0.021875 0.018750
0 0.332813 0.373437 0.021875 0.018750
