7 0.262500 0.366406 0.043750 0.114062
10 0.863281 0.325781 0.045312 0.020313
9 0.795312 0.364844 0.003125 0.067187
12 0.914062 0.367188 0.015625 0.028125
9 0.883594 0.342187 0.001563 0.053125
9 0.841406 0.342187 0.001563 0.053125
9 0.763281 0.342969 0.001563 0.051562
9 0.635156 0.342969 0.001563 0.051562
12 0.562500 0.367188 0.015625 0.028125
9 0.530469 0.342969 0.001563 0.051562
12 0.415625 0.367188 0.015625 0.028125
9 0.385156 0.342969 0.001563 0.051562
0 0.875000 0.373437 0.021875 0.018750
0 0.831250 0.373437 0.021875 0.018750
0 0.754687 0.373437 0.021875 0.018750
0 0.625000 0.373437 0.021875 0.018750
0 0.521875 0.373437 0.021875 0.018750
0 0.375000 0.373437 0.021875 0.018750
