10 0.690625 0.319531 0.090625 0.032813
10 0.532031 0.319531 0.048438 0.032813
10 0.157812 0.319531 0.090625 0.032813
10 0.011719 0.319531 0.023438 0.032813
9 0.860938 0.364844 0.003125 0.067187
9 0.328125 0.364844 0.003125 0.067187
12 0.771094 0.366406 0.023438 0.060937
9 0.735156 0.335938 0.001563 0.065625
9 0.689844 0.335938 0.001563 0.065625
9 0.646094 0.335938 0.001563 0.065625
12 0.592969 0.366406 0.023438 0.060937
9 0.555469 0.335938 0.001563 0.065625
9 0.508594 0.335938 0.001563 0.065625
12 0.455469 0.366406 0.023438 0.060937
15 0.427344 0.337500 0.017188 0.062500
9 0.419531 0.339062 0.001563 0.059375
12 0.366406 0.366406 0.023438 0.060937
12 0.238281 0.366406 0.023438 0.060937
9 0.202344 0.335938 0.001563 0.065625
9 0.157031 0.335938 0.001563 0.065625
9 0.113281 0.335938 0.001563 0.065625
12 0.060156 0.366406 0.023438 0.060937
9 0.024219 0.335938 0.001563 0.065625
0 0.725000 0.373437 0.021875 0.018750
0 0.681250 0.373437 0.021875 0.018750
0 0.635938 0.373437 0.021875 0.018750
0 0.546875 0.373437 0.021875 0.018750
0 0.500000 0.373437 0.021875 0.018750
0 0.410938 0.373437 0.021875 0.018750
0 0.193750 0.373437 0.021875 0.018750
0 0.148438 0.373437 0.021875 0.018750
0 0.103125 0.373437 0.021875 0.018750
0 0.014063 0.373437 0.021875 0.018750
