10 0.946875 0.319531 0.106250 0.032813
10 0.687500 0.319531 0.043750 0.032813
10 0.541406 0.319531 0.085938 0.032813
10 0.332031 0.319531 0.170313 0.032813
10 0.157812 0.319531 0.043750 0.032813
10 0.026562 0.319531 0.053125 0.032813
9 0.732812 0.364844 0.003125 0.067187
9 0.201563 0.364844 0.003125 0.067187
9 0.978906 0.335938 0.001563 0.065625
9 0.936719 0.335938 0.001563 0.065625
9 0.894531 0.335938 0.001563 0.065625
12 0.844531 0.366406 0.023438 0.060937
12 0.765625 0.367188 0.015625 0.028125
9 0.708594 0.335938 0.001563 0.065625
9 0.666406 0.335938 0.001563 0.065625
12 0.616406 0.366406 0.023438 0.060937
9 0.583594 0.335938 0.001563 0.065625
9 0.541406 0.335938 0.001563 0.065625
9 0.499219 0.335938 0.001563 0.065625
12 0.449219 0.366406 0.023438 0.060937
9 0.414844 0.335938 0.001563 0.065625
9 0.372656 0.335938 0.001563 0.065625
9 0.332031 0.335938 0.001563 0.065625
9 0.289844 0.335938 0.001563 0.065625
9 0.247656 0.335938 0.001563 0.065625
9 0.177344 0.335938 0.001563 0.065625
9 0.136719 0.335938 0.001563 0.065625
12 0.085156 0.366406 0.023438 0.060937
9 0.052344 0.335938 0.001563 0.065625
9 0.010156 0.335938 0.001563 0.065625
0 0.968750 0.373437 0.021875 0.018750
0 0.926562 0.373437 0.021875 0.018750
0 0.885938 0.373437 0.021875 0.018750
0 0.700000 0.373437 0.021875 0.018750
0 0.657813 0.373437 0.021875 0.018750
0 0.573438 0.373437 0.021875 0.018750
0 0.531250 0.373437 0.021875 0.018750
0 0.489063 0.373437 0.021875 0.018750
0 0.406250 0.373437 0.021875 0.018750
0 0.364063 0.373437 0.021875 0.018750
0 0.321875 0.373437 0.021875 0.018750
0 0.279687 0.373437 0.021875 0.018750
0 0.237500 0.373437 0.021875 0.018750
0 0.168750 0.373437 0.021875 0.018750
0 0.126562 0.373437 0.021875 0.018750
0 0.042188 0.373437 0.021875 0.018750
0 0.006250 0.373437 0.012500 0.018750
