10 0.447656 0.319531 0.076563 0.032813
9 0.860938 0.364844 0.003125 0.067187
9 0.364063 0.364844 0.003125 0.067187
15 0.839844 0.337500 0.017188 0.062500
9 0.832031 0.339062 0.001563 0.059375
12 0.785156 0.366406 0.023438 0.060937
15 0.761719 0.337500 0.017188 0.062500
9 0.753906 0.339062 0.001563 0.059375
12 0.707031 0.366406 0.023438 0.060937
15 0.683594 0.337500 0.017188 0.062500
9 0.675781 0.339062 0.001563 0.059375
12 0.628906 0.366406 0.023438 0.060937
15 0.605469 0.337500 0.017188 0.062500
9 0.597656 0.339062 0.001563 0.059375
12 0.550781 0.366406 0.023438 0.060937
12 0.513281 0.366406 0.023438 0.060937
9 0.485156 0.335938 0.001563 0.065625
9 0.447656 0.335938 0.001563 0.065625
9 0.410156 0.335938 0.001563 0.065625
15 0.341406 0.337500 0.017188 0.062500
9 0.333594 0.339062 0.001563 0.059375
12 0.288281 0.366406 0.023438 0.060937
15 0.263281 0.337500 0.017188 0.062500
9 0.255469 0.339062 0.001563 0.059375
12 0.210156 0.366406 0.023438 0.060937
15 0.185156 0.337500 0.017188 0.062500
9 0.177344 0.339062 0.001563 0.059375
12 0.132031 0.366406 0.023438 0.060937
15 0.107031 0.337500 0.017188 0.062500
9 0.099219 0.339062 0.001563 0.059375
12 0.053906 0.366406 0.023438 0.060937
12 0.016406 0.366406 0.023438 0.060937
0 0.821875 0.373437 0.021875 0.018750
0 0.743750 0.373437 0.021875 0.018750
0 0.665625 0.373437 0.021875 0.018750
0 0.587500 0.373437 0.021875 0.018750
0 0.475000 0.373437 0.021875 0.018750
0 0.437500 0.373437 0.021875 0.018750
0 0.400000 0.373437 0.021875 0.018750
0 0.325000 0.373437 0.021875 0.018750
0 0.246875 0.373437 0.021875 0.018750
0 0.168750 0.373437 0.021875 0.018750
0 0.090625 0.373437 0.021875 0.018750
