10 0.975000 0.319531 0.046875 0.032813
10 0.784375 0.319531 0.137500 0.032813
10 0.621875 0.319531 0.046875 0.032813
10 0.475000 0.319531 0.046875 0.032813
10 0.307031 0.319531 0.092188 0.032813
10 0.121875 0.319531 0.046875 0.032813
9 0.670312 0.364844 0.003125 0.067187
9 0.170313 0.364844 0.003125 0.067187
9 0.997656 0.335938 0.001563 0.065625
9 0.952344 0.335938 0.001563 0.065625
9 0.850781 0.335938 0.001563 0.065625
9 0.805469 0.335938 0.001563 0.065625
9 0.760156 0.335938 0.001563 0.065625
9 0.716406 0.335938 0.001563 0.065625
9 0.642969 0.335938 0.001563 0.065625
9 0.599219 0.335938 0.001563 0.065625
9 0.497656 0.335938 0.001563 0.065625
9 0.452344 0.335938 0.001563 0.065625
9 0.350781 0.335938 0.001563 0.065625
9 0.305469 0.335938 0.001563 0.065625
9 0.261719 0.335938 0.001563 0.065625
12 0.207031 0.366406 0.023438 0.060937
9 0.142969 0.335938 0.001563 0.065625
9 0.099219 0.335938 0.001563 0.065625
0 0.987500 0.373437 0.021875 0.018750
0 0.942187 0.373437 0.021875 0.018750
0 0.842187 0.373437 0.021875 0.018750
0 0.796875 0.373437 0.021875 0.018750
0 0.751563 0.373437 0.021875 0.018750
0 0.706250 0.373437 0.021875 0.018750
0 0.634375 0.373437 0.021875 0.018750
0 0.589063 0.373437 0.021875 0.018750
0 0.487500 0.373437 0.021875 0.018750
0 0.442188 0.373437 0.021875 0.018750
0 0.342187 0.373437 0.021875 0.018750
0 0.296875 0.373437 0.021875 0.018750
0 0.251563 0.373437 0.021875 0.018750
0 0.134375 0.373437 0.021875 0.018750
0 0.089063 0.373437 0.021875 0.018750
