10 0.969531 0.319531 0.060937 0.032813
10 0.489063 0.319531 0.143750 0.032813
9 0.646875 0.364844 0.003125 0.067187
9 0.123438 0.364844 0.003125 0.067187
9 0.988281 0.335938 0.001563 0.065625
9 0.939844 0.335938 0.001563 0.065625
12 0.885156 0.366406 0.023438 0.060937
15 0.853906 0.337500 0.017188 0.062500
9 0.846094 0.339062 0.001563 0.059375
15 0.747656 0.337500 0.017188 0.062500
9 0.739844 0.339062 0.001563 0.059375
12 0.683594 0.366406 0.023438 0.060937
9 0.558594 0.335938 0.001563 0.065625
9 0.511719 0.335938 0.001563 0.065625
9 0.464844 0.335938 0.001563 0.065625
9 0.417969 0.335938 0.001563 0.065625
12 0.361719 0.366406 0.023438 0.060937
15 0.330469 0.337500 0.017188 0.062500
9 0.322656 0.339062 0.001563 0.059375
12 0.208594 0.366406 0.023438 0.060937
15 0.177344 0.337500 0.017188 0.062500
9 0.169531 0.339062 0.001563 0.059375
9 0.035156 0.335938 0.001563 0.065625
0 0.978125 0.373437 0.021875 0.018750
0 0.931250 0.373437 0.021875 0.018750
0 0.835938 0.373437 0.021875 0.018750
0 0.729688 0.373437 0.021875 0.018750
0 0.550000 0.373437 0.021875 0.018750
0 0.503125 0.373437 0.021875 0.018750
0 0.454688 0.373437 0.021875 0.018750
0 0.407813 0.373437 0.021875 0.018750
0 0.314063 0.373437 0.021875 0.018750
0 0.160938 0.373437 0.021875 0.018750
0 0.026562 0.373437 0.021875 0.018750
