10 0.813281 0.319531 0.045312 0.032813
10 0.623437 0.319531 0.087500 0.032813
10 0.249219 0.319531 0.045312 0.032813
10 0.114062 0.319531 0.087500 0.032813
9 0.690625 0.364844 0.003125 0.067187
9 0.181250 0.364844 0.003125 0.067187
12 0.964844 0.366406 0.023438 0.060937
15 0.938281 0.337500 0.017188 0.062500
9 0.930469 0.339062 0.001563 0.059375
9 0.833594 0.335938 0.001563 0.065625
9 0.791406 0.335938 0.001563 0.065625
9 0.666406 0.335938 0.001563 0.065625
9 0.624219 0.335938 0.001563 0.065625
9 0.580469 0.335938 0.001563 0.065625
12 0.528906 0.366406 0.023438 0.060937
12 0.486719 0.366406 0.023438 0.060937
15 0.460156 0.337500 0.017188 0.062500
9 0.452344 0.339062 0.001563 0.059375
15 0.363281 0.337500 0.017188 0.062500
9 0.355469 0.339062 0.001563 0.059375
12 0.303906 0.366406 0.023438 0.060937
9 0.269531 0.335938 0.001563 0.065625
9 0.227344 0.335938 0.001563 0.065625
9 0.157031 0.335938 0.001563 0.065625
9 0.113281 0.335938 0.001563 0.065625
9 0.071094 0.335938 0.001563 0.065625
12 0.019531 0.366406 0.023438 0.060937
0 0.921875 0.373437 0.021875 0.018750
0 0.825000 0.373437 0.021875 0.018750
0 0.781250 0.373437 0.021875 0.018750
0 0.657813 0.373437 0.021875 0.018750
0 0.614062 0.373437 0.021875 0.018750
0 0.571875 0.373437 0.021875 0.018750
0 0.442188 0.373437 0.021875 0.018750
0 0.346875 0.373437 0.021875 0.018750
0 0.260937 0.373437 0.021875 0.018750
0 0.217188 0.373437 0.021875 0.018750
0 0.146875 0.373437 0.021875 0.018750
0 0.104688 0.373437 0.021875 0.018750
0 0.060937 0.373437 0.021875 0.018750
