10 0.889844 0.325781 0.039062 0.020313
9 0.787500 0.364844 0.003125 0.067187
9 0.395313 0.364844 0.003125 0.067187
9 0.031250 0.364844 0.003125 0.067187
12 0.971094 0.364844 0.017188 0.048438
9 0.907031 0.342187 0.001563 0.053125
9 0.871094 0.342187 0.001563 0.053125
12 0.740625 0.367188 0.015625 0.028125
9 0.711719 0.342969 0.001563 0.051562
12 0.588281 0.364844 0.017188 0.048438
9 0.521094 0.342969 0.001563 0.051562
9 0.441406 0.342969 0.001563 0.051562
12 0.350000 0.367188 0.015625 0.028125
9 0.319531 0.342969 0.001563 0.051562
12 0.196094 0.364844 0.017188 0.048438
9 0.128906 0.342969 0.001563 0.051562
12 0.064062 0.367188 0.015625 0.028125
0 0.898438 0.373437 0.021875 0.018750
0 0.860938 0.373437 0.021875 0.018750
0 0.701562 0.373437 0.021875 0.018750
0 0.510938 0.373437 0.021875 0.018750
0 0.432812 0.373437 0.021875 0.018750
0 0.310937 0.373437 0.021875 0.018750
0 0.120313 0.373437 0.021875 0.018750
