10 0.275781 0.325781 0.085938 0.020313
9 0.704688 0.364844 0.003125 0.067187
9 0.187500 0.364844 0.003125 0.067187
9 0.952344 0.342969 0.001563 0.051562
9 0.866406 0.342969 0.001563 0.051562
9 0.824219 0.342969 0.001563 0.051562
12 0.739062 0.367188 0.015625 0.028125
8 0.757812 0.356250 0.006250 0.006250
9 0.674219 0.342969 0.001563 0.051562
12 0.601562 0.367188 0.015625 0.028125
9 0.572656 0.342969 0.001563 0.051562
9 0.488281 0.342969 0.001563 0.051562
9 0.403906 0.342969 0.001563 0.051562
9 0.317969 0.342187 0.001563 0.053125
9 0.275781 0.342187 0.001563 0.053125
9 0.233594 0.342187 0.001563 0.053125
9 0.157031 0.342969 0.001563 0.051562
12 0.084375 0.367188 0.015625 0.028125
9 0.055469 0.342969 0.001563 0.051562
0 0.942187 0.373437 0.021875 0.018750
0 0.857812 0.373437 0.021875 0.018750
0 0.815625 0.373437 0.021875 0.018750
0 0.665625 0.373437 0.021875 0.018750
0 0.562500 0.373437 0.021875 0.018750
0 0.478125 0.373437 0.021875 0.018750
0 0.393750 0.373437 0.021875 0.018750
0 0.309375 0.373437 0.021875 0.018750
0 0.267188 0.373437 0.021875 0.018750
0 0.225000 0.373437 0.021875 0.018750
0 0.146875 0.373437 0.021875 0.018750
0 0.045312 0.373437 0.021875 0.018750
