10 0.636719 0.319531 0.045312 0.032813
10 0.178906 0.319531 0.045312 0.032813
14 0.860938 0.364844 0.003125 0.067187
14 0.404687 0.364844 0.003125 0.067187
14 0.839844 0.337500 0.017188 0.062500
9 0.832031 0.339062 0.001563 0.059375
11 0.780469 0.366406 0.023438 0.060937
14 0.752344 0.337500 0.017188 0.062500
9 0.744531 0.339062 0.001563 0.059375
11 0.692969 0.366406 0.023438 0.060937
9 0.658594 0.335938 0.001563 0.065625
9 0.614844 0.335938 0.001563 0.065625
14 0.524219 0.337500 0.017188 0.062500
9 0.516406 0.339062 0.001563 0.059375
8 0.462500 0.356250 0.006250 0.006250
14 0.382031 0.337500 0.017188 0.062500
9 0.374219 0.339062 0.001563 0.059375
11 0.322656 0.366406 0.023438 0.060937
14 0.296094 0.337500 0.017188 0.062500
9 0.288281 0.339062 0.001563 0.059375
11 0.235156 0.366406 0.023438 0.060937
9 0.200781 0.335938 0.001563 0.065625
9 0.157031 0.335938 0.001563 0.065625
11 0.050781 0.366406 0.023438 0.060937
9 0.016406 0.335938 0.001563 0.065625
0 0.821875 0.373437 0.021875 0.018750
0 0.735938 0.373437 0.021875 0.018750
0 0.648438 0.373437 0.021875 0.018750
0 0.604688 0.373437 0.021875 0.018750
0 0.507812 0.373437 0.021875 0.018750
0 0.365625 0.373437 0.021875 0.018750
0 0.278125 0.373437 0.021875 0.018750
0 0.192188 0.373437 0.021875 0.018750
0 0.148438 0.373437 0.021875 0.018750
0 0.009375 0.373437 0.018750 0.018750
