7 0.262500 0.366406 0.043750 0.114062
9 0.776563 0.364844 0.003125 0.067187
12 0.996094 0.367188 0.007812 0.028125
9 0.917969 0.342969 0.001563 0.051562
9 0.822656 0.342969 0.001563 0.051562
9 0.700781 0.342969 0.001563 0.051562
12 0.620313 0.367188 0.015625 0.028125
9 0.585156 0.342969 0.001563 0.051562
12 0.490625 0.367188 0.015625 0.028125
8 0.510938 0.356250 0.006250 0.006250
9 0.408594 0.342969 0.001563 0.051562
12 0.329688 0.367188 0.015625 0.028125
0 0.907813 0.373437 0.021875 0.018750
0 0.814063 0.373437 0.021875 0.018750
0 0.690625 0.373437 0.021875 0.018750
0 0.576562 0.373437 0.021875 0.018750
0 0.400000 0.373437 0.021875 0.018750
