10 0.156250 0.325781 0.112500 0.020313
9 0.775000 0.364844 0.003125 0.067187
9 0.439063 0.364844 0.003125 0.067187
9 0.054688 0.364844 0.003125 0.067187
9 0.952344 0.342969 0.001563 0.051562
12 0.887500 0.367188 0.015625 0.028125
9 0.821094 0.342969 0.001563 0.051562
12 0.729688 0.367188 0.015625 0.028125
9 0.700781 0.342969 0.001563 0.051562
12 0.625000 0.367188 0.015625 0.028125
8 0.643750 0.356250 0.006250 0.006250
9 0.558594 0.342969 0.001563 0.051562
12 0.472656 0.364844 0.017188 0.048438
12 0.392188 0.367188 0.015625 0.028125
9 0.363281 0.342969 0.001563 0.051562
12 0.287500 0.367188 0.015625 0.028125
8 0.306250 0.356250 0.006250 0.006250
12 0.235937 0.367188 0.015625 0.028125
9 0.211719 0.342187 0.001563 0.053125
9 0.174219 0.342187 0.001563 0.053125
9 0.136719 0.342187 0.001563 0.053125
9 0.100781 0.342187 0.001563 0.053125
12 0.009375 0.367188 0.015625 0.028125
0 0.942187 0.373437 0.021875 0.018750
0 0.812500 0.373437 0.021875 0.018750
0 0.690625 0.373437 0.021875 0.018750
0 0.548438 0.373437 0.021875 0.018750
0 0.354687 0.373437 0.021875 0.018750
0 0.201563 0.373437 0.021875 0.018750
0 0.164062 0.373437 0.021875 0.018750
0 0.128125 0.373437 0.021875 0.018750
0 0.090625 0.373437 0.021875 0.018750
