7 0.262500 0.366406 0.043750 0.114062
10 0.950000 0.319531 0.056250 0.032813
10 0.435937 0.319531 0.056250 0.032813
9 0.768750 0.364844 0.003125 0.067187
9 0.975781 0.335938 0.001563 0.065625
9 0.922656 0.335938 0.001563 0.065625
12 0.860156 0.366406 0.023438 0.060937
15 0.822656 0.337500 0.017188 0.062500
9 0.814844 0.339062 0.001563 0.059375
12 0.657031 0.366406 0.023438 0.060937
15 0.619531 0.337500 0.017188 0.062500
9 0.611719 0.339062 0.001563 0.059375
12 0.504687 0.367188 0.015625 0.028125
9 0.463281 0.335938 0.001563 0.065625
9 0.408594 0.335938 0.001563 0.065625
0 0.967187 0.373437 0.021875 0.018750
0 0.912500 0.373437 0.021875 0.018750
0 0.804688 0.373437 0.021875 0.018750
0 0.603125 0.373437 0.021875 0.018750
0 0.453125 0.373437 0.021875 0.018750
0 0.400000 0.373437 0.021875 0.018750
