10 0.950000 0.328125 0.100000 0.025000
10 0.753906 0.328125 0.145313 0.025000
10 0.561719 0.328125 0.145313 0.025000
10 0.342969 0.328125 0.145313 0.025000
10 0.150781 0.328125 0.145313 0.025000
9 0.854688 0.364844 0.003125 0.067187
9 0.443750 0.364844 0.003125 0.067187
9 0.032813 0.364844 0.003125 0.067187
9 0.996094 0.366406 0.001563 0.070312
9 0.949219 0.363281 0.001563 0.076563
9 0.900781 0.345313 0.001563 0.050000
9 0.825781 0.360938 0.001563 0.050000
9 0.777344 0.366406 0.001563 0.070312
9 0.728906 0.359375 0.001563 0.068750
9 0.682031 0.345313 0.001563 0.050000
9 0.633594 0.360938 0.001563 0.050000
9 0.585156 0.366406 0.001563 0.070312
9 0.536719 0.355469 0.001563 0.060937
9 0.489844 0.345313 0.001563 0.050000
9 0.414844 0.360938 0.001563 0.050000
9 0.366406 0.366406 0.001563 0.070312
9 0.317969 0.350781 0.001563 0.051562
9 0.271094 0.345313 0.001563 0.050000
9 0.222656 0.360938 0.001563 0.050000
9 0.174219 0.366406 0.001563 0.070312
9 0.127344 0.346875 0.001563 0.043750
9 0.078906 0.345313 0.001563 0.050000
9 0.003906 0.350781 0.001563 0.070312
0 0.987500 0.404687 0.021875 0.018750
0 0.939063 0.404687 0.021875 0.018750
0 0.890625 0.373437 0.021875 0.018750
0 0.815625 0.389062 0.021875 0.018750
0 0.767188 0.404687 0.021875 0.018750
0 0.720313 0.396875 0.021875 0.018750
0 0.671875 0.373437 0.021875 0.018750
0 0.623437 0.389062 0.021875 0.018750
0 0.576562 0.404687 0.021875 0.018750
0 0.528125 0.389062 0.021875 0.018750
0 0.479687 0.373437 0.021875 0.018750
0 0.404687 0.389062 0.021875 0.018750
0 0.356250 0.404687 0.021875 0.018750
0 0.309375 0.381250 0.021875 0.018750
0 0.260937 0.373437 0.021875 0.018750
0 0.212500 0.389062 0.021875 0.018750
0 0.165625 0.404687 0.021875 0.018750
0 0.117188 0.373437 0.021875 0.018750
0 0.068750 0.373437 0.021875 0.018750
