10 0.782031 0.325781 0.035937 0.020313
10 0.664844 0.325781 0.035937 0.020313
10 0.397656 0.325781 0.035937 0.020313
10 0.282031 0.325781 0.035937 0.020313
10 0.015625 0.325781 0.031250 0.020313
9 0.860938 0.364844 0.003125 0.067187
9 0.478125 0.364844 0.003125 0.067187
9 0.093750 0.364844 0.003125 0.067187
12 0.820312 0.367188 0.015625 0.028125
9 0.797656 0.342187 0.001563 0.053125
9 0.764844 0.342187 0.001563 0.053125
12 0.703125 0.367188 0.015625 0.028125
9 0.682031 0.342187 0.001563 0.053125
9 0.647656 0.342187 0.001563 0.053125
12 0.587500 0.367188 0.015625 0.028125
9 0.558594 0.342969 0.001563 0.051562
12 0.435937 0.367188 0.015625 0.028125
9 0.414844 0.342187 0.001563 0.053125
9 0.380469 0.342187 0.001563 0.053125
12 0.320312 0.367188 0.015625 0.028125
9 0.297656 0.342187 0.001563 0.053125
9 0.264844 0.342187 0.001563 0.053125
12 0.203125 0.367188 0.015625 0.028125
9 0.139844 0.342969 0.001563 0.051562
12 0.051562 0.367188 0.015625 0.028125
9 0.030469 0.342187 0.001563 0.053125
0 0.789062 0.373437 0.021875 0.018750
0 0.754687 0.373437 0.021875 0.018750
0 0.671875 0.373437 0.021875 0.018750
0 0.639062 0.373437 0.021875 0.018750
0 0.548438 0.373437 0.021875 0.018750
0 0.404687 0.373437 0.021875 0.018750
0 0.370312 0.373437 0.021875 0.018750
0 0.289062 0.373437 0.021875 0.018750
0 0.254688 0.373437 0.021875 0.018750
0 0.131250 0.373437 0.021875 0.018750
0 0.021875 0.373437 0.021875 0.018750
