10 0.761719 0.319531 0.048438 0.032813
10 0.274219 0.319531 0.048438 0.032813
9 0.860938 0.364844 0.003125 0.067187
9 0.373437 0.364844 0.003125 0.067187
12 0.824219 0.366406 0.023438 0.060937
9 0.786719 0.335938 0.001563 0.065625
9 0.738281 0.335938 0.001563 0.065625
12 0.683594 0.366406 0.023438 0.060937
15 0.652344 0.337500 0.017188 0.062500
9 0.644531 0.339062 0.001563 0.059375
8 0.584375 0.356250 0.006250 0.006250
12 0.458594 0.366406 0.023438 0.060937
15 0.427344 0.337500 0.017188 0.062500
9 0.419531 0.339062 0.001563 0.059375
12 0.336719 0.366406 0.023438 0.060937
9 0.297656 0.335938 0.001563 0.065625
9 0.250781 0.335938 0.001563 0.065625
12 0.194531 0.366406 0.023438 0.060937
15 0.164844 0.337500 0.017188 0.062500
9 0.157031 0.339062 0.001563 0.059375
8 0.096875 0.356250 0.006250 0.006250
0 0.776563 0.373437 0.021875 0.018750
0 0.729688 0.373437 0.021875 0.018750
0 0.635938 0.373437 0.021875 0.018750
0 0.410938 0.373437 0.021875 0.018750
0 0.289062 0.373437 0.021875 0.018750
0 0.242188 0.373437 0.021875 0.018750
0 0.146875 0.373437 0.021875 0.018750
