7 0.262500 0.063281 0.043750 0.114062
10 0.971875 0.039062 0.018750 0.021875
10 0.906250 0.054688 0.018750 0.021875
10 0.839063 0.054688 0.018750 0.021875
10 0.773438 0.070312 0.018750 0.021875
10 0.592969 0.070312 0.026562 0.021875
10 0.525781 0.070312 0.026562 0.021875
10 0.460156 0.070312 0.026562 0.021875
10 0.394531 0.070312 0.026562 0.021875
9 0.980469 0.053125 0.001563 0.046875
9 0.963281 0.059375 0.001563 0.053125
9 0.914844 0.064844 0.001563 0.039062
9 0.897656 0.070312 0.001563 0.043750
9 0.944531 0.042188 0.001563 0.050000
9 0.849219 0.068750 0.001563 0.046875
9 0.830469 0.075000 0.001563 0.053125
9 0.877344 0.042188 0.001563 0.050000
9 0.783594 0.082031 0.001563 0.039062
9 0.764844 0.085938 0.001563 0.043750
9 0.811719 0.042188 0.001563 0.050000
9 0.603906 0.085938 0.001563 0.046875
9 0.580469 0.090625 0.001563 0.053125
9 0.633594 0.042188 0.001563 0.050000
9 0.538281 0.089844 0.001563 0.054688
9 0.513281 0.094531 0.001563 0.060937
9 0.567969 0.042188 0.001563 0.050000
9 0.472656 0.093750 0.001563 0.062500
9 0.447656 0.098437 0.001563 0.068750
9 0.500781 0.042188 0.001563 0.050000
9 0.407031 0.097656 0.001563 0.070312
9 0.382031 0.102344 0.001563 0.076563
9 0.435156 0.042188 0.001563 0.050000
0 0.975000 0.078906 0.012500 0.010937
0 0.956250 0.086719 0.012500 0.010937
0 0.994531 0.070312 0.010937 0.018750
0 0.909375 0.086719 0.012500 0.010937
0 0.890625 0.094531 0.012500 0.010937
0 0.934375 0.070312 0.021875 0.018750
0 0.843750 0.094531 0.012500 0.010937
0 0.825000 0.102344 0.012500 0.010937
0 0.868750 0.070312 0.021875 0.018750
0 0.776563 0.102344 0.012500 0.010937
0 0.759375 0.110156 0.012500 0.010937
0 0.803125 0.070312 0.021875 0.018750
0 0.598437 0.110156 0.012500 0.010937
0 0.573438 0.119531 0.012500 0.010937
0 0.623437 0.070312 0.021875 0.018750
0 0.532813 0.119531 0.012500 0.010937
0 0.507812 0.127344 0.012500 0.010937
0 0.557813 0.070312 0.021875 0.018750
0 0.467187 0.127344 0.012500 0.010937
0 0.442188 0.135156 0.012500 0.010937
0 0.492188 0.070312 0.021875 0.018750
0 0.400000 0.135156 0.012500 0.010937
0 0.376563 0.142969 0.012500 0.010937
0 0.426563 0.070312 0.021875 0.018750
