10 0.608594 0.319531 0.048438 0.032813
10 0.166406 0.319531 0.048438 0.032813
9 0.657813 0.364844 0.003125 0.067187
9 0.215625 0.364844 0.003125 0.067187
12 0.949219 0.366406 0.023438 0.060937
15 0.919531 0.337500 0.017188 0.062500
9 0.911719 0.339062 0.001563 0.059375
12 0.741406 0.366406 0.023438 0.060937
15 0.711719 0.337500 0.017188 0.062500
9 0.703906 0.339062 0.001563 0.059375
9 0.630469 0.335938 0.001563 0.065625
9 0.585156 0.335938 0.001563 0.065625
12 0.530469 0.366406 0.023438 0.060937
15 0.500781 0.337500 0.017188 0.062500
9 0.492969 0.339062 0.001563 0.059375
12 0.438281 0.366406 0.023438 0.060937
15 0.408594 0.337500 0.017188 0.062500
9 0.400781 0.339062 0.001563 0.059375
12 0.250000 0.367188 0.015625 0.028125
9 0.188281 0.335938 0.001563 0.065625
9 0.142969 0.335938 0.001563 0.065625
12 0.088281 0.366406 0.023438 0.060937
15 0.058594 0.337500 0.017188 0.062500
9 0.050781 0.339062 0.001563 0.059375
0 0.992188 0.373437 0.015625 0.018750
0 0.903125 0.373437 0.021875 0.018750
0 0.695312 0.373437 0.021875 0.018750
0 0.621875 0.373437 0.021875 0.018750
0 0.575000 0.373437 0.021875 0.018750
0 0.484375 0.373437 0.021875 0.018750
0 0.392188 0.373437 0.021875 0.018750
0 0.179688 0.373437 0.021875 0.018750
0 0.132812 0.373437 0.021875 0.018750
0 0.040625 0.373437 0.021875 0.018750
