10 0.973437 0.325781 0.034375 0.020313
10 0.593750 0.325781 0.034375 0.020313
10 0.164062 0.325781 0.100000 0.020313
14 0.790625 0.364844 0.003125 0.067187
14 0.467187 0.364844 0.003125 0.067187
14 0.068750 0.364844 0.003125 0.067187
9 0.989844 0.342187 0.001563 0.053125
9 0.957031 0.342187 0.001563 0.053125
11 0.898438 0.367188 0.015625 0.028125
9 0.836719 0.342969 0.001563 0.051562
11 0.750000 0.367188 0.015625 0.028125
9 0.721094 0.342969 0.001563 0.051562
11 0.629687 0.367188 0.015625 0.028125
9 0.610156 0.342187 0.001563 0.053125
9 0.577344 0.342187 0.001563 0.053125
11 0.500781 0.364844 0.017188 0.048438
11 0.426563 0.367188 0.015625 0.028125
9 0.397656 0.342969 0.001563 0.051562
11 0.306250 0.367188 0.015625 0.028125
9 0.277344 0.342969 0.001563 0.051562
9 0.211719 0.342187 0.001563 0.053125
9 0.178906 0.342187 0.001563 0.053125
9 0.147656 0.342187 0.001563 0.053125
9 0.114844 0.342187 0.001563 0.053125
11 0.028125 0.367188 0.015625 0.028125
0 0.979688 0.373437 0.021875 0.018750
0 0.946875 0.373437 0.021875 0.018750
0 0.826562 0.373437 0.021875 0.018750
0 0.712500 0.373437 0.021875 0.018750
0 0.601562 0.373437 0.021875 0.018750
0 0.568750 0.373437 0.021875 0.018750
0 0.387500 0.373437 0.021875 0.018750
0 0.267188 0.373437 0.021875 0.018750
0 0.203125 0.373437 0.021875 0.018750
0 0.170313 0.373437 0.021875 0.018750
0 0.137500 0.373437 0.021875 0.018750
0 0.104688 0.373437 0.021875 0.018750
