10 0.832031 0.325781 0.167187 0.020313
10 0.346094 0.325781 0.126562 0.020313
9 0.662500 0.364844 0.003125 0.067187
9 0.153125 0.364844 0.003125 0.067187
9 0.955469 0.342969 0.001563 0.051562
9 0.914844 0.342187 0.001563 0.053125
9 0.872656 0.342187 0.001563 0.053125
9 0.832031 0.342187 0.001563 0.053125
9 0.789844 0.342187 0.001563 0.053125
9 0.749219 0.342187 0.001563 0.053125
9 0.630469 0.342969 0.001563 0.051562
12 0.518750 0.367188 0.015625 0.028125
9 0.447656 0.342969 0.001563 0.051562
9 0.407031 0.342187 0.001563 0.053125
9 0.364844 0.342187 0.001563 0.053125
9 0.324219 0.342187 0.001563 0.053125
9 0.283594 0.342187 0.001563 0.053125
9 0.199219 0.342969 0.001563 0.051562
9 0.122656 0.342969 0.001563 0.051562
12 0.010937 0.367188 0.015625 0.028125
0 0.946875 0.373437 0.021875 0.018750
0 0.904687 0.373437 0.021875 0.018750
0 0.864062 0.373437 0.021875 0.018750
0 0.821875 0.373437 0.021875 0.018750
0 0.781250 0.373437 0.021875 0.018750
0 0.740625 0.373437 0.021875 0.018750
0 0.621875 0.373437 0.021875 0.018750
0 0.439063 0.373437 0.021875 0.018750
0 0.396875 0.373437 0.021875 0.018750
0 0.356250 0.373437 0.021875 0.018750
0 0.315625 0.373437 0.021875 0.018750
0 0.273438 0.373437 0.021875 0.018750
0 0.190625 0.373437 0.021875 0.018750
0 0.114062 0.373437 0.021875 0.018750
