10 0.583594 0.319531 0.164062 0.032813
10 0.137500 0.319531 0.109375 0.032813
9 0.860938 0.364844 0.003125 0.067187
9 0.389062 0.364844 0.003125 0.067187
12 0.771875 0.367188 0.015625 0.028125
9 0.663281 0.335938 0.001563 0.065625
9 0.610156 0.335938 0.001563 0.065625
9 0.555469 0.335938 0.001563 0.065625
9 0.502344 0.335938 0.001563 0.065625
12 0.300000 0.367188 0.015625 0.028125
9 0.191406 0.335938 0.001563 0.065625
9 0.136719 0.335938 0.001563 0.065625
9 0.083594 0.335938 0.001563 0.065625
12 0.021094 0.366406 0.023438 0.060937
0 0.654687 0.373437 0.021875 0.018750
0 0.600000 0.373437 0.021875 0.018750
0 0.546875 0.373437 0.021875 0.018750
0 0.493750 0.373437 0.021875 0.018750
0 0.181250 0.373437 0.021875 0.018750
0 0.128125 0.373437 0.021875 0.018750
0 0.073438 0.373437 0.021875 0.018750
