10 0.600781 0.325781 0.089063 0.020313
10 0.238281 0.325781 0.045312 0.020313
10 0.102344 0.325781 0.089063 0.020313
14 0.670312 0.364844 0.003125 0.067187
14 0.170313 0.364844 0.003125 0.067187
9 0.969531 0.342969 0.001563 0.051562
11 0.895312 0.367188 0.015625 0.028125
9 0.864844 0.342969 0.001563 0.051562
9 0.777344 0.342969 0.001563 0.051562
11 0.703125 0.367188 0.015625 0.028125
9 0.644531 0.342187 0.001563 0.053125
9 0.600781 0.342187 0.001563 0.053125
9 0.557031 0.342187 0.001563 0.053125
9 0.471094 0.342969 0.001563 0.051562
11 0.396875 0.367188 0.015625 0.028125
9 0.364844 0.342969 0.001563 0.051562
11 0.290625 0.367188 0.015625 0.028125
9 0.260156 0.342187 0.001563 0.053125
9 0.216406 0.342187 0.001563 0.053125
9 0.144531 0.342187 0.001563 0.053125
9 0.100781 0.342187 0.001563 0.053125
9 0.058594 0.342187 0.001563 0.053125
0 0.960938 0.373437 0.021875 0.018750
0 0.854688 0.373437 0.021875 0.018750
0 0.768750 0.373437 0.021875 0.018750
0 0.635938 0.373437 0.021875 0.018750
0 0.592187 0.373437 0.021875 0.018750
0 0.548438 0.373437 0.021875 0.018750
0 0.460938 0.373437 0.021875 0.018750
0 0.356250 0.373437 0.021875 0.018750
0 0.250000 0.373437 0.021875 0.018750
0 0.206250 0.373437 0.021875 0.018750
0 0.135937 0.373437 0.021875 0.018750
0 0.092188 0.373437 0.021875 0.018750
0 0.048438 0.373437 0.021875 0.018750
