9 0.860938 0.364844 0.003125 0.067187
9 0.337500 0.364844 0.003125 0.067187
15 0.782031 0.337500 0.017188 0.062500
9 0.774219 0.339062 0.001563 0.059375
12 0.717969 0.366406 0.023438 0.060937
15 0.628906 0.337500 0.017188 0.062500
9 0.621094 0.339062 0.001563 0.059375
12 0.564844 0.366406 0.023438 0.060937
12 0.517969 0.366406 0.023438 0.060937
15 0.486719 0.337500 0.017188 0.062500
9 0.478906 0.339062 0.001563 0.059375
12 0.422656 0.366406 0.023438 0.060937
15 0.392969 0.337500 0.017188 0.062500
9 0.385156 0.339062 0.001563 0.059375
15 0.258594 0.337500 0.017188 0.062500
9 0.250781 0.339062 0.001563 0.059375
12 0.194531 0.366406 0.023438 0.060937
15 0.105469 0.337500 0.017188 0.062500
9 0.097656 0.339062 0.001563 0.059375
12 0.041406 0.366406 0.023438 0.060937
0 0.764062 0.373437 0.021875 0.018750
0 0.610938 0.373437 0.021875 0.018750
0 0.470313 0.373437 0.021875 0.018750
0 0.375000 0.373437 0.021875 0.018750
0 0.242188 0.373437 0.021875 0.018750
0 0.087500 0.373437 0.021875 0.018750
