10 0.746875 0.325781 0.040625 0.020313
10 0.410938 0.325781 0.040625 0.020313
10 0.242188 0.325781 0.115625 0.020313
10 0.025000 0.325781 0.040625 0.020313
9 0.860938 0.364844 0.003125 0.067187
9 0.525000 0.364844 0.003125 0.067187
9 0.139063 0.364844 0.003125 0.067187
12 0.792969 0.364844 0.017188 0.048438
9 0.766406 0.342187 0.001563 0.053125
9 0.727344 0.342187 0.001563 0.053125
9 0.647656 0.342969 0.001563 0.051562
12 0.560156 0.364844 0.017188 0.048438
12 0.457031 0.364844 0.017188 0.048438
9 0.430469 0.342187 0.001563 0.053125
9 0.391406 0.342187 0.001563 0.053125
12 0.325000 0.367188 0.015625 0.028125
9 0.299219 0.342187 0.001563 0.053125
9 0.261719 0.342187 0.001563 0.053125
9 0.222656 0.342187 0.001563 0.053125
9 0.185156 0.342187 0.001563 0.053125
12 0.069531 0.364844 0.017188 0.048438
9 0.042969 0.342187 0.001563 0.053125
9 0.005469 0.342187 0.001563 0.053125
0 0.756250 0.373437 0.021875 0.018750
0 0.718750 0.373437 0.021875 0.018750
0 0.639062 0.373437 0.021875 0.018750
0 0.420312 0.373437 0.021875 0.018750
0 0.382812 0.373437 0.021875 0.018750
0 0.290625 0.373437 0.021875 0.018750
0 0.251563 0.373437 0.021875 0.018750
0 0.214062 0.373437 0.021875 0.018750
0 0.176563 0.373437 0.021875 0.018750
0 0.034375 0.373437 0.021875 0.018750
