10 0.402344 0.325781 0.073438 0.020313
10 0.242188 0.325781 0.181250 0.020313
9 0.809375 0.364844 0.003125 0.067187
9 0.540625 0.364844 0.003125 0.067187
9 0.104688 0.364844 0.003125 0.067187
12 0.971875 0.367188 0.015625 0.028125
12 0.920312 0.367188 0.015625 0.028125
9 0.855469 0.342969 0.001563 0.051562
12 0.765625 0.367188 0.015625 0.028125
9 0.736719 0.342969 0.001563 0.051562
12 0.660937 0.367188 0.015625 0.028125
8 0.681250 0.356250 0.006250 0.006250
12 0.574219 0.364844 0.017188 0.048438
8 0.595313 0.356250 0.006250 0.006250
12 0.496875 0.367188 0.015625 0.028125
9 0.436719 0.342187 0.001563 0.053125
9 0.400781 0.342187 0.001563 0.053125
9 0.366406 0.342187 0.001563 0.053125
9 0.330469 0.342187 0.001563 0.053125
9 0.294531 0.342187 0.001563 0.053125
9 0.258594 0.342187 0.001563 0.053125
9 0.222656 0.342187 0.001563 0.053125
9 0.186719 0.342187 0.001563 0.053125
9 0.152344 0.342187 0.001563 0.053125
12 0.060937 0.367188 0.015625 0.028125
9 0.002344 0.342187 0.001563 0.053125
0 0.846875 0.373437 0.021875 0.018750
0 0.726562 0.373437 0.021875 0.018750
0 0.428125 0.373437 0.021875 0.018750
0 0.392188 0.373437 0.021875 0.018750
0 0.356250 0.373437 0.021875 0.018750
0 0.320312 0.373437 0.021875 0.018750
0 0.284375 0.373437 0.021875 0.018750
0 0.250000 0.373437 0.021875 0.018750
0 0.214062 0.373437 0.021875 0.018750
0 0.178125 0.373437 0.021875 0.018750
0 0.142187 0.373437 0.021875 0.018750
