10 0.597656 0.325781 0.167187 0.020313
10 0.220312 0.325781 0.134375 0.020313
9 0.864062 0.364844 0.003125 0.067187
9 0.468750 0.364844 0.003125 0.067187
9 0.073438 0.364844 0.003125 0.067187
9 0.991406 0.342969 0.001563 0.051562
12 0.899219 0.364844 0.017188 0.048438
8 0.918750 0.356250 0.006250 0.006250
12 0.823438 0.367188 0.015625 0.028125
9 0.761719 0.342969 0.001563 0.051562
12 0.701562 0.367188 0.015625 0.028125
9 0.680469 0.342187 0.001563 0.053125
9 0.647656 0.342187 0.001563 0.053125
9 0.614844 0.342187 0.001563 0.053125
9 0.582031 0.342187 0.001563 0.053125
9 0.547656 0.342187 0.001563 0.053125
9 0.514844 0.342187 0.001563 0.053125
12 0.428125 0.367188 0.015625 0.028125
9 0.366406 0.342969 0.001563 0.051562
12 0.306250 0.367188 0.015625 0.028125
9 0.285156 0.342187 0.001563 0.053125
9 0.252344 0.342187 0.001563 0.053125
9 0.219531 0.342187 0.001563 0.053125
9 0.186719 0.342187 0.001563 0.053125
9 0.153906 0.342187 0.001563 0.053125
12 0.032813 0.367188 0.015625 0.028125
0 0.982812 0.373437 0.021875 0.018750
0 0.751563 0.373437 0.021875 0.018750
0 0.671875 0.373437 0.021875 0.018750
0 0.639062 0.373437 0.021875 0.018750
0 0.604688 0.373437 0.021875 0.018750
0 0.571875 0.373437 0.021875 0.018750
0 0.539062 0.373437 0.021875 0.018750
0 0.506250 0.373437 0.021875 0.018750
0 0.356250 0.373437 0.021875 0.018750
0 0.276562 0.373437 0.021875 0.018750
0 0.243750 0.373437 0.021875 0.018750
0 0.210938 0.373437 0.021875 0.018750
0 0.176563 0.373437 0.021875 0.018750
0 0.143750 0.373437 0.021875 0.018750
