10 0.955469 0.325781 0.035937 0.020313
10 0.567969 0.325781 0.035937 0.020313
10 0.138281 0.325781 0.070312 0.020313
9 0.781250 0.364844 0.003125 0.067187
9 0.445312 0.364844 0.003125 0.067187
9 0.057813 0.364844 0.003125 0.067187
9 0.971094 0.342187 0.001563 0.053125
9 0.938281 0.342187 0.001563 0.053125
9 0.827344 0.342969 0.001563 0.051562
12 0.740625 0.367188 0.015625 0.028125
9 0.710156 0.342969 0.001563 0.051562
12 0.639062 0.367188 0.015625 0.028125
8 0.659375 0.356250 0.006250 0.006250
9 0.583594 0.342187 0.001563 0.053125
9 0.550781 0.342187 0.001563 0.053125
12 0.479687 0.367188 0.015625 0.028125
8 0.498437 0.356250 0.006250 0.006250
12 0.403125 0.367188 0.015625 0.028125
9 0.374219 0.342969 0.001563 0.051562
12 0.303125 0.367188 0.015625 0.028125
8 0.321875 0.356250 0.006250 0.006250
9 0.239844 0.342969 0.001563 0.051562
9 0.171094 0.342187 0.001563 0.053125
9 0.138281 0.342187 0.001563 0.053125
9 0.103906 0.342187 0.001563 0.053125
12 0.015625 0.367188 0.015625 0.028125
0 0.962500 0.373437 0.021875 0.018750
0 0.928125 0.373437 0.021875 0.018750
0 0.818750 0.373437 0.021875 0.018750
0 0.701562 0.373437 0.021875 0.018750
0 0.575000 0.373437 0.021875 0.018750
0 0.540625 0.373437 0.021875 0.018750
0 0.365625 0.373437 0.021875 0.018750
0 0.229687 0.373437 0.021875 0.018750
0 0.162500 0.373437 0.021875 0.018750
0 0.128125 0.373437 0.021875 0.018750
0 0.095312 0.373437 0.021875 0.018750
