10 0.690625 0.325781 0.087500 0.020313
10 0.541406 0.325781 0.045312 0.020313
10 0.173437 0.325781 0.087500 0.020313
10 0.022656 0.325781 0.045312 0.020313
9 0.860938 0.364844 0.003125 0.067187
9 0.343750 0.364844 0.003125 0.067187
12 0.807813 0.367188 0.015625 0.028125
9 0.733594 0.342187 0.001563 0.053125
9 0.691406 0.342187 0.001563 0.053125
9 0.647656 0.342187 0.001563 0.053125
9 0.561719 0.342187 0.001563 0.053125
9 0.519531 0.342187 0.001563 0.053125
9 0.389844 0.342969 0.001563 0.051562
12 0.289062 0.367188 0.015625 0.028125
9 0.216406 0.342187 0.001563 0.053125
9 0.172656 0.342187 0.001563 0.053125
9 0.130469 0.342187 0.001563 0.053125
9 0.044531 0.342187 0.001563 0.053125
9 0.000781 0.342187 0.001563 0.053125
0 0.725000 0.373437 0.021875 0.018750
0 0.681250 0.373437 0.021875 0.018750
0 0.639062 0.373437 0.021875 0.018750
0 0.553125 0.373437 0.021875 0.018750
0 0.509375 0.373437 0.021875 0.018750
0 0.381250 0.373437 0.021875 0.018750
0 0.206250 0.373437 0.021875 0.018750
0 0.164062 0.373437 0.021875 0.018750
0 0.120313 0.373437 0.021875 0.018750
0 0.034375 0.373437 0.021875 0.018750
