10 0.656250 0.325781 0.084375 0.020313
10 0.471094 0.325781 0.126562 0.020313
10 0.156250 0.325781 0.084375 0.020313
10 0.016406 0.325781 0.032813 0.020313
9 0.860938 0.364844 0.003125 0.067187
9 0.362500 0.364844 0.003125 0.067187
9 0.797656 0.342969 0.001563 0.051562
12 0.726562 0.367188 0.015625 0.028125
9 0.697656 0.342187 0.001563 0.053125
9 0.655469 0.342187 0.001563 0.053125
9 0.614844 0.342187 0.001563 0.053125
9 0.532031 0.342187 0.001563 0.053125
9 0.491406 0.342187 0.001563 0.053125
9 0.449219 0.342187 0.001563 0.053125
9 0.408594 0.342187 0.001563 0.053125
9 0.297656 0.342969 0.001563 0.051562
12 0.226562 0.367188 0.015625 0.028125
9 0.197656 0.342187 0.001563 0.053125
9 0.157031 0.342187 0.001563 0.053125
9 0.114844 0.342187 0.001563 0.053125
9 0.032031 0.342187 0.001563 0.053125
0 0.787500 0.373437 0.021875 0.018750
0 0.687500 0.373437 0.021875 0.018750
0 0.646875 0.373437 0.021875 0.018750
0 0.606250 0.373437 0.021875 0.018750
0 0.523438 0.373437 0.021875 0.018750
0 0.481250 0.373437 0.021875 0.018750
0 0.440625 0.373437 0.021875 0.018750
0 0.398438 0.373437 0.021875 0.018750
0 0.289062 0.373437 0.021875 0.018750
0 0.189062 0.373437 0.021875 0.018750
0 0.146875 0.373437 0.021875 0.018750
0 0.106250 0.373437 0.021875 0.018750
0 0.023438 0.373437 0.021875 0.018750
