10 0.787500 0.325781 0.081250 0.020313
10 0.502344 0.325781 0.042188 0.020313
10 0.302344 0.325781 0.042188 0.020313
10 0.007031 0.325781 0.014063 0.020313
9 0.662500 0.364844 0.003125 0.067187
9 0.153125 0.364844 0.003125 0.067187
9 0.988281 0.342187 0.001563 0.053125
9 0.907031 0.342969 0.001563 0.051562
9 0.827344 0.342187 0.001563 0.053125
9 0.788281 0.342187 0.001563 0.053125
9 0.747656 0.342187 0.001563 0.053125
9 0.600781 0.342969 0.001563 0.051562
9 0.521094 0.342187 0.001563 0.053125
9 0.482031 0.342187 0.001563 0.053125
9 0.400781 0.342969 0.001563 0.051562
9 0.321094 0.342187 0.001563 0.053125
9 0.282031 0.342187 0.001563 0.053125
9 0.200781 0.342969 0.001563 0.051562
9 0.091406 0.342969 0.001563 0.051562
9 0.011719 0.342187 0.001563 0.053125
0 0.978125 0.373437 0.021875 0.018750
0 0.896875 0.373437 0.021875 0.018750
0 0.818750 0.373437 0.021875 0.018750
0 0.778125 0.373437 0.021875 0.018750
0 0.739062 0.373437 0.021875 0.018750
0 0.590625 0.373437 0.021875 0.018750
0 0.510938 0.373437 0.021875 0.018750
0 0.471875 0.373437 0.021875 0.018750
0 0.390625 0.373437 0.021875 0.018750
0 0.310937 0.373437 0.021875 0.018750
0 0.271875 0.373437 0.021875 0.018750
0 0.190625 0.373437 0.021875 0.018750
0 0.081250 0.373437 0.021875 0.018750
0 0.007031 0.373437 0.014063 0.018750
