15 0.264062 0.570312 0.025000 0.034375
15 0.264062 0.536719 0.025000 0.032813
7 0.214062 0.555469 0.043750 0.114062
10 0.925000 0.606250 0.118750 0.025000
10 0.750000 0.598437 0.118750 0.025000
10 0.548438 0.596094 0.118750 0.020313
10 0.373437 0.595313 0.118750 0.012500
9 0.665625 0.553906 0.003125 0.067187
15 0.264062 0.570312 0.025000 0.034375
15 0.264062 0.536719 0.025000 0.032813
9 0.982031 0.592969 0.001563 0.042188
9 0.924219 0.567969 0.001563 0.073438
9 0.866406 0.569531 0.001563 0.057813
9 0.808594 0.585156 0.001563 0.042188
9 0.749219 0.564063 0.001563 0.065625
9 0.691406 0.565625 0.001563 0.050000
9 0.605469 0.578906 0.001563 0.045312
9 0.547656 0.563281 0.001563 0.064062
9 0.489844 0.565625 0.001563 0.050000
9 0.432031 0.573438 0.001563 0.050000
9 0.372656 0.563281 0.001563 0.064062
9 0.314844 0.567187 0.001563 0.053125
0 0.990625 0.570312 0.018750 0.018750
0 0.934375 0.529687 0.021875 0.018750
0 0.876563 0.537500 0.021875 0.018750
0 0.818750 0.560937 0.021875 0.018750
0 0.759375 0.529687 0.021875 0.018750
0 0.701562 0.537500 0.021875 0.018750
0 0.615625 0.553125 0.021875 0.018750
0 0.557813 0.529687 0.021875 0.018750
0 0.500000 0.537500 0.021875 0.018750
0 0.442188 0.545312 0.021875 0.018750
0 0.382812 0.529687 0.021875 0.018750
0 0.325000 0.537500 0.021875 0.018750
