10 0.526563 0.325781 0.071875 0.020313
10 0.164062 0.325781 0.037500 0.020313
9 0.826562 0.364844 0.003125 0.067187
9 0.445312 0.364844 0.003125 0.067187
9 0.064062 0.364844 0.003125 0.067187
12 0.964844 0.364844 0.017188 0.048438
9 0.933594 0.342969 0.001563 0.051562
12 0.860938 0.367188 0.015625 0.028125
8 0.879687 0.356250 0.006250 0.006250
9 0.796094 0.342969 0.001563 0.051562
12 0.732812 0.367188 0.015625 0.028125
9 0.703906 0.342969 0.001563 0.051562
12 0.621094 0.364844 0.017188 0.048438
9 0.561719 0.342187 0.001563 0.053125
9 0.527344 0.342187 0.001563 0.053125
9 0.491406 0.342187 0.001563 0.053125
9 0.414844 0.342969 0.001563 0.051562
12 0.351562 0.367188 0.015625 0.028125
9 0.322656 0.342969 0.001563 0.051562
12 0.239844 0.364844 0.017188 0.048438
9 0.180469 0.342187 0.001563 0.053125
9 0.146094 0.342187 0.001563 0.053125
9 0.033594 0.342969 0.001563 0.051562
0 0.925000 0.373437 0.021875 0.018750
0 0.785937 0.373437 0.021875 0.018750
0 0.693750 0.373437 0.021875 0.018750
0 0.553125 0.373437 0.021875 0.018750
0 0.517188 0.373437 0.021875 0.018750
0 0.482812 0.373437 0.021875 0.018750
0 0.404687 0.373437 0.021875 0.018750
0 0.314063 0.373437 0.021875 0.018750
0 0.171875 0.373437 0.021875 0.018750
0 0.135937 0.373437 0.021875 0.018750
0 0.023438 0.373437 0.021875 0.018750
