7 0.262500 0.366406 0.043750 0.114062
10 0.865625 0.319531 0.050000 0.032813
10 0.523438 0.319531 0.050000 0.032813
9 0.795312 0.364844 0.003125 0.067187
9 0.999219 0.335938 0.001563 0.065625
9 0.889844 0.335938 0.001563 0.065625
9 0.841406 0.335938 0.001563 0.065625
15 0.713281 0.337500 0.017188 0.062500
9 0.705469 0.339062 0.001563 0.059375
12 0.647656 0.366406 0.023438 0.060937
9 0.547656 0.335938 0.001563 0.065625
9 0.499219 0.335938 0.001563 0.065625
15 0.397656 0.337500 0.017188 0.062500
9 0.389844 0.339062 0.001563 0.059375
12 0.333594 0.366406 0.023438 0.060937
0 0.989062 0.373437 0.021875 0.018750
0 0.879687 0.373437 0.021875 0.018750
0 0.831250 0.373437 0.021875 0.018750
0 0.695312 0.373437 0.021875 0.018750
0 0.537500 0.373437 0.021875 0.018750
0 0.489063 0.373437 0.021875 0.018750
0 0.381250 0.373437 0.021875 0.018750
