10 0.700000 0.319531 0.050000 0.032813
10 0.481250 0.319531 0.146875 0.032813
10 0.200000 0.319531 0.050000 0.032813
10 0.027344 0.319531 0.054688 0.032813
9 0.860938 0.364844 0.003125 0.067187
9 0.362500 0.364844 0.003125 0.067187
12 0.763281 0.366406 0.023438 0.060937
9 0.722656 0.335938 0.001563 0.065625
9 0.675781 0.335938 0.001563 0.065625
8 0.612500 0.356250 0.006250 0.006250
9 0.552344 0.335938 0.001563 0.065625
9 0.503906 0.335938 0.001563 0.065625
9 0.457031 0.335938 0.001563 0.065625
9 0.408594 0.335938 0.001563 0.065625
12 0.263281 0.366406 0.023438 0.060937
9 0.224219 0.335938 0.001563 0.065625
9 0.175781 0.335938 0.001563 0.065625
8 0.112500 0.356250 0.006250 0.006250
9 0.053906 0.335938 0.001563 0.065625
9 0.005469 0.335938 0.001563 0.065625
0 0.714063 0.373437 0.021875 0.018750
0 0.665625 0.373437 0.021875 0.018750
0 0.543750 0.373437 0.021875 0.018750
0 0.495312 0.373437 0.021875 0.018750
0 0.446875 0.373437 0.021875 0.018750
0 0.398438 0.373437 0.021875 0.018750
0 0.214062 0.373437 0.021875 0.018750
0 0.165625 0.373437 0.021875 0.018750
0 0.043750 0.373437 0.021875 0.018750
