10 0.722656 0.319531 0.045312 0.032813
10 0.202344 0.319531 0.045312 0.032813
9 0.860938 0.364844 0.003125 0.067187
9 0.340625 0.364844 0.003125 0.067187
15 0.839844 0.337500 0.017188 0.062500
9 0.832031 0.339062 0.001563 0.059375
12 0.780469 0.366406 0.023438 0.060937
9 0.744531 0.335938 0.001563 0.065625
9 0.700781 0.335938 0.001563 0.065625
15 0.611719 0.337500 0.017188 0.062500
9 0.603906 0.339062 0.001563 0.059375
12 0.552344 0.366406 0.023438 0.060937
12 0.508594 0.366406 0.023438 0.060937
15 0.480469 0.337500 0.017188 0.062500
9 0.472656 0.339062 0.001563 0.059375
12 0.421094 0.366406 0.023438 0.060937
15 0.394531 0.337500 0.017188 0.062500
9 0.386719 0.339062 0.001563 0.059375
15 0.317969 0.337500 0.017188 0.062500
9 0.310156 0.339062 0.001563 0.059375
12 0.258594 0.366406 0.023438 0.060937
9 0.222656 0.335938 0.001563 0.065625
9 0.180469 0.335938 0.001563 0.065625
15 0.089844 0.337500 0.017188 0.062500
9 0.082031 0.339062 0.001563 0.059375
12 0.030469 0.366406 0.023438 0.060937
0 0.821875 0.373437 0.021875 0.018750
0 0.735938 0.373437 0.021875 0.018750
0 0.692187 0.373437 0.021875 0.018750
0 0.593750 0.373437 0.021875 0.018750
0 0.464062 0.373437 0.021875 0.018750
0 0.376563 0.373437 0.021875 0.018750
0 0.301563 0.373437 0.021875 0.018750
0 0.214062 0.373437 0.021875 0.018750
0 0.170313 0.373437 0.021875 0.018750
0 0.073438 0.373437 0.021875 0.018750
