7 0.262500 0.366406 0.043750 0.114062
10 0.392969 0.325781 0.104688 0.020313
9 0.995313 0.364844 0.003125 0.067187
9 0.651563 0.364844 0.003125 0.067187
12 0.953125 0.367188 0.015625 0.028125
9 0.924219 0.342969 0.001563 0.051562
12 0.829688 0.367188 0.015625 0.028125
9 0.766406 0.342969 0.001563 0.051562
12 0.686719 0.364844 0.017188 0.048438
12 0.609375 0.367188 0.015625 0.028125
9 0.580469 0.342969 0.001563 0.051562
12 0.466406 0.364844 0.017188 0.048438
9 0.444531 0.342187 0.001563 0.053125
9 0.410156 0.342187 0.001563 0.053125
9 0.375781 0.342187 0.001563 0.053125
9 0.341406 0.342187 0.001563 0.053125
0 0.914062 0.373437 0.021875 0.018750
0 0.756250 0.373437 0.021875 0.018750
0 0.570312 0.373437 0.021875 0.018750
0 0.434375 0.373437 0.021875 0.018750
0 0.400000 0.373437 0.021875 0.018750
0 0.365625 0.373437 0.021875 0.018750
0 0.332813 0.373437 0.021875 0.018750
