10 0.589063 0.325781 0.043750 0.020313
10 0.420312 0.325781 0.043750 0.020313
10 0.081250 0.325781 0.043750 0.020313
9 0.860938 0.364844 0.003125 0.067187
9 0.353125 0.364844 0.003125 0.067187
12 0.807813 0.367188 0.015625 0.028125
9 0.736719 0.342969 0.001563 0.051562
9 0.694531 0.342969 0.001563 0.051562
9 0.610156 0.342187 0.001563 0.053125
9 0.567969 0.342187 0.001563 0.053125
9 0.525781 0.342969 0.001563 0.051562
9 0.441406 0.342187 0.001563 0.053125
9 0.399219 0.342187 0.001563 0.053125
12 0.300000 0.367188 0.015625 0.028125
9 0.228906 0.342969 0.001563 0.051562
9 0.186719 0.342969 0.001563 0.051562
9 0.102344 0.342187 0.001563 0.053125
9 0.060156 0.342187 0.001563 0.053125
9 0.017969 0.342969 0.001563 0.051562
0 0.726562 0.373437 0.021875 0.018750
0 0.684375 0.373437 0.021875 0.018750
0 0.601562 0.373437 0.021875 0.018750
0 0.559375 0.373437 0.021875 0.018750
0 0.517188 0.373437 0.021875 0.018750
0 0.432812 0.373437 0.021875 0.018750
0 0.390625 0.373437 0.021875 0.018750
0 0.218750 0.373437 0.021875 0.018750
0 0.176563 0.373437 0.021875 0.018750
0 0.093750 0.373437 0.021875 0.018750
0 0.051562 0.373437 0.021875 0.018750
0 0.010156 0.373437 0.020313 0.018750
