9 0.860938 0.364844 0.003125 0.067187
9 0.342187 0.364844 0.003125 0.067187
12 0.803125 0.367188 0.015625 0.028125
12 0.739062 0.367188 0.015625 0.028125
9 0.707031 0.342969 0.001563 0.051562
9 0.616406 0.342969 0.001563 0.051562
9 0.525781 0.342969 0.001563 0.051562
9 0.388281 0.342969 0.001563 0.051562
12 0.284375 0.367188 0.015625 0.028125
12 0.220312 0.367188 0.015625 0.028125
9 0.188281 0.342969 0.001563 0.051562
9 0.097656 0.342969 0.001563 0.051562
9 0.005469 0.342969 0.001563 0.051562
0 0.696875 0.373437 0.021875 0.018750
0 0.606250 0.373437 0.021875 0.018750
0 0.515625 0.373437 0.021875 0.018750
0 0.379688 0.373437 0.021875 0.018750
0 0.178125 0.373437 0.021875 0.018750
0 0.087500 0.373437 0.021875 0.018750
0 0.003906 0.373437 0.007812 0.018750
