10 0.773438 0.319531 0.418750 0.007812
10 0.074219 0.319531 0.148438 0.007812
10 0.782031 0.488281 0.435937 0.020313
10 0.178906 0.488281 0.357812 0.020313
10 0.721875 0.642969 0.315625 0.032813
10 0.304688 0.642969 0.315625 0.032813
10 0.747656 0.798438 0.367188 0.043750
10 0.330469 0.798438 0.367188 0.043750
10 0.760938 0.953125 0.393750 0.056250
10 0.343750 0.953125 0.393750 0.056250
10 0.061719 0.953125 0.123438 0.056250
9 0.982031 0.962500 0.001563 0.075000
9 0.957031 0.962500 0.001563 0.075000
9 0.930469 0.962500 0.001563 0.075000
9 0.903906 0.962500 0.001563 0.075000
9 0.878906 0.962500 0.001563 0.075000
9 0.852344 0.962500 0.001563 0.075000
9 0.825781 0.962500 0.001563 0.075000
9 0.799219 0.962500 0.001563 0.075000
9 0.774219 0.962500 0.001563 0.075000
9 0.747656 0.962500 0.001563 0.075000
9 0.721094 0.962500 0.001563 0.075000
9 0.696094 0.962500 0.001563 0.075000
9 0.669531 0.962500 0.001563 0.075000
9 0.642969 0.962500 0.001563 0.075000
9 0.617969 0.962500 0.001563 0.075000
9 0.591406 0.962500 0.001563 0.075000
9 0.564844 0.962500 0.001563 0.075000
9 0.538281 0.962500 0.001563 0.075000
9 0.513281 0.962500 0.001563 0.075000
9 0.486719 0.962500 0.001563 0.075000
9 0.460156 0.962500 0.001563 0.075000
9 0.435156 0.962500 0.001563 0.075000
9 0.408594 0.962500 0.001563 0.075000
9 0.382031 0.962500 0.001563 0.075000
9 0.355469 0.962500 0.001563 0.075000
9 0.330469 0.962500 0.001563 0.075000
9 0.303906 0.962500 0.001563 0.075000
9 0.277344 0.962500 0.001563 0.075000
9 0.252344 0.962500 0.001563 0.075000
9 0.225781 0.962500 0.001563 0.075000
9 0.199219 0.962500 0.001563 0.075000
9 0.174219 0.962500 0.001563 0.075000
9 0.147656 0.962500 0.001563 0.075000
9 0.121094 0.962500 0.001563 0.075000
9 0.094531 0.962500 0.001563 0.075000
9 0.069531 0.962500 0.001563 0.075000
9 0.042969 0.962500 0.001563 0.075000
9 0.016406 0.962500 0.001563 0.075000
9 0.982031 0.815625 0.001563 0.078125
9 0.930469 0.815625 0.001563 0.078125
9 0.878906 0.815625 0.001563 0.078125
9 0.825781 0.815625 0.001563 0.078125
9 0.774219 0.815625 0.001563 0.078125
9 0.721094 0.815625 0.001563 0.078125
9 0.669531 0.815625 0.001563 0.078125
9 0.617969 0.815625 0.001563 0.078125
9 0.564844 0.815625 0.001563 0.078125
9 0.513281 0.815625 0.001563 0.078125
9 0.460156 0.815625 0.001563 0.078125
9 0.408594 0.815625 0.001563 0.078125
9 0.355469 0.815625 0.001563 0.078125
9 0.303906 0.815625 0.001563 0.078125
9 0.252344 0.815625 0.001563 0.078125
9 0.199219 0.815625 0.001563 0.078125
9 0.147656 0.815625 0.001563 0.078125
9 0.094531 0.815625 0.001563 0.078125
9 0.042969 0.815625 0.001563 0.078125
9 0.982031 0.659375 0.001563 0.065625
9 0.878906 0.659375 0.001563 0.065625
9 0.774219 0.659375 0.001563 0.065625
9 0.669531 0.659375 0.001563 0.065625
9 0.564844 0.659375 0.001563 0.065625
9 0.460156 0.659375 0.001563 0.065625
9 0.355469 0.659375 0.001563 0.065625
9 0.252344 0.659375 0.001563 0.065625
9 0.147656 0.659375 0.001563 0.065625
9 0.042969 0.659375 0.001563 0.065625
9 0.982031 0.504687 0.001563 0.053125
9 0.774219 0.504687 0.001563 0.053125
9 0.564844 0.504687 0.001563 0.053125
9 0.355469 0.504687 0.001563 0.053125
9 0.147656 0.504687 0.001563 0.053125
9 0.982031 0.342187 0.001563 0.053125
9 0.564844 0.342187 0.001563 0.053125
9 0.147656 0.342187 0.001563 0.053125
0 0.973437 0.857812 0.021875 0.018750
0 0.920312 0.857812 0.021875 0.018750
0 0.868750 0.857812 0.021875 0.018750
0 0.817187 0.857812 0.021875 0.018750
0 0.764062 0.857812 0.021875 0.018750
0 0.712500 0.857812 0.021875 0.018750
0 0.659375 0.857812 0.021875 0.018750
0 0.607812 0.857812 0.021875 0.018750
0 0.556250 0.857812 0.021875 0.018750
0 0.503125 0.857812 0.021875 0.018750
0 0.451562 0.857812 0.021875 0.018750
0 0.398438 0.857812 0.021875 0.018750
0 0.346875 0.857812 0.021875 0.018750
0 0.295312 0.857812 0.021875 0.018750
0 0.242188 0.857812 0.021875 0.018750
0 0.190625 0.857812 0.021875 0.018750
0 0.137500 0.857812 0.021875 0.018750
0 0.085938 0.857812 0.021875 0.018750
0 0.034375 0.857812 0.021875 0.018750
0 0.973437 0.695312 0.021875 0.018750
0 0.868750 0.695312 0.021875 0.018750
0 0.764062 0.695312 0.021875 0.018750
0 0.659375 0.695312 0.021875 0.018750
0 0.556250 0.695312 0.021875 0.018750
0 0.451562 0.695312 0.021875 0.018750
0 0.346875 0.695312 0.021875 0.018750
0 0.242188 0.695312 0.021875 0.018750
0 0.137500 0.695312 0.021875 0.018750
0 0.034375 0.695312 0.021875 0.018750
0 0.973437 0.534375 0.021875 0.018750
0 0.764062 0.534375 0.021875 0.018750
0 0.556250 0.534375 0.021875 0.018750
0 0.346875 0.534375 0.021875 0.018750
0 0.137500 0.534375 0.021875 0.018750
0 0.973437 0.373437 0.021875 0.018750
0 0.556250 0.373437 0.021875 0.018750
0 0.137500 0.373437 0.021875 0.018750
