10 0.884375 0.319531 0.046875 0.032813
10 0.739062 0.319531 0.046875 0.032813
10 0.576562 0.319531 0.137500 0.032813
10 0.384375 0.319531 0.046875 0.032813
10 0.076563 0.319531 0.137500 0.032813
9 0.670312 0.364844 0.003125 0.067187
9 0.170313 0.364844 0.003125 0.067187
9 0.907031 0.335938 0.001563 0.065625
9 0.861719 0.335938 0.001563 0.065625
9 0.760156 0.335938 0.001563 0.065625
9 0.716406 0.335938 0.001563 0.065625
9 0.642969 0.335938 0.001563 0.065625
9 0.599219 0.335938 0.001563 0.065625
9 0.553906 0.335938 0.001563 0.065625
9 0.508594 0.335938 0.001563 0.065625
9 0.407031 0.335938 0.001563 0.065625
9 0.361719 0.335938 0.001563 0.065625
15 0.269531 0.337500 0.017188 0.062500
9 0.261719 0.339062 0.001563 0.059375
12 0.207031 0.366406 0.023438 0.060937
9 0.144531 0.335938 0.001563 0.065625
9 0.099219 0.335938 0.001563 0.065625
9 0.053906 0.335938 0.001563 0.065625
9 0.008594 0.335938 0.001563 0.065625
0 0.993750 0.373437 0.012500 0.018750
0 0.898438 0.373437 0.021875 0.018750
0 0.853125 0.373437 0.021875 0.018750
0 0.751563 0.373437 0.021875 0.018750
0 0.706250 0.373437 0.021875 0.018750
0 0.634375 0.373437 0.021875 0.018750
0 0.589063 0.373437 0.021875 0.018750
0 0.543750 0.373437 0.021875 0.018750
0 0.498437 0.373437 0.021875 0.018750
0 0.398438 0.373437 0.021875 0.018750
0 0.353125 0.373437 0.021875 0.018750
0 0.251563 0.373437 0.021875 0.018750
0 0.134375 0.373437 0.021875 0.018750
0 0.089063 0.373437 0.021875 0.018750
0 0.043750 0.373437 0.021875 0.018750
0 0.005469 0.373437 0.010937 0.018750
