10 0.835938 0.017969 0.328125 0.032813
10 0.376563 0.017969 0.356250 0.032813
10 0.835938 0.173437 0.328125 0.043750
10 0.406250 0.173437 0.415625 0.043750
10 0.071094 0.173437 0.142187 0.043750
10 0.835938 0.328125 0.328125 0.056250
10 0.421094 0.328125 0.445312 0.056250
10 0.085938 0.328125 0.171875 0.056250
9 0.996094 0.344531 0.001563 0.089063
9 0.966406 0.344531 0.001563 0.089063
9 0.936719 0.344531 0.001563 0.089063
9 0.908594 0.344531 0.001563 0.089063
9 0.878906 0.344531 0.001563 0.089063
9 0.849219 0.344531 0.001563 0.089063
9 0.819531 0.344531 0.001563 0.089063
9 0.789844 0.344531 0.001563 0.089063
9 0.760156 0.344531 0.001563 0.089063
9 0.730469 0.344531 0.001563 0.089063
9 0.700781 0.344531 0.001563 0.089063
9 0.672656 0.344531 0.001563 0.089063
9 0.642969 0.344531 0.001563 0.089063
9 0.613281 0.344531 0.001563 0.089063
9 0.583594 0.344531 0.001563 0.089063
9 0.553906 0.344531 0.001563 0.089063
9 0.524219 0.344531 0.001563 0.089063
9 0.494531 0.344531 0.001563 0.089063
9 0.464844 0.344531 0.001563 0.089063
9 0.435156 0.344531 0.001563 0.089063
9 0.407031 0.344531 0.001563 0.089063
9 0.377344 0.344531 0.001563 0.089063
9 0.347656 0.344531 0.001563 0.089063
9 0.317969 0.344531 0.001563 0.089063
9 0.288281 0.344531 0.001563 0.089063
9 0.258594 0.344531 0.001563 0.089063
9 0.228906 0.344531 0.001563 0.089063
9 0.199219 0.344531 0.001563 0.089063
9 0.169531 0.344531 0.001563 0.089063
9 0.141406 0.344531 0.001563 0.089063
9 0.111719 0.344531 0.001563 0.089063
9 0.082031 0.344531 0.001563 0.089063
9 0.052344 0.344531 0.001563 0.089063
9 0.022656 0.344531 0.001563 0.089063
9 0.966406 0.190625 0.001563 0.078125
9 0.908594 0.190625 0.001563 0.078125
9 0.849219 0.190625 0.001563 0.078125
9 0.789844 0.190625 0.001563 0.078125
9 0.730469 0.190625 0.001563 0.078125
9 0.672656 0.190625 0.001563 0.078125
9 0.613281 0.190625 0.001563 0.078125
9 0.553906 0.190625 0.001563 0.078125
9 0.494531 0.190625 0.001563 0.078125
9 0.435156 0.190625 0.001563 0.078125
9 0.377344 0.190625 0.001563 0.078125
9 0.317969 0.190625 0.001563 0.078125
9 0.258594 0.190625 0.001563 0.078125
9 0.199219 0.190625 0.001563 0.078125
9 0.141406 0.190625 0.001563 0.078125
9 0.082031 0.190625 0.001563 0.078125
9 0.022656 0.190625 0.001563 0.078125
9 0.908594 0.034375 0.001563 0.065625
9 0.789844 0.034375 0.001563 0.065625
9 0.672656 0.034375 0.001563 0.065625
9 0.553906 0.034375 0.001563 0.065625
9 0.435156 0.034375 0.001563 0.065625
9 0.317969 0.034375 0.001563 0.065625
9 0.199219 0.034375 0.001563 0.065625
9 0.082031 0.034375 0.001563 0.065625
0 0.987500 0.393750 0.021875 0.018750
0 0.957812 0.393750 0.021875 0.018750
0 0.928125 0.393750 0.021875 0.018750
0 0.898438 0.393750 0.021875 0.018750
0 0.868750 0.393750 0.021875 0.018750
0 0.839063 0.393750 0.021875 0.018750
0 0.809375 0.393750 0.021875 0.018750
0 0.781250 0.393750 0.021875 0.018750
0 0.751563 0.393750 0.021875 0.018750
0 0.721875 0.393750 0.021875 0.018750
0 0.692187 0.393750 0.021875 0.018750
0 0.662500 0.393750 0.021875 0.018750
0 0.632812 0.393750 0.021875 0.018750
0 0.603125 0.393750 0.021875 0.018750
0 0.573438 0.393750 0.021875 0.018750
0 0.545312 0.393750 0.021875 0.018750
0 0.515625 0.393750 0.021875 0.018750
0 0.485938 0.393750 0.021875 0.018750
0 0.456250 0.393750 0.021875 0.018750
0 0.426563 0.393750 0.021875 0.018750
0 0.396875 0.393750 0.021875 0.018750
0 0.367188 0.393750 0.021875 0.018750
0 0.337500 0.393750 0.021875 0.018750
0 0.307812 0.393750 0.021875 0.018750
0 0.279687 0.393750 0.021875 0.018750
0 0.250000 0.393750 0.021875 0.018750
0 0.220312 0.393750 0.021875 0.018750
0 0.190625 0.393750 0.021875 0.018750
0 0.160938 0.393750 0.021875 0.018750
0 0.131250 0.393750 0.021875 0.018750
0 0.101562 0.393750 0.021875 0.018750
0 0.071875 0.393750 0.021875 0.018750
0 0.042188 0.393750 0.021875 0.018750
0 0.014063 0.393750 0.021875 0.018750
0 0.957812 0.232813 0.021875 0.018750
0 0.898438 0.232813 0.021875 0.018750
0 0.839063 0.232813 0.021875 0.018750
0 0.781250 0.232813 0.021875 0.018750
0 0.721875 0.232813 0.021875 0.018750
0 0.662500 0.232813 0.021875 0.018750
0 0.603125 0.232813 0.021875 0.018750
0 0.545312 0.232813 0.021875 0.018750
0 0.485938 0.232813 0.021875 0.018750
0 0.426563 0.232813 0.021875 0.018750
0 0.367188 0.232813 0.021875 0.018750
0 0.307812 0.232813 0.021875 0.018750
0 0.250000 0.232813 0.021875 0.018750
0 0.190625 0.232813 0.021875 0.018750
0 0.131250 0.232813 0.021875 0.018750
0 0.071875 0.232813 0.021875 0.018750
0 0.014063 0.232813 0.021875 0.018750
0 0.898438 0.070312 0.021875 0.018750
0 0.781250 0.070312 0.021875 0.018750
0 0.662500 0.070312 0.021875 0.018750
0 0.545312 0.070312 0.021875 0.018750
0 0.426563 0.070312 0.021875 0.018750
0 0.307812 0.070312 0.021875 0.018750
0 0.190625 0.070312 0.021875 0.018750
0 0.071875 0.070312 0.021875 0.018750
