10 0.695312 0.319531 0.093750 0.032813
10 0.489063 0.319531 0.093750 0.032813
10 0.184375 0.319531 0.093750 0.032813
10 0.011719 0.319531 0.023438 0.032813
9 0.860938 0.364844 0.003125 0.067187
9 0.350000 0.364844 0.003125 0.067187
15 0.839844 0.337500 0.017188 0.062500
9 0.832031 0.339062 0.001563 0.059375
12 0.777344 0.366406 0.023438 0.060937
9 0.739844 0.335938 0.001563 0.065625
9 0.694531 0.335938 0.001563 0.065625
9 0.649219 0.335938 0.001563 0.065625
8 0.590625 0.356250 0.006250 0.006250
9 0.533594 0.335938 0.001563 0.065625
9 0.488281 0.335938 0.001563 0.065625
9 0.442969 0.335938 0.001563 0.065625
12 0.388281 0.366406 0.023438 0.060937
15 0.328906 0.337500 0.017188 0.062500
9 0.321094 0.339062 0.001563 0.059375
12 0.266406 0.366406 0.023438 0.060937
9 0.228906 0.335938 0.001563 0.065625
9 0.183594 0.335938 0.001563 0.065625
9 0.138281 0.335938 0.001563 0.065625
8 0.079687 0.356250 0.006250 0.006250
9 0.022656 0.335938 0.001563 0.065625
0 0.821875 0.373437 0.021875 0.018750
0 0.731250 0.373437 0.021875 0.018750
0 0.685937 0.373437 0.021875 0.018750
0 0.639062 0.373437 0.021875 0.018750
0 0.525000 0.373437 0.021875 0.018750
0 0.478125 0.373437 0.021875 0.018750
0 0.432812 0.373437 0.021875 0.018750
0 0.310937 0.373437 0.021875 0.018750
0 0.220312 0.373437 0.021875 0.018750
0 0.175000 0.373437 0.021875 0.018750
0 0.128125 0.373437 0.021875 0.018750
0 0.012500 0.373437 0.021875 0.018750
