7 0.262500 0.366406 0.043750 0.114062
10 0.983594 0.319531 0.032813 0.032813
10 0.767188 0.319531 0.093750 0.032813
10 0.410938 0.319531 0.140625 0.032813
9 0.840625 0.364844 0.003125 0.067187
9 0.967969 0.335938 0.001563 0.065625
12 0.875000 0.367188 0.015625 0.028125
9 0.813281 0.335938 0.001563 0.065625
9 0.767969 0.335938 0.001563 0.065625
9 0.721094 0.335938 0.001563 0.065625
12 0.666406 0.366406 0.023438 0.060937
15 0.578906 0.337500 0.017188 0.062500
9 0.571094 0.339062 0.001563 0.059375
12 0.516406 0.366406 0.023438 0.060937
9 0.478906 0.335938 0.001563 0.065625
9 0.433594 0.335938 0.001563 0.065625
9 0.388281 0.335938 0.001563 0.065625
9 0.341406 0.335938 0.001563 0.065625
0 0.959375 0.373437 0.021875 0.018750
0 0.804688 0.373437 0.021875 0.018750
0 0.757812 0.373437 0.021875 0.018750
0 0.712500 0.373437 0.021875 0.018750
0 0.562500 0.373437 0.021875 0.018750
0 0.470313 0.373437 0.021875 0.018750
0 0.425000 0.373437 0.021875 0.018750
0 0.378125 0.373437 0.021875 0.018750
0 0.332813 0.373437 0.021875 0.018750
