10 0.692187 0.325781 0.121875 0.020313
10 0.532031 0.325781 0.042188 0.020313
10 0.226562 0.325781 0.121875 0.020313
9 0.860938 0.364844 0.003125 0.067187
9 0.396875 0.364844 0.003125 0.067187
9 0.830469 0.342969 0.001563 0.051562
9 0.750781 0.342187 0.001563 0.053125
9 0.711719 0.342187 0.001563 0.053125
9 0.671094 0.342187 0.001563 0.053125
9 0.632031 0.342187 0.001563 0.053125
9 0.552344 0.342187 0.001563 0.053125
9 0.511719 0.342187 0.001563 0.053125
12 0.431250 0.367188 0.015625 0.028125
8 0.450000 0.356250 0.006250 0.006250
9 0.366406 0.342969 0.001563 0.051562
9 0.286719 0.342187 0.001563 0.053125
9 0.246094 0.342187 0.001563 0.053125
9 0.207031 0.342187 0.001563 0.053125
9 0.166406 0.342187 0.001563 0.053125
9 0.085156 0.342969 0.001563 0.051562
9 0.005469 0.342187 0.001563 0.053125
0 0.821875 0.373437 0.021875 0.018750
0 0.742188 0.373437 0.021875 0.018750
0 0.701562 0.373437 0.021875 0.018750
0 0.662500 0.373437 0.021875 0.018750
0 0.621875 0.373437 0.021875 0.018750
0 0.542188 0.373437 0.021875 0.018750
0 0.503125 0.373437 0.021875 0.018750
0 0.356250 0.373437 0.021875 0.018750
0 0.276562 0.373437 0.021875 0.018750
0 0.237500 0.373437 0.021875 0.018750
0 0.196875 0.373437 0.021875 0.018750
0 0.157812 0.373437 0.021875 0.018750
0 0.075000 0.373437 0.021875 0.018750
0 0.003906 0.373437 0.007812 0.018750
