10 0.746094 0.319531 0.048438 0.007812
9 0.860938 0.364844 0.003125 0.067187
9 0.584375 0.364844 0.003125 0.067187
9 0.279687 0.364844 0.003125 0.067187
12 0.803906 0.364844 0.017188 0.048438
9 0.769531 0.342187 0.001563 0.053125
9 0.722656 0.342187 0.001563 0.053125
15 0.685156 0.342187 0.017188 0.053125
9 0.677344 0.343750 0.001563 0.053125
12 0.618750 0.367188 0.015625 0.028125
12 0.545312 0.367188 0.015625 0.028125
15 0.517969 0.342187 0.017188 0.053125
9 0.510156 0.343750 0.001563 0.053125
12 0.453125 0.367188 0.015625 0.028125
15 0.425781 0.342187 0.017188 0.053125
9 0.417969 0.343750 0.001563 0.053125
15 0.380469 0.342187 0.017188 0.053125
9 0.372656 0.343750 0.001563 0.053125
12 0.314063 0.367188 0.015625 0.028125
15 0.258594 0.342187 0.017188 0.053125
9 0.250781 0.343750 0.001563 0.053125
12 0.192188 0.367188 0.015625 0.028125
12 0.145313 0.367188 0.015625 0.028125
15 0.119531 0.342187 0.017188 0.053125
9 0.111719 0.343750 0.001563 0.053125
15 0.074219 0.342187 0.017188 0.053125
9 0.066406 0.343750 0.001563 0.053125
12 0.007812 0.367188 0.015625 0.028125
0 0.759375 0.373437 0.021875 0.018750
0 0.714063 0.373437 0.021875 0.018750
0 0.667188 0.373437 0.021875 0.018750
0 0.501563 0.373437 0.021875 0.018750
0 0.409375 0.373437 0.021875 0.018750
0 0.362500 0.373437 0.021875 0.018750
0 0.240625 0.373437 0.021875 0.018750
0 0.103125 0.373437 0.021875 0.018750
0 0.056250 0.373437 0.021875 0.018750
