10 0.923438 0.319531 0.112500 0.032813
10 0.396875 0.319531 0.112500 0.032813
14 0.642188 0.364844 0.003125 0.067187
14 0.115625 0.364844 0.003125 0.067187
9 0.978906 0.335938 0.001563 0.065625
9 0.924219 0.335938 0.001563 0.065625
9 0.867969 0.335938 0.001563 0.065625
14 0.752344 0.337500 0.017188 0.062500
9 0.744531 0.339062 0.001563 0.059375
11 0.680469 0.366406 0.023438 0.060937
11 0.550000 0.367188 0.015625 0.028125
11 0.499219 0.366406 0.023438 0.060937
9 0.452344 0.335938 0.001563 0.065625
9 0.397656 0.335938 0.001563 0.065625
9 0.341406 0.335938 0.001563 0.065625
11 0.208594 0.366406 0.023438 0.060937
14 0.169531 0.337500 0.017188 0.062500
9 0.161719 0.339062 0.001563 0.059375
11 0.023438 0.367188 0.015625 0.028125
0 0.970313 0.373437 0.021875 0.018750
0 0.914062 0.373437 0.021875 0.018750
0 0.859375 0.373437 0.021875 0.018750
0 0.734375 0.373437 0.021875 0.018750
0 0.443750 0.373437 0.021875 0.018750
0 0.387500 0.373437 0.021875 0.018750
0 0.332813 0.373437 0.021875 0.018750
0 0.151562 0.373437 0.021875 0.018750
