14 0.668750 0.364844 0.003125 0.067187
14 0.198437 0.364844 0.003125 0.067187
11 0.950000 0.367188 0.015625 0.028125
9 0.871094 0.342969 0.001563 0.051562
9 0.825781 0.342969 0.001563 0.051562
11 0.748437 0.367188 0.015625 0.028125
9 0.714844 0.342969 0.001563 0.051562
9 0.636719 0.342969 0.001563 0.051562
11 0.559375 0.367188 0.015625 0.028125
9 0.525781 0.342969 0.001563 0.051562
11 0.448437 0.367188 0.015625 0.028125
9 0.369531 0.342969 0.001563 0.051562
9 0.324219 0.342969 0.001563 0.051562
11 0.232813 0.367188 0.015625 0.028125
8 0.251563 0.356250 0.006250 0.006250
9 0.167969 0.342969 0.001563 0.051562
11 0.090625 0.367188 0.015625 0.028125
9 0.057031 0.342969 0.001563 0.051562
0 0.860938 0.373437 0.021875 0.018750
0 0.815625 0.373437 0.021875 0.018750
0 0.704688 0.373437 0.021875 0.018750
0 0.628125 0.373437 0.021875 0.018750
0 0.517188 0.373437 0.021875 0.018750
0 0.360938 0.373437 0.021875 0.018750
0 0.314063 0.373437 0.021875 0.018750
0 0.157812 0.373437 0.021875 0.018750
0 0.046875 0.373437 0.021875 0.018750
