10 0.732031 0.325781 0.035937 0.020313
10 0.311719 0.325781 0.173437 0.020313
9 0.860938 0.364844 0.003125 0.067187
9 0.585938 0.364844 0.003125 0.067187
9 0.179688 0.364844 0.003125 0.067187
12 0.818750 0.367188 0.015625 0.028125
12 0.771875 0.367188 0.015625 0.028125
9 0.749219 0.342187 0.001563 0.053125
9 0.714844 0.342187 0.001563 0.053125
12 0.619531 0.364844 0.017188 0.048438
8 0.640625 0.356250 0.006250 0.006250
12 0.543750 0.367188 0.015625 0.028125
12 0.495312 0.367188 0.015625 0.028125
9 0.466406 0.342969 0.001563 0.051562
9 0.397656 0.342187 0.001563 0.053125
9 0.363281 0.342187 0.001563 0.053125
9 0.328906 0.342187 0.001563 0.053125
9 0.294531 0.342187 0.001563 0.053125
9 0.260156 0.342187 0.001563 0.053125
9 0.225781 0.342187 0.001563 0.053125
12 0.137500 0.367188 0.015625 0.028125
12 0.089063 0.367188 0.015625 0.028125
9 0.060156 0.342969 0.001563 0.051562
0 0.740625 0.373437 0.021875 0.018750
0 0.706250 0.373437 0.021875 0.018750
0 0.456250 0.373437 0.021875 0.018750
0 0.387500 0.373437 0.021875 0.018750
0 0.353125 0.373437 0.021875 0.018750
0 0.320312 0.373437 0.021875 0.018750
0 0.285938 0.373437 0.021875 0.018750
0 0.251563 0.373437 0.021875 0.018750
0 0.217188 0.373437 0.021875 0.018750
0 0.051562 0.373437 0.021875 0.018750
