10 0.903906 0.319531 0.048438 0.032813
10 0.382031 0.319531 0.048438 0.032813
9 0.646875 0.364844 0.003125 0.067187
9 0.157812 0.364844 0.003125 0.067187
9 0.928906 0.335938 0.001563 0.065625
9 0.880469 0.335938 0.001563 0.065625
12 0.825781 0.366406 0.023438 0.060937
15 0.794531 0.337500 0.017188 0.062500
9 0.786719 0.339062 0.001563 0.059375
12 0.730469 0.366406 0.023438 0.060937
15 0.700781 0.337500 0.017188 0.062500
9 0.692969 0.339062 0.001563 0.059375
12 0.608594 0.366406 0.023438 0.060937
15 0.578906 0.337500 0.017188 0.062500
9 0.571094 0.339062 0.001563 0.059375
9 0.405469 0.335938 0.001563 0.065625
9 0.358594 0.335938 0.001563 0.065625
12 0.302344 0.366406 0.023438 0.060937
15 0.271094 0.337500 0.017188 0.062500
9 0.263281 0.339062 0.001563 0.059375
12 0.121094 0.366406 0.023438 0.060937
15 0.089844 0.337500 0.017188 0.062500
9 0.082031 0.339062 0.001563 0.059375
0 0.918750 0.373437 0.021875 0.018750
0 0.871875 0.373437 0.021875 0.018750
0 0.778125 0.373437 0.021875 0.018750
0 0.682813 0.373437 0.021875 0.018750
0 0.560937 0.373437 0.021875 0.018750
0 0.395313 0.373437 0.021875 0.018750
0 0.348438 0.373437 0.021875 0.018750
0 0.254688 0.373437 0.021875 0.018750
0 0.073438 0.373437 0.021875 0.018750
