7 0.262500 0.366406 0.043750 0.114062
10 0.936719 0.319531 0.126562 0.032813
10 0.735938 0.319531 0.137500 0.032813
10 0.432031 0.319531 0.092188 0.032813
9 0.828125 0.364844 0.003125 0.067187
9 0.964844 0.335938 0.001563 0.065625
9 0.919531 0.335938 0.001563 0.065625
9 0.874219 0.335938 0.001563 0.065625
9 0.802344 0.335938 0.001563 0.065625
9 0.757031 0.335938 0.001563 0.065625
9 0.711719 0.335938 0.001563 0.065625
9 0.667969 0.335938 0.001563 0.065625
15 0.574219 0.337500 0.017188 0.062500
9 0.566406 0.339062 0.001563 0.059375
12 0.513281 0.366406 0.023438 0.060937
9 0.475781 0.335938 0.001563 0.065625
9 0.432031 0.335938 0.001563 0.065625
9 0.386719 0.335938 0.001563 0.065625
12 0.333594 0.366406 0.023438 0.060937
0 0.994531 0.373437 0.010937 0.018750
0 0.954688 0.373437 0.021875 0.018750
0 0.910937 0.373437 0.021875 0.018750
0 0.865625 0.373437 0.021875 0.018750
0 0.792188 0.373437 0.021875 0.018750
0 0.748437 0.373437 0.021875 0.018750
0 0.703125 0.373437 0.021875 0.018750
0 0.657813 0.373437 0.021875 0.018750
0 0.556250 0.373437 0.021875 0.018750
0 0.467187 0.373437 0.021875 0.018750
0 0.421875 0.373437 0.021875 0.018750
0 0.376563 0.373437 0.021875 0.018750
