10 0.432031 0.325781 0.048438 0.020313
9 0.860938 0.364844 0.003125 0.067187
9 0.362500 0.364844 0.003125 0.067187
12 0.803125 0.367188 0.015625 0.028125
9 0.722656 0.342969 0.001563 0.051562
12 0.645312 0.367188 0.015625 0.028125
9 0.564844 0.342969 0.001563 0.051562
12 0.487500 0.367188 0.015625 0.028125
9 0.453906 0.342187 0.001563 0.053125
9 0.408594 0.342187 0.001563 0.053125
12 0.303125 0.367188 0.015625 0.028125
9 0.222656 0.342969 0.001563 0.051562
12 0.145313 0.367188 0.015625 0.028125
9 0.066406 0.342969 0.001563 0.051562
0 0.714063 0.373437 0.021875 0.018750
0 0.556250 0.373437 0.021875 0.018750
0 0.445312 0.373437 0.021875 0.018750
0 0.398438 0.373437 0.021875 0.018750
0 0.214062 0.373437 0.021875 0.018750
0 0.056250 0.373437 0.021875 0.018750
