10 0.708594 0.319531 0.048438 0.032813
10 0.553125 0.319531 0.090625 0.032813
10 0.175781 0.319531 0.048438 0.032813
10 0.032813 0.319531 0.065625 0.032813
14 0.860938 0.364844 0.003125 0.067187
14 0.329688 0.364844 0.003125 0.067187
14 0.839844 0.337500 0.017188 0.062500
9 0.832031 0.339062 0.001563 0.059375
9 0.732031 0.335938 0.001563 0.065625
9 0.685156 0.335938 0.001563 0.065625
11 0.632031 0.366406 0.023438 0.060937
9 0.596094 0.335938 0.001563 0.065625
9 0.552344 0.335938 0.001563 0.065625
9 0.508594 0.335938 0.001563 0.065625
11 0.455469 0.366406 0.023438 0.060937
14 0.427344 0.337500 0.017188 0.062500
9 0.419531 0.339062 0.001563 0.059375
11 0.366406 0.366406 0.023438 0.060937
14 0.307031 0.337500 0.017188 0.062500
9 0.299219 0.339062 0.001563 0.059375
9 0.199219 0.335938 0.001563 0.065625
9 0.152344 0.335938 0.001563 0.065625
11 0.099219 0.366406 0.023438 0.060937
9 0.064844 0.335938 0.001563 0.065625
9 0.019531 0.335938 0.001563 0.065625
0 0.821875 0.373437 0.021875 0.018750
0 0.723437 0.373437 0.021875 0.018750
0 0.675000 0.373437 0.021875 0.018750
0 0.587500 0.373437 0.021875 0.018750
0 0.543750 0.373437 0.021875 0.018750
0 0.498437 0.373437 0.021875 0.018750
0 0.410938 0.373437 0.021875 0.018750
0 0.290625 0.373437 0.021875 0.018750
0 0.190625 0.373437 0.021875 0.018750
0 0.143750 0.373437 0.021875 0.018750
0 0.054688 0.373437 0.021875 0.018750
0 0.010937 0.373437 0.021875 0.018750
