10 0.817187 0.319531 0.043750 0.032813
10 0.450781 0.319531 0.085938 0.032813
10 0.317188 0.319531 0.043750 0.032813
14 0.860938 0.364844 0.003125 0.067187
14 0.362500 0.364844 0.003125 0.067187
9 0.838281 0.335938 0.001563 0.065625
9 0.796094 0.335938 0.001563 0.065625
11 0.746094 0.366406 0.023438 0.060937
14 0.719531 0.337500 0.017188 0.062500
9 0.711719 0.339062 0.001563 0.059375
11 0.610156 0.366406 0.023438 0.060937
14 0.583594 0.337500 0.017188 0.062500
9 0.575781 0.339062 0.001563 0.059375
11 0.525781 0.366406 0.023438 0.060937
9 0.491406 0.335938 0.001563 0.065625
9 0.450781 0.335938 0.001563 0.065625
9 0.408594 0.335938 0.001563 0.065625
9 0.338281 0.335938 0.001563 0.065625
9 0.296094 0.335938 0.001563 0.065625
11 0.246094 0.366406 0.023438 0.060937
14 0.221094 0.337500 0.017188 0.062500
9 0.213281 0.339062 0.001563 0.059375
11 0.110156 0.366406 0.023438 0.060937
14 0.083594 0.337500 0.017188 0.062500
9 0.075781 0.339062 0.001563 0.059375
11 0.025781 0.366406 0.023438 0.060937
0 0.829688 0.373437 0.021875 0.018750
0 0.787500 0.373437 0.021875 0.018750
0 0.703125 0.373437 0.021875 0.018750
0 0.567187 0.373437 0.021875 0.018750
0 0.482812 0.373437 0.021875 0.018750
0 0.440625 0.373437 0.021875 0.018750
0 0.398438 0.373437 0.021875 0.018750
0 0.329688 0.373437 0.021875 0.018750
0 0.287500 0.373437 0.021875 0.018750
0 0.203125 0.373437 0.021875 0.018750
0 0.067187 0.373437 0.021875 0.018750
