7 0.262500 0.366406 0.043750 0.114062
10 0.579688 0.325781 0.043750 0.020313
14 0.759375 0.364844 0.003125 0.067187
9 0.991406 0.342969 0.001563 0.051562
11 0.878125 0.367188 0.015625 0.028125
9 0.805469 0.342969 0.001563 0.051562
9 0.728906 0.342969 0.001563 0.051562
9 0.600781 0.342187 0.001563 0.053125
9 0.558594 0.342187 0.001563 0.053125
9 0.474219 0.342969 0.001563 0.051562
11 0.389062 0.367188 0.015625 0.028125
8 0.407813 0.356250 0.006250 0.006250
11 0.329688 0.367188 0.015625 0.028125
0 0.982812 0.373437 0.021875 0.018750
0 0.796875 0.373437 0.021875 0.018750
0 0.718750 0.373437 0.021875 0.018750
0 0.592187 0.373437 0.021875 0.018750
0 0.550000 0.373437 0.021875 0.018750
0 0.465625 0.373437 0.021875 0.018750
