14 0.860938 0.364844 0.003125 0.067187
14 0.478125 0.364844 0.003125 0.067187
14 0.146875 0.364844 0.003125 0.067187
9 0.802344 0.342969 0.001563 0.051562
11 0.719531 0.364844 0.017188 0.048438
9 0.689844 0.342969 0.001563 0.051562
11 0.590625 0.367188 0.015625 0.028125
9 0.524219 0.342969 0.001563 0.051562
9 0.419531 0.342969 0.001563 0.051562
11 0.336719 0.364844 0.017188 0.048438
9 0.307031 0.342969 0.001563 0.051562
11 0.231250 0.367188 0.015625 0.028125
8 0.251563 0.356250 0.006250 0.006250
11 0.181250 0.367188 0.015625 0.028125
9 0.088281 0.342969 0.001563 0.051562
11 0.007031 0.364844 0.014063 0.048438
0 0.793750 0.373437 0.021875 0.018750
0 0.679688 0.373437 0.021875 0.018750
0 0.515625 0.373437 0.021875 0.018750
0 0.410938 0.373437 0.021875 0.018750
0 0.296875 0.373437 0.021875 0.018750
0 0.079687 0.373437 0.021875 0.018750
