10 0.768750 0.319531 0.043750 0.032813
10 0.523438 0.319531 0.043750 0.032813
10 0.017188 0.319531 0.034375 0.032813
9 0.659375 0.364844 0.003125 0.067187
9 0.148438 0.364844 0.003125 0.067187
12 0.908594 0.366406 0.023438 0.060937
15 0.882031 0.337500 0.017188 0.062500
9 0.874219 0.339062 0.001563 0.059375
12 0.824219 0.366406 0.023438 0.060937
9 0.789844 0.335938 0.001563 0.065625
9 0.747656 0.335938 0.001563 0.065625
12 0.696094 0.366406 0.023438 0.060937
15 0.636719 0.337500 0.017188 0.062500
9 0.628906 0.339062 0.001563 0.059375
12 0.578906 0.366406 0.023438 0.060937
9 0.544531 0.335938 0.001563 0.065625
9 0.502344 0.335938 0.001563 0.065625
12 0.397656 0.366406 0.023438 0.060937
15 0.372656 0.337500 0.017188 0.062500
9 0.364844 0.339062 0.001563 0.059375
12 0.313281 0.366406 0.023438 0.060937
15 0.288281 0.337500 0.017188 0.062500
9 0.280469 0.339062 0.001563 0.059375
12 0.228906 0.366406 0.023438 0.060937
15 0.202344 0.337500 0.017188 0.062500
9 0.194531 0.339062 0.001563 0.059375
15 0.127344 0.337500 0.017188 0.062500
9 0.119531 0.339062 0.001563 0.059375
12 0.067969 0.366406 0.023438 0.060937
9 0.033594 0.335938 0.001563 0.065625
0 0.996094 0.373437 0.007812 0.018750
0 0.865625 0.373437 0.021875 0.018750
0 0.781250 0.373437 0.021875 0.018750
0 0.739062 0.373437 0.021875 0.018750
0 0.620313 0.373437 0.021875 0.018750
0 0.534375 0.373437 0.021875 0.018750
0 0.492188 0.373437 0.021875 0.018750
0 0.354687 0.373437 0.021875 0.018750
0 0.270313 0.373437 0.021875 0.018750
0 0.185938 0.373437 0.021875 0.018750
0 0.109375 0.373437 0.021875 0.018750
0 0.025000 0.373437 0.021875 0.018750
