10 0.601562 0.325781 0.046875 0.020313
10 0.139063 0.325781 0.046875 0.020313
9 0.650000 0.364844 0.003125 0.067187
9 0.189062 0.364844 0.003125 0.067187
9 0.988281 0.342969 0.001563 0.051562
12 0.865625 0.367188 0.015625 0.028125
9 0.833594 0.342969 0.001563 0.051562
9 0.696094 0.342969 0.001563 0.051562
9 0.624219 0.342187 0.001563 0.053125
9 0.578906 0.342187 0.001563 0.053125
12 0.501563 0.367188 0.015625 0.028125
9 0.469531 0.342969 0.001563 0.051562
12 0.346875 0.367188 0.015625 0.028125
9 0.313281 0.342969 0.001563 0.051562
12 0.223438 0.367188 0.015625 0.028125
8 0.242188 0.356250 0.006250 0.006250
9 0.163281 0.342187 0.001563 0.053125
9 0.116406 0.342187 0.001563 0.053125
12 0.040625 0.367188 0.015625 0.028125
9 0.007031 0.342969 0.001563 0.051562
0 0.978125 0.373437 0.021875 0.018750
0 0.823438 0.373437 0.021875 0.018750
0 0.687500 0.373437 0.021875 0.018750
0 0.614062 0.373437 0.021875 0.018750
0 0.568750 0.373437 0.021875 0.018750
0 0.459375 0.373437 0.021875 0.018750
0 0.304688 0.373437 0.021875 0.018750
0 0.153125 0.373437 0.021875 0.018750
0 0.107813 0.373437 0.021875 0.018750
0 0.004687 0.373437 0.009375 0.018750
