7 0.262500 0.366406 0.043750 0.114062
10 0.876563 0.325781 0.071875 0.020313
9 0.795312 0.364844 0.003125 0.067187
12 0.967187 0.367188 0.015625 0.028125
9 0.910156 0.342187 0.001563 0.053125
9 0.841406 0.342187 0.001563 0.053125
12 0.703125 0.367188 0.015625 0.028125
9 0.646094 0.342969 0.001563 0.051562
12 0.467187 0.367188 0.015625 0.028125
9 0.410156 0.342969 0.001563 0.051562
0 0.901563 0.373437 0.021875 0.018750
0 0.831250 0.373437 0.021875 0.018750
0 0.637500 0.373437 0.021875 0.018750
0 0.401562 0.373437 0.021875 0.018750
