10 0.798438 0.325781 0.100000 0.020313
10 0.453125 0.325781 0.100000 0.020313
10 0.231250 0.325781 0.100000 0.020313
10 0.071875 0.325781 0.100000 0.020313
9 0.860938 0.364844 0.003125 0.067187
9 0.517188 0.364844 0.003125 0.067187
9 0.134375 0.364844 0.003125 0.067187
9 0.846094 0.342187 0.001563 0.053125
9 0.814844 0.342187 0.001563 0.053125
9 0.782031 0.342187 0.001563 0.053125
9 0.749219 0.342187 0.001563 0.053125
12 0.690625 0.367188 0.015625 0.028125
9 0.628906 0.342969 0.001563 0.051562
12 0.550781 0.364844 0.017188 0.048438
9 0.502344 0.342187 0.001563 0.053125
9 0.469531 0.342187 0.001563 0.053125
9 0.436719 0.342187 0.001563 0.053125
9 0.403906 0.342187 0.001563 0.053125
12 0.345313 0.367188 0.015625 0.028125
12 0.300000 0.367188 0.015625 0.028125
9 0.278906 0.342187 0.001563 0.053125
9 0.246094 0.342187 0.001563 0.053125
9 0.213281 0.342187 0.001563 0.053125
9 0.182031 0.342187 0.001563 0.053125
9 0.119531 0.342187 0.001563 0.053125
9 0.088281 0.342187 0.001563 0.053125
9 0.055469 0.342187 0.001563 0.053125
9 0.022656 0.342187 0.001563 0.053125
0 0.837500 0.373437 0.021875 0.018750
0 0.804688 0.373437 0.021875 0.018750
0 0.771875 0.373437 0.021875 0.018750
0 0.739062 0.373437 0.021875 0.018750
0 0.618750 0.373437 0.021875 0.018750
0 0.492188 0.373437 0.021875 0.018750
0 0.459375 0.373437 0.021875 0.018750
0 0.428125 0.373437 0.021875 0.018750
0 0.395313 0.373437 0.021875 0.018750
0 0.270313 0.373437 0.021875 0.018750
0 0.237500 0.373437 0.021875 0.018750
0 0.204687 0.373437 0.021875 0.018750
0 0.171875 0.373437 0.021875 0.018750
0 0.110937 0.373437 0.021875 0.018750
0 0.078125 0.373437 0.021875 0.018750
0 0.045312 0.373437 0.021875 0.018750
0 0.012500 0.373437 0.021875 0.018750
