10 0.934375 0.319531 0.131250 0.032813
10 0.435937 0.319531 0.178125 0.032813
9 0.648438 0.364844 0.003125 0.067187
9 0.159375 0.364844 0.003125 0.067187
9 0.957031 0.335938 0.001563 0.065625
9 0.913281 0.335938 0.001563 0.065625
9 0.869531 0.335938 0.001563 0.065625
12 0.816406 0.366406 0.023438 0.060937
15 0.789844 0.337500 0.017188 0.062500
9 0.782031 0.339062 0.001563 0.059375
12 0.728906 0.366406 0.023438 0.060937
15 0.702344 0.337500 0.017188 0.062500
9 0.694531 0.339062 0.001563 0.059375
12 0.558594 0.366406 0.023438 0.060937
9 0.524219 0.335938 0.001563 0.065625
9 0.480469 0.335938 0.001563 0.065625
9 0.435156 0.335938 0.001563 0.065625
9 0.391406 0.335938 0.001563 0.065625
9 0.347656 0.335938 0.001563 0.065625
12 0.296094 0.366406 0.023438 0.060937
15 0.267969 0.337500 0.017188 0.062500
9 0.260156 0.339062 0.001563 0.059375
12 0.071094 0.366406 0.023438 0.060937
9 0.035156 0.335938 0.001563 0.065625
0 0.990625 0.373437 0.018750 0.018750
0 0.948438 0.373437 0.021875 0.018750
0 0.904687 0.373437 0.021875 0.018750
0 0.860938 0.373437 0.021875 0.018750
0 0.771875 0.373437 0.021875 0.018750
0 0.684375 0.373437 0.021875 0.018750
0 0.514062 0.373437 0.021875 0.018750
0 0.470313 0.373437 0.021875 0.018750
0 0.426563 0.373437 0.021875 0.018750
0 0.382812 0.373437 0.021875 0.018750
0 0.339062 0.373437 0.021875 0.018750
0 0.251563 0.373437 0.021875 0.018750
0 0.025000 0.373437 0.021875 0.018750
