10 0.804688 0.319531 0.053125 0.007812
10 0.425000 0.319531 0.053125 0.007812
9 0.860938 0.364844 0.003125 0.067187
9 0.531250 0.364844 0.003125 0.067187
9 0.229687 0.364844 0.003125 0.067187
9 0.830469 0.342187 0.001563 0.053125
9 0.778906 0.342187 0.001563 0.053125
12 0.717187 0.367188 0.015625 0.028125
12 0.665625 0.367188 0.015625 0.028125
15 0.635156 0.342187 0.017188 0.053125
9 0.627344 0.343750 0.001563 0.053125
12 0.565625 0.367188 0.015625 0.028125
12 0.487500 0.367188 0.015625 0.028125
9 0.449219 0.342187 0.001563 0.053125
9 0.399219 0.342187 0.001563 0.053125
15 0.355469 0.342187 0.017188 0.053125
9 0.347656 0.343750 0.001563 0.053125
12 0.264844 0.364844 0.017188 0.048438
15 0.207031 0.342187 0.017188 0.053125
9 0.199219 0.343750 0.001563 0.053125
12 0.135937 0.367188 0.015625 0.028125
15 0.105469 0.342187 0.017188 0.053125
9 0.097656 0.343750 0.001563 0.053125
15 0.055469 0.342187 0.017188 0.053125
9 0.047656 0.343750 0.001563 0.053125
0 0.820312 0.373437 0.021875 0.018750
0 0.770312 0.373437 0.021875 0.018750
0 0.618750 0.373437 0.021875 0.018750
0 0.439063 0.373437 0.021875 0.018750
0 0.389062 0.373437 0.021875 0.018750
0 0.339062 0.373437 0.021875 0.018750
0 0.189062 0.373437 0.021875 0.018750
0 0.089063 0.373437 0.021875 0.018750
0 0.037500 0.373437 0.021875 0.018750
