10 0.654687 0.017969 0.690625 0.032813
10 0.103125 0.017969 0.206250 0.032813
10 0.654687 0.173437 0.690625 0.043750
10 0.129688 0.173437 0.259375 0.043750
10 0.654687 0.328125 0.690625 0.056250
10 0.142187 0.328125 0.284375 0.056250
9 0.986719 0.344531 0.001563 0.089063
9 0.960156 0.344531 0.001563 0.089063
9 0.935156 0.344531 0.001563 0.089063
9 0.908594 0.344531 0.001563 0.089063
9 0.882031 0.344531 0.001563 0.089063
9 0.857031 0.344531 0.001563 0.089063
9 0.830469 0.344531 0.001563 0.089063
9 0.803906 0.344531 0.001563 0.089063
9 0.778906 0.344531 0.001563 0.089063
9 0.752344 0.344531 0.001563 0.089063
9 0.725781 0.344531 0.001563 0.089063
9 0.700781 0.344531 0.001563 0.089063
9 0.674219 0.344531 0.001563 0.089063
9 0.647656 0.344531 0.001563 0.089063
9 0.622656 0.344531 0.001563 0.089063
9 0.596094 0.344531 0.001563 0.089063
9 0.571094 0.344531 0.001563 0.089063
9 0.544531 0.344531 0.001563 0.089063
9 0.517969 0.344531 0.001563 0.089063
9 0.492969 0.344531 0.001563 0.089063
9 0.466406 0.344531 0.001563 0.089063
9 0.439844 0.344531 0.001563 0.089063
9 0.414844 0.344531 0.001563 0.089063
9 0.388281 0.344531 0.001563 0.089063
9 0.361719 0.344531 0.001563 0.089063
9 0.336719 0.344531 0.001563 0.089063
9 0.310156 0.344531 0.001563 0.089063
9 0.283594 0.344531 0.001563 0.089063
9 0.258594 0.344531 0.001563 0.089063
9 0.232031 0.344531 0.001563 0.089063
9 0.205469 0.344531 0.001563 0.089063
9 0.180469 0.344531 0.001563 0.089063
9 0.153906 0.344531 0.001563 0.089063
9 0.127344 0.344531 0.001563 0.089063
9 0.102344 0.344531 0.001563 0.089063
9 0.075781 0.344531 0.001563 0.089063
9 0.050781 0.344531 0.001563 0.089063
9 0.024219 0.344531 0.001563 0.089063
9 0.986719 0.190625 0.001563 0.078125
9 0.935156 0.190625 0.001563 0.078125
9 0.882031 0.190625 0.001563 0.078125
9 0.830469 0.190625 0.001563 0.078125
9 0.778906 0.190625 0.001563 0.078125
9 0.725781 0.190625 0.001563 0.078125
9 0.674219 0.190625 0.001563 0.078125
9 0.622656 0.190625 0.001563 0.078125
9 0.571094 0.190625 0.001563 0.078125
9 0.517969 0.190625 0.001563 0.078125
9 0.466406 0.190625 0.001563 0.078125
9 0.414844 0.190625 0.001563 0.078125
9 0.361719 0.190625 0.001563 0.078125
9 0.310156 0.190625 0.001563 0.078125
9 0.258594 0.190625 0.001563 0.078125
9 0.205469 0.190625 0.001563 0.078125
9 0.153906 0.190625 0.001563 0.078125
9 0.102344 0.190625 0.001563 0.078125
9 0.050781 0.190625 0.001563 0.078125
9 0.935156 0.034375 0.001563 0.065625
9 0.830469 0.034375 0.001563 0.065625
9 0.725781 0.034375 0.001563 0.065625
9 0.622656 0.034375 0.001563 0.065625
9 0.517969 0.034375 0.001563 0.065625
9 0.414844 0.034375 0.001563 0.065625
9 0.310156 0.034375 0.001563 0.065625
9 0.205469 0.034375 0.001563 0.065625
9 0.102344 0.034375 0.001563 0.065625
0 0.996094 0.393750 0.007812 0.018750
0 0.976562 0.393750 0.021875 0.018750
0 0.951562 0.393750 0.021875 0.018750
0 0.925000 0.393750 0.021875 0.018750
0 0.900000 0.393750 0.021875 0.018750
0 0.873437 0.393750 0.021875 0.018750
0 0.846875 0.393750 0.021875 0.018750
0 0.821875 0.393750 0.021875 0.018750
0 0.795312 0.393750 0.021875 0.018750
0 0.768750 0.393750 0.021875 0.018750
0 0.743750 0.393750 0.021875 0.018750
0 0.717187 0.393750 0.021875 0.018750
0 0.690625 0.393750 0.021875 0.018750
0 0.665625 0.393750 0.021875 0.018750
0 0.639062 0.393750 0.021875 0.018750
0 0.612500 0.393750 0.021875 0.018750
0 0.587500 0.393750 0.021875 0.018750
0 0.560937 0.393750 0.021875 0.018750
0 0.534375 0.393750 0.021875 0.018750
0 0.509375 0.393750 0.021875 0.018750
0 0.482812 0.393750 0.021875 0.018750
0 0.456250 0.393750 0.021875 0.018750
0 0.431250 0.393750 0.021875 0.018750
0 0.404687 0.393750 0.021875 0.018750
0 0.379688 0.393750 0.021875 0.018750
0 0.353125 0.393750 0.021875 0.018750
0 0.326562 0.393750 0.021875 0.018750
0 0.301563 0.393750 0.021875 0.018750
0 0.275000 0.393750 0.021875 0.018750
0 0.248438 0.393750 0.021875 0.018750
0 0.223438 0.393750 0.021875 0.018750
0 0.196875 0.393750 0.021875 0.018750
0 0.170313 0.393750 0.021875 0.018750
0 0.145313 0.393750 0.021875 0.018750
0 0.118750 0.393750 0.021875 0.018750
0 0.092188 0.393750 0.021875 0.018750
0 0.067187 0.393750 0.021875 0.018750
0 0.040625 0.393750 0.021875 0.018750
0 0.014063 0.393750 0.021875 0.018750
0 0.976562 0.232813 0.021875 0.018750
0 0.925000 0.232813 0.021875 0.018750
0 0.873437 0.232813 0.021875 0.018750
0 0.821875 0.232813 0.021875 0.018750
0 0.768750 0.232813 0.021875 0.018750
0 0.717187 0.232813 0.021875 0.018750
0 0.665625 0.232813 0.021875 0.018750
0 0.612500 0.232813 0.021875 0.018750
0 0.560937 0.232813 0.021875 0.018750
0 0.509375 0.232813 0.021875 0.018750
0 0.456250 0.232813 0.021875 0.018750
0 0.404687 0.232813 0.021875 0.018750
0 0.353125 0.232813 0.021875 0.018750
0 0.301563 0.232813 0.021875 0.018750
0 0.248438 0.232813 0.021875 0.018750
0 0.196875 0.232813 0.021875 0.018750
0 0.145313 0.232813 0.021875 0.018750
0 0.092188 0.232813 0.021875 0.018750
0 0.040625 0.232813 0.021875 0.018750
0 0.925000 0.070312 0.021875 0.018750
0 0.821875 0.070312 0.021875 0.018750
0 0.717187 0.070312 0.021875 0.018750
0 0.612500 0.070312 0.021875 0.018750
0 0.509375 0.070312 0.021875 0.018750
0 0.404687 0.070312 0.021875 0.018750
0 0.301563 0.070312 0.021875 0.018750
0 0.196875 0.070312 0.021875 0.018750
0 0.092188 0.070312 0.021875 0.018750
