10 0.920312 0.325781 0.100000 0.020313
10 0.558594 0.325781 0.067187 0.020313
10 0.172656 0.325781 0.067187 0.020313
9 0.792188 0.364844 0.003125 0.067187
9 0.406250 0.364844 0.003125 0.067187
9 0.048438 0.364844 0.003125 0.067187
9 0.969531 0.342187 0.001563 0.053125
9 0.936719 0.342187 0.001563 0.053125
9 0.903906 0.342187 0.001563 0.053125
9 0.871094 0.342187 0.001563 0.053125
9 0.761719 0.342969 0.001563 0.051562
12 0.692187 0.367188 0.015625 0.028125
8 0.710938 0.356250 0.006250 0.006250
12 0.645312 0.367188 0.015625 0.028125
9 0.591406 0.342187 0.001563 0.053125
9 0.558594 0.342187 0.001563 0.053125
9 0.525781 0.342187 0.001563 0.053125
9 0.452344 0.342969 0.001563 0.051562
9 0.374219 0.342969 0.001563 0.051562
12 0.304688 0.367188 0.015625 0.028125
8 0.325000 0.356250 0.006250 0.006250
12 0.259375 0.367188 0.015625 0.028125
9 0.205469 0.342187 0.001563 0.053125
9 0.172656 0.342187 0.001563 0.053125
9 0.139844 0.342187 0.001563 0.053125
12 0.081250 0.367188 0.015625 0.028125
9 0.016406 0.342969 0.001563 0.051562
0 0.960938 0.373437 0.021875 0.018750
0 0.928125 0.373437 0.021875 0.018750
0 0.895312 0.373437 0.021875 0.018750
0 0.862500 0.373437 0.021875 0.018750
0 0.751563 0.373437 0.021875 0.018750
0 0.582812 0.373437 0.021875 0.018750
0 0.550000 0.373437 0.021875 0.018750
0 0.517188 0.373437 0.021875 0.018750
0 0.442188 0.373437 0.021875 0.018750
0 0.365625 0.373437 0.021875 0.018750
0 0.196875 0.373437 0.021875 0.018750
0 0.164062 0.373437 0.021875 0.018750
0 0.131250 0.373437 0.021875 0.018750
0 0.009375 0.373437 0.018750 0.018750
