7 0.262500 0.366406 0.043750 0.114062
10 0.978125 0.319531 0.043750 0.032813
10 0.490625 0.319531 0.093750 0.032813
9 0.771875 0.364844 0.003125 0.067187
9 0.957031 0.335938 0.001563 0.065625
12 0.902344 0.366406 0.023438 0.060937
15 0.872656 0.337500 0.017188 0.062500
9 0.864844 0.339062 0.001563 0.059375
12 0.810156 0.366406 0.023438 0.060937
12 0.736719 0.366406 0.023438 0.060937
15 0.707031 0.337500 0.017188 0.062500
9 0.699219 0.339062 0.001563 0.059375
9 0.536719 0.335938 0.001563 0.065625
9 0.491406 0.335938 0.001563 0.065625
9 0.444531 0.335938 0.001563 0.065625
15 0.349219 0.337500 0.017188 0.062500
9 0.341406 0.339062 0.001563 0.059375
0 0.991406 0.373437 0.017188 0.018750
0 0.946875 0.373437 0.021875 0.018750
0 0.854688 0.373437 0.021875 0.018750
0 0.689063 0.373437 0.021875 0.018750
0 0.528125 0.373437 0.021875 0.018750
0 0.481250 0.373437 0.021875 0.018750
0 0.435937 0.373437 0.021875 0.018750
0 0.332813 0.373437 0.021875 0.018750
