10 0.539844 0.319531 0.051562 0.032813
9 0.693750 0.364844 0.003125 0.067187
9 0.293750 0.364844 0.003125 0.067187
9 0.989844 0.335938 0.001563 0.065625
12 0.889062 0.367188 0.015625 0.028125
12 0.782031 0.366406 0.023438 0.060937
15 0.749219 0.337500 0.017188 0.062500
9 0.741406 0.339062 0.001563 0.059375
15 0.671094 0.337500 0.017188 0.062500
9 0.663281 0.339062 0.001563 0.059375
12 0.605469 0.366406 0.023438 0.060937
9 0.564844 0.335938 0.001563 0.065625
9 0.514844 0.335938 0.001563 0.065625
12 0.414062 0.367188 0.015625 0.028125
12 0.326562 0.367188 0.015625 0.028125
15 0.269531 0.337500 0.017188 0.062500
9 0.261719 0.339062 0.001563 0.059375
12 0.203906 0.366406 0.023438 0.060937
15 0.171094 0.337500 0.017188 0.062500
9 0.163281 0.339062 0.001563 0.059375
12 0.105469 0.366406 0.023438 0.060937
9 0.063281 0.335938 0.001563 0.065625
9 0.014844 0.335938 0.001563 0.065625
0 0.979688 0.373437 0.021875 0.018750
0 0.731250 0.373437 0.021875 0.018750
0 0.654687 0.373437 0.021875 0.018750
0 0.554688 0.373437 0.021875 0.018750
0 0.504687 0.373437 0.021875 0.018750
0 0.253125 0.373437 0.021875 0.018750
0 0.153125 0.373437 0.021875 0.018750
0 0.054688 0.373437 0.021875 0.018750
0 0.007812 0.373437 0.015625 0.018750
