7 0.262500 0.366406 0.043750 0.114062
10 0.984375 0.325781 0.031250 0.020313
10 0.721875 0.325781 0.046875 0.020313
10 0.408594 0.325781 0.135937 0.020313
9 0.832812 0.364844 0.003125 0.067187
9 0.969531 0.342187 0.001563 0.053125
12 0.867969 0.364844 0.017188 0.048438
12 0.776563 0.367188 0.015625 0.028125
9 0.744531 0.342187 0.001563 0.053125
9 0.699219 0.342187 0.001563 0.053125
9 0.610156 0.342969 0.001563 0.051562
9 0.564844 0.342969 0.001563 0.051562
9 0.475781 0.342187 0.001563 0.053125
9 0.430469 0.342187 0.001563 0.053125
9 0.386719 0.342187 0.001563 0.053125
9 0.341406 0.342187 0.001563 0.053125
0 0.959375 0.373437 0.021875 0.018750
0 0.734375 0.373437 0.021875 0.018750
0 0.690625 0.373437 0.021875 0.018750
0 0.600000 0.373437 0.021875 0.018750
0 0.556250 0.373437 0.021875 0.018750
0 0.467187 0.373437 0.021875 0.018750
0 0.421875 0.373437 0.021875 0.018750
0 0.376563 0.373437 0.021875 0.018750
0 0.332813 0.373437 0.021875 0.018750
