10 0.578906 0.325781 0.092188 0.020313
10 0.169531 0.325781 0.092188 0.020313
14 0.651563 0.364844 0.003125 0.067187
14 0.240625 0.364844 0.003125 0.067187
9 0.961719 0.342969 0.001563 0.051562
11 0.840625 0.367188 0.015625 0.028125
11 0.776563 0.367188 0.015625 0.028125
9 0.697656 0.342969 0.001563 0.051562
9 0.624219 0.342187 0.001563 0.053125
9 0.578906 0.342187 0.001563 0.053125
9 0.533594 0.342187 0.001563 0.053125
9 0.444531 0.342969 0.001563 0.051562
11 0.275781 0.364844 0.017188 0.048438
8 0.295312 0.356250 0.006250 0.006250
9 0.214844 0.342187 0.001563 0.053125
9 0.169531 0.342187 0.001563 0.053125
9 0.124219 0.342187 0.001563 0.053125
0 0.953125 0.373437 0.021875 0.018750
0 0.689063 0.373437 0.021875 0.018750
0 0.615625 0.373437 0.021875 0.018750
0 0.570312 0.373437 0.021875 0.018750
0 0.525000 0.373437 0.021875 0.018750
0 0.434375 0.373437 0.021875 0.018750
0 0.204687 0.373437 0.021875 0.018750
0 0.159375 0.373437 0.021875 0.018750
0 0.114062 0.373437 0.021875 0.018750
