10 0.988281 0.319531 0.023438 0.032813
10 0.777344 0.319531 0.051562 0.032813
10 0.489844 0.319531 0.051562 0.032813
9 0.657813 0.364844 0.003125 0.067187
9 0.145313 0.364844 0.003125 0.067187
9 0.977344 0.335938 0.001563 0.065625
8 0.914062 0.356250 0.006250 0.006250
12 0.842969 0.366406 0.023438 0.060937
9 0.802344 0.335938 0.001563 0.065625
9 0.752344 0.335938 0.001563 0.065625
12 0.694531 0.366406 0.023438 0.060937
12 0.555469 0.366406 0.023438 0.060937
9 0.514844 0.335938 0.001563 0.065625
9 0.464844 0.335938 0.001563 0.065625
8 0.401562 0.356250 0.006250 0.006250
12 0.332031 0.366406 0.023438 0.060937
15 0.297656 0.337500 0.017188 0.062500
9 0.289844 0.339062 0.001563 0.059375
12 0.232031 0.366406 0.023438 0.060937
15 0.199219 0.337500 0.017188 0.062500
9 0.191406 0.339062 0.001563 0.059375
12 0.044531 0.366406 0.023438 0.060937
9 0.002344 0.335938 0.001563 0.065625
0 0.968750 0.373437 0.021875 0.018750
0 0.793750 0.373437 0.021875 0.018750
0 0.743750 0.373437 0.021875 0.018750
0 0.506250 0.373437 0.021875 0.018750
0 0.456250 0.373437 0.021875 0.018750
0 0.281250 0.373437 0.021875 0.018750
0 0.182812 0.373437 0.021875 0.018750
