7 0.262500 0.366406 0.043750 0.114062
10 0.911719 0.319531 0.095312 0.032813
10 0.742969 0.319531 0.095312 0.032813
10 0.411719 0.319531 0.048438 0.032813
9 0.818750 0.364844 0.003125 0.067187
12 0.992188 0.366406 0.015625 0.060937
9 0.958594 0.335938 0.001563 0.065625
9 0.911719 0.335938 0.001563 0.065625
9 0.864844 0.335938 0.001563 0.065625
9 0.789844 0.335938 0.001563 0.065625
9 0.742969 0.335938 0.001563 0.065625
9 0.696094 0.335938 0.001563 0.065625
12 0.639844 0.366406 0.023438 0.060937
15 0.610156 0.337500 0.017188 0.062500
9 0.602344 0.339062 0.001563 0.059375
8 0.540625 0.356250 0.006250 0.006250
12 0.474219 0.366406 0.023438 0.060937
9 0.435156 0.335938 0.001563 0.065625
9 0.388281 0.335938 0.001563 0.065625
12 0.333594 0.366406 0.023438 0.060937
0 0.948438 0.373437 0.021875 0.018750
0 0.901563 0.373437 0.021875 0.018750
0 0.854688 0.373437 0.021875 0.018750
0 0.779687 0.373437 0.021875 0.018750
0 0.732812 0.373437 0.021875 0.018750
0 0.685937 0.373437 0.021875 0.018750
0 0.592187 0.373437 0.021875 0.018750
0 0.426563 0.373437 0.021875 0.018750
0 0.379688 0.373437 0.021875 0.018750
