10 0.711719 0.319531 0.048438 0.032813
10 0.211719 0.319531 0.048438 0.032813
9 0.860938 0.364844 0.003125 0.067187
9 0.362500 0.364844 0.003125 0.067187
12 0.771094 0.366406 0.023438 0.060937
9 0.735156 0.335938 0.001563 0.065625
9 0.688281 0.335938 0.001563 0.065625
12 0.635156 0.366406 0.023438 0.060937
15 0.605469 0.337500 0.017188 0.062500
9 0.597656 0.339062 0.001563 0.059375
12 0.544531 0.366406 0.023438 0.060937
12 0.500781 0.366406 0.023438 0.060937
15 0.471094 0.337500 0.017188 0.062500
9 0.463281 0.339062 0.001563 0.059375
12 0.271094 0.366406 0.023438 0.060937
9 0.235156 0.335938 0.001563 0.065625
9 0.188281 0.335938 0.001563 0.065625
12 0.135156 0.366406 0.023438 0.060937
15 0.107031 0.337500 0.017188 0.062500
9 0.099219 0.339062 0.001563 0.059375
12 0.044531 0.366406 0.023438 0.060937
0 0.725000 0.373437 0.021875 0.018750
0 0.678125 0.373437 0.021875 0.018750
0 0.589063 0.373437 0.021875 0.018750
0 0.454688 0.373437 0.021875 0.018750
0 0.226562 0.373437 0.021875 0.018750
0 0.178125 0.373437 0.021875 0.018750
0 0.089063 0.373437 0.021875 0.018750
