10 0.986719 0.325781 0.026562 0.020313
10 0.647656 0.325781 0.035937 0.020313
10 0.525781 0.325781 0.070312 0.020313
10 0.266406 0.325781 0.035937 0.020313
10 0.163281 0.325781 0.035937 0.020313
9 0.825000 0.364844 0.003125 0.067187
9 0.445312 0.364844 0.003125 0.067187
9 0.065625 0.364844 0.003125 0.067187
9 0.974219 0.342187 0.001563 0.053125
9 0.932031 0.342969 0.001563 0.051562
12 0.859375 0.367188 0.015625 0.028125
8 0.878125 0.356250 0.006250 0.006250
12 0.763281 0.364844 0.017188 0.048438
9 0.733594 0.342969 0.001563 0.051562
9 0.664844 0.342187 0.001563 0.053125
9 0.630469 0.342187 0.001563 0.053125
9 0.560156 0.342187 0.001563 0.053125
9 0.525781 0.342187 0.001563 0.053125
9 0.491406 0.342187 0.001563 0.053125
12 0.383594 0.364844 0.017188 0.048438
9 0.353906 0.342969 0.001563 0.051562
9 0.283594 0.342187 0.001563 0.053125
9 0.249219 0.342187 0.001563 0.053125
9 0.180469 0.342187 0.001563 0.053125
9 0.146094 0.342187 0.001563 0.053125
12 0.005469 0.364844 0.010937 0.048438
0 0.993750 0.373437 0.012500 0.018750
0 0.964063 0.373437 0.021875 0.018750
0 0.921875 0.373437 0.021875 0.018750
0 0.723437 0.373437 0.021875 0.018750
0 0.654687 0.373437 0.021875 0.018750
0 0.620313 0.373437 0.021875 0.018750
0 0.551562 0.373437 0.021875 0.018750
0 0.517188 0.373437 0.021875 0.018750
0 0.482812 0.373437 0.021875 0.018750
0 0.343750 0.373437 0.021875 0.018750
0 0.275000 0.373437 0.021875 0.018750
0 0.240625 0.373437 0.021875 0.018750
0 0.170313 0.373437 0.021875 0.018750
0 0.135937 0.373437 0.021875 0.018750
