10 0.812500 0.319531 0.046875 0.032813
10 0.621875 0.319531 0.137500 0.032813
10 0.431250 0.319531 0.046875 0.032813
10 0.314063 0.319531 0.046875 0.032813
10 0.121875 0.319531 0.137500 0.032813
9 0.860938 0.364844 0.003125 0.067187
9 0.362500 0.364844 0.003125 0.067187
9 0.835156 0.335938 0.001563 0.065625
9 0.789844 0.335938 0.001563 0.065625
9 0.689844 0.335938 0.001563 0.065625
9 0.644531 0.335938 0.001563 0.065625
9 0.599219 0.335938 0.001563 0.065625
9 0.553906 0.335938 0.001563 0.065625
9 0.452344 0.335938 0.001563 0.065625
9 0.408594 0.335938 0.001563 0.065625
9 0.335156 0.335938 0.001563 0.065625
9 0.291406 0.335938 0.001563 0.065625
9 0.189844 0.335938 0.001563 0.065625
9 0.144531 0.335938 0.001563 0.065625
9 0.099219 0.335938 0.001563 0.065625
9 0.053906 0.335938 0.001563 0.065625
0 0.826562 0.373437 0.021875 0.018750
0 0.781250 0.373437 0.021875 0.018750
0 0.679688 0.373437 0.021875 0.018750
0 0.634375 0.373437 0.021875 0.018750
0 0.590625 0.373437 0.021875 0.018750
0 0.545312 0.373437 0.021875 0.018750
0 0.443750 0.373437 0.021875 0.018750
0 0.398438 0.373437 0.021875 0.018750
0 0.326562 0.373437 0.021875 0.018750
0 0.281250 0.373437 0.021875 0.018750
0 0.179688 0.373437 0.021875 0.018750
0 0.135937 0.373437 0.021875 0.018750
0 0.090625 0.373437 0.021875 0.018750
0 0.045312 0.373437 0.021875 0.018750
