10 0.523438 0.325781 0.084375 0.020313
10 0.060937 0.325781 0.043750 0.020313
9 0.860938 0.364844 0.003125 0.067187
9 0.378125 0.364844 0.003125 0.067187
9 0.830469 0.342969 0.001563 0.051562
12 0.718750 0.367188 0.015625 0.028125
9 0.689844 0.342969 0.001563 0.051562
9 0.564844 0.342187 0.001563 0.053125
9 0.524219 0.342187 0.001563 0.053125
9 0.482031 0.342187 0.001563 0.053125
12 0.412500 0.367188 0.015625 0.028125
9 0.347656 0.342969 0.001563 0.051562
12 0.234375 0.367188 0.015625 0.028125
9 0.205469 0.342969 0.001563 0.051562
9 0.082031 0.342187 0.001563 0.053125
9 0.039844 0.342187 0.001563 0.053125
0 0.821875 0.373437 0.021875 0.018750
0 0.679688 0.373437 0.021875 0.018750
0 0.556250 0.373437 0.021875 0.018750
0 0.514062 0.373437 0.021875 0.018750
0 0.473438 0.373437 0.021875 0.018750
0 0.337500 0.373437 0.021875 0.018750
0 0.196875 0.373437 0.021875 0.018750
0 0.071875 0.373437 0.021875 0.018750
0 0.031250 0.373437 0.021875 0.018750
