7 0.262500 0.366406 0.043750 0.114062
10 0.763281 0.325781 0.070312 0.020313
10 0.392969 0.325781 0.035937 0.020313
9 0.682813 0.364844 0.003125 0.067187
9 0.999219 0.342969 0.001563 0.051562
12 0.928125 0.367188 0.015625 0.028125
8 0.946875 0.356250 0.006250 0.006250
9 0.864844 0.342969 0.001563 0.051562
9 0.796094 0.342187 0.001563 0.053125
9 0.763281 0.342187 0.001563 0.053125
9 0.728906 0.342187 0.001563 0.053125
12 0.640625 0.367188 0.015625 0.028125
9 0.611719 0.342969 0.001563 0.051562
12 0.540625 0.367188 0.015625 0.028125
8 0.559375 0.356250 0.006250 0.006250
9 0.477344 0.342969 0.001563 0.051562
9 0.410156 0.342187 0.001563 0.053125
9 0.375781 0.342187 0.001563 0.053125
0 0.989844 0.373437 0.020313 0.018750
0 0.854688 0.373437 0.021875 0.018750
0 0.787500 0.373437 0.021875 0.018750
0 0.753125 0.373437 0.021875 0.018750
0 0.720313 0.373437 0.021875 0.018750
0 0.603125 0.373437 0.021875 0.018750
0 0.468750 0.373437 0.021875 0.018750
0 0.400000 0.373437 0.021875 0.018750
0 0.365625 0.373437 0.021875 0.018750
