10 0.929688 0.319531 0.137500 0.032813
10 0.687500 0.319531 0.046875 0.032813
10 0.519531 0.319531 0.092188 0.032813
10 0.317188 0.319531 0.137500 0.032813
10 0.154688 0.319531 0.046875 0.032813
10 0.016406 0.319531 0.032813 0.032813
9 0.735938 0.364844 0.003125 0.067187
9 0.203125 0.364844 0.003125 0.067187
9 0.997656 0.335938 0.001563 0.065625
9 0.952344 0.335938 0.001563 0.065625
9 0.907031 0.335938 0.001563 0.065625
9 0.861719 0.335938 0.001563 0.065625
12 0.770312 0.367188 0.015625 0.028125
9 0.710156 0.335938 0.001563 0.065625
9 0.664844 0.335938 0.001563 0.065625
9 0.564844 0.335938 0.001563 0.065625
9 0.519531 0.335938 0.001563 0.065625
9 0.474219 0.335938 0.001563 0.065625
12 0.421094 0.366406 0.023438 0.060937
9 0.385156 0.335938 0.001563 0.065625
9 0.339844 0.335938 0.001563 0.065625
9 0.294531 0.335938 0.001563 0.065625
9 0.249219 0.335938 0.001563 0.065625
9 0.177344 0.335938 0.001563 0.065625
9 0.132031 0.335938 0.001563 0.065625
9 0.030469 0.335938 0.001563 0.065625
0 0.987500 0.373437 0.021875 0.018750
0 0.942187 0.373437 0.021875 0.018750
0 0.898438 0.373437 0.021875 0.018750
0 0.853125 0.373437 0.021875 0.018750
0 0.701562 0.373437 0.021875 0.018750
0 0.656250 0.373437 0.021875 0.018750
0 0.554688 0.373437 0.021875 0.018750
0 0.509375 0.373437 0.021875 0.018750
0 0.465625 0.373437 0.021875 0.018750
0 0.375000 0.373437 0.021875 0.018750
0 0.329688 0.373437 0.021875 0.018750
0 0.285938 0.373437 0.021875 0.018750
0 0.240625 0.373437 0.021875 0.018750
0 0.167187 0.373437 0.021875 0.018750
0 0.123438 0.373437 0.021875 0.018750
0 0.021875 0.373437 0.021875 0.018750
