7 0.262500 0.366406 0.043750 0.114062
10 0.899219 0.325781 0.082812 0.020313
10 0.708594 0.325781 0.082812 0.020313
10 0.544531 0.325781 0.082812 0.020313
10 0.402344 0.325781 0.042188 0.020313
9 0.812500 0.364844 0.003125 0.067187
9 0.939844 0.342187 0.001563 0.053125
9 0.899219 0.342187 0.001563 0.053125
9 0.858594 0.342187 0.001563 0.053125
9 0.749219 0.342187 0.001563 0.053125
9 0.708594 0.342187 0.001563 0.053125
9 0.667969 0.342187 0.001563 0.053125
9 0.586719 0.342187 0.001563 0.053125
9 0.546094 0.342187 0.001563 0.053125
9 0.503906 0.342187 0.001563 0.053125
9 0.422656 0.342187 0.001563 0.053125
9 0.382031 0.342187 0.001563 0.053125
0 0.929688 0.373437 0.021875 0.018750
0 0.889062 0.373437 0.021875 0.018750
0 0.848437 0.373437 0.021875 0.018750
0 0.739062 0.373437 0.021875 0.018750
0 0.698438 0.373437 0.021875 0.018750
0 0.657813 0.373437 0.021875 0.018750
0 0.576562 0.373437 0.021875 0.018750
0 0.535937 0.373437 0.021875 0.018750
0 0.495312 0.373437 0.021875 0.018750
0 0.414062 0.373437 0.021875 0.018750
0 0.373437 0.373437 0.021875 0.018750
