7 0.262500 0.366406 0.043750 0.114062
10 0.888281 0.325781 0.035937 0.020313
10 0.489844 0.325781 0.035937 0.020313
9 0.606250 0.364844 0.003125 0.067187
9 0.972656 0.342969 0.001563 0.051562
9 0.905469 0.342187 0.001563 0.053125
9 0.871094 0.342187 0.001563 0.053125
12 0.810937 0.367188 0.015625 0.028125
12 0.762500 0.367188 0.015625 0.028125
12 0.715625 0.367188 0.015625 0.028125
9 0.652344 0.342969 0.001563 0.051562
9 0.574219 0.342969 0.001563 0.051562
9 0.507031 0.342187 0.001563 0.053125
9 0.472656 0.342187 0.001563 0.053125
12 0.412500 0.367188 0.015625 0.028125
12 0.330469 0.364844 0.017188 0.048438
8 0.350000 0.356250 0.006250 0.006250
0 0.964063 0.373437 0.021875 0.018750
0 0.896875 0.373437 0.021875 0.018750
0 0.862500 0.373437 0.021875 0.018750
0 0.642188 0.373437 0.021875 0.018750
0 0.565625 0.373437 0.021875 0.018750
0 0.496875 0.373437 0.021875 0.018750
0 0.464062 0.373437 0.021875 0.018750
