10 0.457031 0.319531 0.098437 0.032813
9 0.860938 0.364844 0.003125 0.067187
9 0.362500 0.364844 0.003125 0.067187
15 0.839844 0.337500 0.017188 0.062500
9 0.832031 0.339062 0.001563 0.059375
8 0.770312 0.356250 0.006250 0.006250
15 0.717969 0.337500 0.017188 0.062500
9 0.710156 0.339062 0.001563 0.059375
15 0.608594 0.337500 0.017188 0.062500
9 0.600781 0.339062 0.001563 0.059375
12 0.544531 0.366406 0.023438 0.060937
9 0.503906 0.335938 0.001563 0.065625
9 0.457031 0.335938 0.001563 0.065625
9 0.408594 0.335938 0.001563 0.065625
15 0.339844 0.337500 0.017188 0.062500
9 0.332031 0.339062 0.001563 0.059375
8 0.270313 0.356250 0.006250 0.006250
15 0.217969 0.337500 0.017188 0.062500
9 0.210156 0.339062 0.001563 0.059375
15 0.108594 0.337500 0.017188 0.062500
9 0.100781 0.339062 0.001563 0.059375
12 0.044531 0.366406 0.023438 0.060937
9 0.005469 0.335938 0.001563 0.065625
0 0.821875 0.373437 0.021875 0.018750
0 0.700000 0.373437 0.021875 0.018750
0 0.592187 0.373437 0.021875 0.018750
0 0.495312 0.373437 0.021875 0.018750
0 0.446875 0.373437 0.021875 0.018750
0 0.398438 0.373437 0.021875 0.018750
0 0.321875 0.373437 0.021875 0.018750
0 0.200000 0.373437 0.021875 0.018750
0 0.092188 0.373437 0.021875 0.018750
