7 0.262500 0.366406 0.043750 0.114062
10 0.456250 0.319531 0.231250 0.032813
9 0.840625 0.364844 0.003125 0.067187
12 0.875000 0.367188 0.015625 0.028125
15 0.817969 0.337500 0.017188 0.062500
9 0.810156 0.339062 0.001563 0.059375
12 0.757031 0.366406 0.023438 0.060937
15 0.727344 0.337500 0.017188 0.062500
9 0.719531 0.339062 0.001563 0.059375
12 0.664844 0.366406 0.023438 0.060937
9 0.571094 0.335938 0.001563 0.065625
9 0.524219 0.335938 0.001563 0.065625
9 0.478906 0.335938 0.001563 0.065625
9 0.433594 0.335938 0.001563 0.065625
9 0.386719 0.335938 0.001563 0.065625
9 0.341406 0.335938 0.001563 0.065625
0 0.801562 0.373437 0.021875 0.018750
0 0.709375 0.373437 0.021875 0.018750
0 0.560937 0.373437 0.021875 0.018750
0 0.515625 0.373437 0.021875 0.018750
0 0.468750 0.373437 0.021875 0.018750
0 0.423438 0.373437 0.021875 0.018750
0 0.378125 0.373437 0.021875 0.018750
0 0.332813 0.373437 0.021875 0.018750
