10 0.238281 0.173437 0.476562 0.043750
10 0.329688 0.328125 0.659375 0.056250
9 0.823438 0.209375 0.003125 0.418750
9 0.660156 0.344531 0.001563 0.089063
9 0.475781 0.344531 0.001563 0.089063
9 0.292969 0.344531 0.001563 0.089063
9 0.110156 0.344531 0.001563 0.089063
15 0.842187 0.401562 0.025000 0.034375
9 0.475781 0.190625 0.001563 0.078125
9 0.110156 0.190625 0.001563 0.078125
15 0.842187 0.240625 0.025000 0.034375
9 0.110156 0.034375 0.001563 0.065625
15 0.842187 0.079687 0.025000 0.034375
0 0.650000 0.393750 0.021875 0.018750
0 0.467187 0.393750 0.021875 0.018750
0 0.284375 0.393750 0.021875 0.018750
0 0.101562 0.393750 0.021875 0.018750
0 0.467187 0.232813 0.021875 0.018750
0 0.101562 0.232813 0.021875 0.018750
0 0.101562 0.070312 0.021875 0.018750
