10 0.714844 0.087500 0.064062 0.025000
10 0.536719 0.094531 0.064062 0.032813
10 0.332031 0.100000 0.064062 0.028125
10 0.153906 0.107031 0.064062 0.032813
10 0.724219 0.250000 0.082812 0.053125
10 0.546094 0.261719 0.082812 0.045312
10 0.341406 0.263281 0.082812 0.045312
10 0.163281 0.271094 0.082812 0.045312
10 0.699219 0.410938 0.032813 0.053125
10 0.521094 0.425000 0.032813 0.046875
10 0.316406 0.430469 0.032813 0.042188
10 0.138281 0.438281 0.032813 0.042188
9 0.860938 0.209375 0.003125 0.418750
9 0.479687 0.209375 0.003125 0.418750
9 0.096875 0.209375 0.003125 0.418750
12 0.801562 0.387500 0.015625 0.028125
9 0.714844 0.387500 0.001563 0.062500
9 0.683594 0.403125 0.001563 0.062500
12 0.625000 0.387500 0.015625 0.028125
9 0.536719 0.398438 0.001563 0.068750
9 0.505469 0.411719 0.001563 0.064062
12 0.420312 0.387500 0.015625 0.028125
9 0.332031 0.405469 0.001563 0.067187
9 0.300781 0.417187 0.001563 0.059375
12 0.242188 0.387500 0.015625 0.028125
9 0.153906 0.413281 0.001563 0.067187
9 0.122656 0.426563 0.001563 0.059375
12 0.037500 0.387500 0.015625 0.028125
12 0.801562 0.226562 0.015625 0.028125
9 0.764844 0.222656 0.001563 0.057813
9 0.683594 0.242188 0.001563 0.062500
12 0.625000 0.226562 0.015625 0.028125
9 0.586719 0.235937 0.001563 0.065625
9 0.505469 0.250000 0.001563 0.062500
12 0.420312 0.226562 0.015625 0.028125
9 0.382031 0.239844 0.001563 0.057813
9 0.300781 0.253125 0.001563 0.053125
12 0.242188 0.226562 0.015625 0.028125
9 0.203906 0.247656 0.001563 0.057813
9 0.122656 0.260937 0.001563 0.053125
12 0.037500 0.226562 0.015625 0.028125
9 0.019531 0.191406 0.001563 0.057813
12 0.801562 0.065625 0.015625 0.028125
9 0.744531 0.061719 0.001563 0.057813
9 0.683594 0.071094 0.001563 0.045312
12 0.625000 0.065625 0.015625 0.028125
9 0.567969 0.067969 0.001563 0.054688
9 0.505469 0.082812 0.001563 0.050000
12 0.420312 0.065625 0.015625 0.028125
9 0.363281 0.075000 0.001563 0.053125
9 0.300781 0.088281 0.001563 0.045312
12 0.242188 0.065625 0.015625 0.028125
9 0.185156 0.082812 0.001563 0.050000
9 0.122656 0.096094 0.001563 0.045312
12 0.037500 0.065625 0.015625 0.028125
0 0.725000 0.353125 0.021875 0.018750
0 0.693750 0.368750 0.021875 0.018750
0 0.546875 0.360938 0.021875 0.018750
0 0.515625 0.378125 0.021875 0.018750
0 0.342187 0.368750 0.021875 0.018750
0 0.310937 0.385937 0.021875 0.018750
0 0.164062 0.378125 0.021875 0.018750
0 0.132812 0.393750 0.021875 0.018750
0 0.775000 0.192188 0.021875 0.018750
0 0.693750 0.207813 0.021875 0.018750
0 0.596875 0.200000 0.021875 0.018750
0 0.515625 0.215625 0.021875 0.018750
0 0.392188 0.207813 0.021875 0.018750
0 0.310937 0.223438 0.021875 0.018750
0 0.214062 0.215625 0.021875 0.018750
0 0.132812 0.232813 0.021875 0.018750
0 0.010156 0.223438 0.020313 0.018750
0 0.754687 0.029687 0.021875 0.018750
0 0.693750 0.046875 0.021875 0.018750
0 0.578125 0.039062 0.021875 0.018750
0 0.515625 0.054688 0.021875 0.018750
0 0.373437 0.046875 0.021875 0.018750
0 0.310937 0.062500 0.021875 0.018750
0 0.195312 0.054688 0.021875 0.018750
0 0.132812 0.070312 0.021875 0.018750
