10 0.775781 0.325781 0.126562 0.020313
10 0.609375 0.325781 0.043750 0.020313
10 0.332031 0.325781 0.126562 0.020313
10 0.031250 0.325781 0.062500 0.020313
9 0.860938 0.364844 0.003125 0.067187
9 0.417187 0.364844 0.003125 0.067187
9 0.838281 0.342187 0.001563 0.053125
9 0.797656 0.342187 0.001563 0.053125
9 0.755469 0.342187 0.001563 0.053125
9 0.713281 0.342187 0.001563 0.053125
9 0.630469 0.342187 0.001563 0.053125
9 0.588281 0.342187 0.001563 0.053125
12 0.452344 0.364844 0.017188 0.048438
9 0.394531 0.342187 0.001563 0.053125
9 0.352344 0.342187 0.001563 0.053125
9 0.311719 0.342187 0.001563 0.053125
9 0.269531 0.342187 0.001563 0.053125
9 0.186719 0.342969 0.001563 0.051562
9 0.102344 0.342969 0.001563 0.051562
9 0.061719 0.342187 0.001563 0.053125
9 0.019531 0.342187 0.001563 0.053125
0 0.829688 0.373437 0.021875 0.018750
0 0.787500 0.373437 0.021875 0.018750
0 0.745313 0.373437 0.021875 0.018750
0 0.704688 0.373437 0.021875 0.018750
0 0.620313 0.373437 0.021875 0.018750
0 0.579688 0.373437 0.021875 0.018750
0 0.385937 0.373437 0.021875 0.018750
0 0.343750 0.373437 0.021875 0.018750
0 0.301563 0.373437 0.021875 0.018750
0 0.260937 0.373437 0.021875 0.018750
0 0.176563 0.373437 0.021875 0.018750
0 0.093750 0.373437 0.021875 0.018750
0 0.051562 0.373437 0.021875 0.018750
0 0.010937 0.373437 0.021875 0.018750
