7 0.262500 0.366406 0.043750 0.114062
10 0.366406 0.325781 0.051562 0.020313
9 0.785937 0.364844 0.003125 0.067187
12 0.986719 0.364844 0.017188 0.048438
9 0.900781 0.342969 0.001563 0.051562
12 0.818750 0.367188 0.015625 0.028125
9 0.753906 0.342969 0.001563 0.051562
9 0.657031 0.342969 0.001563 0.051562
12 0.497656 0.364844 0.017188 0.048438
12 0.426563 0.367188 0.015625 0.028125
9 0.389844 0.342187 0.001563 0.053125
9 0.341406 0.342187 0.001563 0.053125
0 0.892188 0.373437 0.021875 0.018750
0 0.745313 0.373437 0.021875 0.018750
0 0.646875 0.373437 0.021875 0.018750
0 0.381250 0.373437 0.021875 0.018750
0 0.332813 0.373437 0.021875 0.018750
