10 0.851562 0.325781 0.034375 0.020313
9 0.789062 0.364844 0.003125 0.067187
9 0.398438 0.364844 0.003125 0.067187
9 0.009375 0.364844 0.003125 0.067187
9 0.978906 0.342969 0.001563 0.051562
12 0.887500 0.367188 0.015625 0.028125
9 0.867969 0.342187 0.001563 0.053125
9 0.835156 0.342187 0.001563 0.053125
12 0.748437 0.367188 0.015625 0.028125
9 0.686719 0.342969 0.001563 0.051562
12 0.628125 0.367188 0.015625 0.028125
9 0.599219 0.342969 0.001563 0.051562
12 0.507812 0.367188 0.015625 0.028125
9 0.477344 0.342969 0.001563 0.051562
12 0.359375 0.367188 0.015625 0.028125
9 0.297656 0.342969 0.001563 0.051562
12 0.239063 0.367188 0.015625 0.028125
9 0.208594 0.342969 0.001563 0.051562
12 0.117188 0.367188 0.015625 0.028125
9 0.055469 0.342969 0.001563 0.051562
0 0.970313 0.373437 0.021875 0.018750
0 0.857812 0.373437 0.021875 0.018750
0 0.825000 0.373437 0.021875 0.018750
0 0.678125 0.373437 0.021875 0.018750
0 0.589063 0.373437 0.021875 0.018750
0 0.468750 0.373437 0.021875 0.018750
0 0.287500 0.373437 0.021875 0.018750
0 0.200000 0.373437 0.021875 0.018750
0 0.046875 0.373437 0.021875 0.018750
