7 0.262500 0.366406 0.043750 0.114062
10 0.928906 0.325781 0.089063 0.020313
10 0.747656 0.325781 0.045312 0.020313
10 0.450781 0.325781 0.045312 0.020313
9 0.795312 0.364844 0.003125 0.067187
9 0.972656 0.342187 0.001563 0.053125
9 0.928906 0.342187 0.001563 0.053125
9 0.885156 0.342187 0.001563 0.053125
9 0.769531 0.342187 0.001563 0.053125
9 0.725781 0.342187 0.001563 0.053125
12 0.653125 0.367188 0.015625 0.028125
9 0.621094 0.342969 0.001563 0.051562
12 0.546875 0.367188 0.015625 0.028125
9 0.516406 0.342969 0.001563 0.051562
9 0.472656 0.342187 0.001563 0.053125
9 0.428906 0.342187 0.001563 0.053125
9 0.341406 0.342969 0.001563 0.051562
0 0.962500 0.373437 0.021875 0.018750
0 0.918750 0.373437 0.021875 0.018750
0 0.875000 0.373437 0.021875 0.018750
0 0.760938 0.373437 0.021875 0.018750
0 0.717187 0.373437 0.021875 0.018750
0 0.612500 0.373437 0.021875 0.018750
0 0.506250 0.373437 0.021875 0.018750
0 0.462500 0.373437 0.021875 0.018750
0 0.418750 0.373437 0.021875 0.018750
0 0.332813 0.373437 0.021875 0.018750
