7 0.262500 0.366406 0.043750 0.114062
10 0.939063 0.319531 0.118750 0.032813
10 0.756250 0.319531 0.040625 0.032813
10 0.460156 0.319531 0.079687 0.032813
9 0.795312 0.364844 0.003125 0.067187
9 0.997656 0.335938 0.001563 0.065625
9 0.958594 0.335938 0.001563 0.065625
9 0.919531 0.335938 0.001563 0.065625
9 0.880469 0.335938 0.001563 0.065625
12 0.833594 0.366406 0.023438 0.060937
9 0.775781 0.335938 0.001563 0.065625
9 0.736719 0.335938 0.001563 0.065625
12 0.688281 0.366406 0.023438 0.060937
15 0.664844 0.337500 0.017188 0.062500
9 0.657031 0.339062 0.001563 0.059375
12 0.608594 0.366406 0.023438 0.060937
15 0.585156 0.337500 0.017188 0.062500
9 0.577344 0.339062 0.001563 0.059375
12 0.530469 0.366406 0.023438 0.060937
9 0.499219 0.335938 0.001563 0.065625
9 0.460156 0.335938 0.001563 0.065625
9 0.421094 0.335938 0.001563 0.065625
12 0.374219 0.366406 0.023438 0.060937
15 0.349219 0.337500 0.017188 0.062500
9 0.341406 0.339062 0.001563 0.059375
0 0.989062 0.373437 0.021875 0.018750
0 0.950000 0.373437 0.021875 0.018750
0 0.910937 0.373437 0.021875 0.018750
0 0.871875 0.373437 0.021875 0.018750
0 0.765625 0.373437 0.021875 0.018750
0 0.726562 0.373437 0.021875 0.018750
0 0.646875 0.373437 0.021875 0.018750
0 0.568750 0.373437 0.021875 0.018750
0 0.490625 0.373437 0.021875 0.018750
0 0.451562 0.373437 0.021875 0.018750
0 0.412500 0.373437 0.021875 0.018750
0 0.332813 0.373437 0.021875 0.018750
