10 0.703906 0.319531 0.048438 0.032813
10 0.549219 0.319531 0.048438 0.032813
10 0.249219 0.319531 0.048438 0.032813
9 0.860938 0.364844 0.003125 0.067187
9 0.407813 0.364844 0.003125 0.067187
12 0.766406 0.366406 0.023438 0.060937
9 0.727344 0.335938 0.001563 0.065625
9 0.680469 0.335938 0.001563 0.065625
9 0.574219 0.335938 0.001563 0.065625
9 0.525781 0.335938 0.001563 0.065625
8 0.465625 0.356250 0.006250 0.006250
12 0.311719 0.366406 0.023438 0.060937
9 0.274219 0.335938 0.001563 0.065625
9 0.225781 0.335938 0.001563 0.065625
15 0.127344 0.337500 0.017188 0.062500
9 0.119531 0.339062 0.001563 0.059375
12 0.064844 0.366406 0.023438 0.060937
9 0.025781 0.335938 0.001563 0.065625
0 0.717187 0.373437 0.021875 0.018750
0 0.670312 0.373437 0.021875 0.018750
0 0.564063 0.373437 0.021875 0.018750
0 0.517188 0.373437 0.021875 0.018750
0 0.264062 0.373437 0.021875 0.018750
0 0.217188 0.373437 0.021875 0.018750
0 0.110937 0.373437 0.021875 0.018750
0 0.017188 0.373437 0.021875 0.018750
