10 0.887500 0.325781 0.040625 0.020313
10 0.768750 0.325781 0.040625 0.020313
10 0.381250 0.325781 0.040625 0.020313
9 0.664062 0.364844 0.003125 0.067187
9 0.154688 0.364844 0.003125 0.067187
9 0.985156 0.342969 0.001563 0.051562
9 0.907031 0.342187 0.001563 0.053125
9 0.867969 0.342187 0.001563 0.053125
9 0.788281 0.342187 0.001563 0.053125
9 0.749219 0.342187 0.001563 0.053125
9 0.602344 0.342969 0.001563 0.051562
9 0.521094 0.342969 0.001563 0.051562
9 0.480469 0.342969 0.001563 0.051562
9 0.402344 0.342187 0.001563 0.053125
9 0.361719 0.342187 0.001563 0.053125
9 0.282031 0.342969 0.001563 0.051562
9 0.200781 0.342969 0.001563 0.051562
9 0.092969 0.342969 0.001563 0.051562
9 0.011719 0.342969 0.001563 0.051562
0 0.975000 0.373437 0.021875 0.018750
0 0.896875 0.373437 0.021875 0.018750
0 0.857812 0.373437 0.021875 0.018750
0 0.779687 0.373437 0.021875 0.018750
0 0.740625 0.373437 0.021875 0.018750
0 0.593750 0.373437 0.021875 0.018750
0 0.512500 0.373437 0.021875 0.018750
0 0.470313 0.373437 0.021875 0.018750
0 0.392188 0.373437 0.021875 0.018750
0 0.353125 0.373437 0.021875 0.018750
0 0.271875 0.373437 0.021875 0.018750
0 0.192188 0.373437 0.021875 0.018750
0 0.082812 0.373437 0.021875 0.018750
0 0.007031 0.373437 0.014063 0.018750
