10 0.714844 0.325781 0.079687 0.020313
10 0.462500 0.325781 0.040625 0.020313
10 0.211719 0.325781 0.079687 0.020313
9 0.860938 0.364844 0.003125 0.067187
9 0.357812 0.364844 0.003125 0.067187
9 0.830469 0.342969 0.001563 0.051562
9 0.753906 0.342187 0.001563 0.053125
9 0.714844 0.342187 0.001563 0.053125
9 0.675781 0.342187 0.001563 0.053125
9 0.557031 0.342969 0.001563 0.051562
9 0.480469 0.342187 0.001563 0.053125
9 0.442969 0.342187 0.001563 0.053125
9 0.325781 0.342969 0.001563 0.051562
9 0.249219 0.342187 0.001563 0.053125
9 0.210156 0.342187 0.001563 0.053125
9 0.172656 0.342187 0.001563 0.053125
9 0.053906 0.342969 0.001563 0.051562
0 0.821875 0.373437 0.021875 0.018750
0 0.743750 0.373437 0.021875 0.018750
0 0.706250 0.373437 0.021875 0.018750
0 0.667188 0.373437 0.021875 0.018750
0 0.548438 0.373437 0.021875 0.018750
0 0.471875 0.373437 0.021875 0.018750
0 0.432812 0.373437 0.021875 0.018750
0 0.317188 0.373437 0.021875 0.018750
0 0.240625 0.373437 0.021875 0.018750
0 0.201563 0.373437 0.021875 0.018750
0 0.162500 0.373437 0.021875 0.018750
0 0.043750 0.373437 0.021875 0.018750
