10 0.074219 0.319531 0.148438 0.032813
9 0.696875 0.364844 0.003125 0.067187
9 0.303125 0.364844 0.003125 0.067187
12 0.996094 0.366406 0.007812 0.060937
12 0.904687 0.367188 0.015625 0.028125
12 0.788281 0.366406 0.023438 0.060937
15 0.750781 0.337500 0.017188 0.062500
9 0.742969 0.339062 0.001563 0.059375
15 0.602344 0.337500 0.017188 0.062500
9 0.594531 0.339062 0.001563 0.059375
12 0.532031 0.366406 0.023438 0.060937
12 0.432812 0.367188 0.015625 0.028125
12 0.337500 0.367188 0.015625 0.028125
12 0.192969 0.366406 0.023438 0.060937
9 0.147656 0.335938 0.001563 0.065625
9 0.092969 0.335938 0.001563 0.065625
9 0.039844 0.335938 0.001563 0.065625
0 0.732812 0.373437 0.021875 0.018750
0 0.584375 0.373437 0.021875 0.018750
0 0.137500 0.373437 0.021875 0.018750
0 0.084375 0.373437 0.021875 0.018750
0 0.029687 0.373437 0.021875 0.018750
