10 0.925781 0.325781 0.035937 0.020313
10 0.494531 0.325781 0.035937 0.020313
9 0.814063 0.364844 0.003125 0.067187
9 0.431250 0.364844 0.003125 0.067187
9 0.040625 0.364844 0.003125 0.067187
12 0.965625 0.367188 0.015625 0.028125
8 0.984375 0.356250 0.006250 0.006250
9 0.942969 0.342187 0.001563 0.053125
9 0.908594 0.342187 0.001563 0.053125
12 0.846875 0.367188 0.015625 0.028125
9 0.782031 0.342969 0.001563 0.051562
12 0.710938 0.367188 0.015625 0.028125
8 0.729688 0.356250 0.006250 0.006250
9 0.682031 0.342969 0.001563 0.051562
12 0.609375 0.367188 0.015625 0.028125
8 0.628125 0.356250 0.006250 0.006250
9 0.580469 0.342969 0.001563 0.051562
9 0.511719 0.342187 0.001563 0.053125
9 0.477344 0.342187 0.001563 0.053125
9 0.399219 0.342969 0.001563 0.051562
12 0.328125 0.367188 0.015625 0.028125
8 0.346875 0.356250 0.006250 0.006250
9 0.297656 0.342969 0.001563 0.051562
12 0.226562 0.367188 0.015625 0.028125
8 0.245312 0.356250 0.006250 0.006250
9 0.197656 0.342969 0.001563 0.051562
9 0.121094 0.342969 0.001563 0.051562
9 0.008594 0.342969 0.001563 0.051562
0 0.934375 0.373437 0.021875 0.018750
0 0.900000 0.373437 0.021875 0.018750
0 0.773438 0.373437 0.021875 0.018750
0 0.671875 0.373437 0.021875 0.018750
0 0.570312 0.373437 0.021875 0.018750
0 0.501563 0.373437 0.021875 0.018750
0 0.467187 0.373437 0.021875 0.018750
0 0.390625 0.373437 0.021875 0.018750
0 0.289062 0.373437 0.021875 0.018750
0 0.187500 0.373437 0.021875 0.018750
0 0.110937 0.373437 0.021875 0.018750
0 0.005469 0.373437 0.010937 0.018750
