9 0.668750 0.364844 0.003125 0.067187
9 0.198437 0.364844 0.003125 0.067187
9 0.983594 0.342969 0.001563 0.051562
12 0.906250 0.367188 0.015625 0.028125
9 0.872656 0.342969 0.001563 0.051562
9 0.825781 0.342969 0.001563 0.051562
12 0.748437 0.367188 0.015625 0.028125
9 0.714844 0.342969 0.001563 0.051562
12 0.609375 0.367188 0.015625 0.028125
9 0.575781 0.342969 0.001563 0.051562
9 0.482031 0.342969 0.001563 0.051562
12 0.404687 0.367188 0.015625 0.028125
9 0.371094 0.342969 0.001563 0.051562
9 0.324219 0.342969 0.001563 0.051562
12 0.232813 0.367188 0.015625 0.028125
8 0.251563 0.356250 0.006250 0.006250
12 0.139063 0.367188 0.015625 0.028125
9 0.105469 0.342969 0.001563 0.051562
9 0.013281 0.342969 0.001563 0.051562
0 0.975000 0.373437 0.021875 0.018750
0 0.862500 0.373437 0.021875 0.018750
0 0.817187 0.373437 0.021875 0.018750
0 0.704688 0.373437 0.021875 0.018750
0 0.565625 0.373437 0.021875 0.018750
0 0.473438 0.373437 0.021875 0.018750
0 0.362500 0.373437 0.021875 0.018750
0 0.315625 0.373437 0.021875 0.018750
0 0.096875 0.373437 0.021875 0.018750
0 0.007031 0.373437 0.014063 0.018750
