10 0.883594 0.325781 0.045312 0.020313
10 0.530469 0.325781 0.045312 0.020313
10 0.382031 0.325781 0.045312 0.020313
10 0.058594 0.325781 0.045312 0.020313
9 0.668750 0.364844 0.003125 0.067187
9 0.196875 0.364844 0.003125 0.067187
12 0.935937 0.367188 0.015625 0.028125
9 0.905469 0.342187 0.001563 0.053125
9 0.861719 0.342187 0.001563 0.053125
9 0.817969 0.342969 0.001563 0.051562
12 0.745313 0.367188 0.015625 0.028125
9 0.714844 0.342969 0.001563 0.051562
9 0.636719 0.342969 0.001563 0.051562
9 0.550781 0.342187 0.001563 0.053125
9 0.508594 0.342187 0.001563 0.053125
12 0.434375 0.367188 0.015625 0.028125
9 0.403906 0.342187 0.001563 0.053125
9 0.360156 0.342187 0.001563 0.053125
9 0.317969 0.342969 0.001563 0.051562
12 0.229687 0.367188 0.015625 0.028125
8 0.250000 0.356250 0.006250 0.006250
9 0.164844 0.342969 0.001563 0.051562
9 0.078906 0.342187 0.001563 0.053125
9 0.036719 0.342187 0.001563 0.053125
0 0.994531 0.373437 0.010937 0.018750
0 0.895312 0.373437 0.021875 0.018750
0 0.853125 0.373437 0.021875 0.018750
0 0.809375 0.373437 0.021875 0.018750
0 0.704688 0.373437 0.021875 0.018750
0 0.628125 0.373437 0.021875 0.018750
0 0.542188 0.373437 0.021875 0.018750
0 0.498437 0.373437 0.021875 0.018750
0 0.393750 0.373437 0.021875 0.018750
0 0.351562 0.373437 0.021875 0.018750
0 0.307812 0.373437 0.021875 0.018750
0 0.156250 0.373437 0.021875 0.018750
0 0.070312 0.373437 0.021875 0.018750
0 0.026562 0.373437 0.021875 0.018750
