7 0.262500 0.366406 0.043750 0.114062
9 0.768750 0.364844 0.003125 0.067187
15 0.983594 0.337500 0.017188 0.062500
9 0.975781 0.339062 0.001563 0.059375
12 0.913281 0.366406 0.023438 0.060937
15 0.875781 0.337500 0.017188 0.062500
9 0.867969 0.339062 0.001563 0.059375
12 0.805469 0.366406 0.023438 0.060937
15 0.741406 0.337500 0.017188 0.062500
9 0.733594 0.339062 0.001563 0.059375
8 0.662500 0.356250 0.006250 0.006250
15 0.605469 0.337500 0.017188 0.062500
9 0.597656 0.339062 0.001563 0.059375
8 0.528125 0.356250 0.006250 0.006250
15 0.469531 0.337500 0.017188 0.062500
9 0.461719 0.339062 0.001563 0.059375
15 0.349219 0.337500 0.017188 0.062500
9 0.341406 0.339062 0.001563 0.059375
0 0.965625 0.373437 0.021875 0.018750
0 0.859375 0.373437 0.021875 0.018750
0 0.723437 0.373437 0.021875 0.018750
0 0.589063 0.373437 0.021875 0.018750
0 0.453125 0.373437 0.021875 0.018750
0 0.332813 0.373437 0.021875 0.018750
