10 0.831250 0.325781 0.034375 0.020313
10 0.534375 0.325781 0.034375 0.020313
10 0.391406 0.325781 0.098437 0.020313
10 0.261719 0.325781 0.098437 0.020313
10 0.135937 0.325781 0.034375 0.020313
10 0.021094 0.325781 0.042188 0.020313
9 0.860938 0.364844 0.003125 0.067187
9 0.565625 0.364844 0.003125 0.067187
9 0.167187 0.364844 0.003125 0.067187
9 0.846094 0.342187 0.001563 0.053125
9 0.814844 0.342187 0.001563 0.053125
9 0.739844 0.342969 0.001563 0.051562
12 0.664844 0.364844 0.017188 0.048438
12 0.599219 0.364844 0.017188 0.048438
9 0.550781 0.342187 0.001563 0.053125
9 0.517969 0.342187 0.001563 0.053125
12 0.459375 0.367188 0.015625 0.028125
9 0.439844 0.342187 0.001563 0.053125
9 0.407031 0.342187 0.001563 0.053125
9 0.375781 0.342187 0.001563 0.053125
9 0.342969 0.342187 0.001563 0.053125
9 0.310156 0.342187 0.001563 0.053125
9 0.277344 0.342187 0.001563 0.053125
9 0.246094 0.342187 0.001563 0.053125
9 0.213281 0.342187 0.001563 0.053125
9 0.152344 0.342187 0.001563 0.053125
9 0.119531 0.342187 0.001563 0.053125
12 0.062500 0.367188 0.015625 0.028125
9 0.041406 0.342187 0.001563 0.053125
9 0.010156 0.342187 0.001563 0.053125
0 0.837500 0.373437 0.021875 0.018750
0 0.804688 0.373437 0.021875 0.018750
0 0.731250 0.373437 0.021875 0.018750
0 0.540625 0.373437 0.021875 0.018750
0 0.507812 0.373437 0.021875 0.018750
0 0.429688 0.373437 0.021875 0.018750
0 0.398438 0.373437 0.021875 0.018750
0 0.365625 0.373437 0.021875 0.018750
0 0.332813 0.373437 0.021875 0.018750
0 0.301563 0.373437 0.021875 0.018750
0 0.268750 0.373437 0.021875 0.018750
0 0.235937 0.373437 0.021875 0.018750
0 0.204687 0.373437 0.021875 0.018750
0 0.143750 0.373437 0.021875 0.018750
0 0.110937 0.373437 0.021875 0.018750
0 0.032813 0.373437 0.021875 0.018750
0 0.005469 0.373437 0.010937 0.018750
