10 0.896875 0.319531 0.146875 0.032813
10 0.398438 0.319531 0.146875 0.032813
9 0.670312 0.364844 0.003125 0.067187
9 0.206250 0.364844 0.003125 0.067187
9 0.969531 0.335938 0.001563 0.065625
9 0.921094 0.335938 0.001563 0.065625
9 0.872656 0.335938 0.001563 0.065625
9 0.824219 0.335938 0.001563 0.065625
15 0.724219 0.337500 0.017188 0.062500
9 0.716406 0.339062 0.001563 0.059375
15 0.647656 0.337500 0.017188 0.062500
9 0.639844 0.339062 0.001563 0.059375
8 0.578125 0.356250 0.006250 0.006250
12 0.510156 0.366406 0.023438 0.060937
9 0.469531 0.335938 0.001563 0.065625
9 0.422656 0.335938 0.001563 0.065625
9 0.374219 0.335938 0.001563 0.065625
9 0.325781 0.335938 0.001563 0.065625
8 0.264062 0.356250 0.006250 0.006250
15 0.183594 0.337500 0.017188 0.062500
9 0.175781 0.339062 0.001563 0.059375
8 0.114062 0.356250 0.006250 0.006250
12 0.044531 0.366406 0.023438 0.060937
9 0.005469 0.335938 0.001563 0.065625
0 0.959375 0.373437 0.021875 0.018750
0 0.912500 0.373437 0.021875 0.018750
0 0.864062 0.373437 0.021875 0.018750
0 0.815625 0.373437 0.021875 0.018750
0 0.707812 0.373437 0.021875 0.018750
0 0.631250 0.373437 0.021875 0.018750
0 0.460938 0.373437 0.021875 0.018750
0 0.412500 0.373437 0.021875 0.018750
0 0.364063 0.373437 0.021875 0.018750
0 0.315625 0.373437 0.021875 0.018750
0 0.167187 0.373437 0.021875 0.018750
0 0.003906 0.373437 0.007812 0.018750
