10 0.771094 0.325781 0.045312 0.020313
10 0.639844 0.325781 0.045312 0.020313
10 0.430469 0.325781 0.045312 0.020313
10 0.271094 0.325781 0.045312 0.020313
10 0.141406 0.325781 0.045312 0.020313
14 0.860938 0.364844 0.003125 0.067187
14 0.362500 0.364844 0.003125 0.067187
9 0.792969 0.342187 0.001563 0.053125
9 0.749219 0.342187 0.001563 0.053125
9 0.661719 0.342187 0.001563 0.053125
9 0.617969 0.342187 0.001563 0.053125
11 0.543750 0.367188 0.015625 0.028125
11 0.482812 0.367188 0.015625 0.028125
9 0.452344 0.342187 0.001563 0.053125
9 0.408594 0.342187 0.001563 0.053125
9 0.292969 0.342187 0.001563 0.053125
9 0.249219 0.342187 0.001563 0.053125
9 0.163281 0.342187 0.001563 0.053125
9 0.119531 0.342187 0.001563 0.053125
11 0.045312 0.367188 0.015625 0.028125
0 0.784375 0.373437 0.021875 0.018750
0 0.740625 0.373437 0.021875 0.018750
0 0.653125 0.373437 0.021875 0.018750
0 0.609375 0.373437 0.021875 0.018750
0 0.442188 0.373437 0.021875 0.018750
0 0.398438 0.373437 0.021875 0.018750
0 0.284375 0.373437 0.021875 0.018750
0 0.240625 0.373437 0.021875 0.018750
0 0.153125 0.373437 0.021875 0.018750
0 0.109375 0.373437 0.021875 0.018750
