10 0.541406 0.325781 0.045312 0.020313
9 0.860938 0.364844 0.003125 0.067187
9 0.398438 0.364844 0.003125 0.067187
12 0.807813 0.367188 0.015625 0.028125
9 0.777344 0.342969 0.001563 0.051562
9 0.691406 0.342969 0.001563 0.051562
9 0.561719 0.342187 0.001563 0.053125
9 0.519531 0.342187 0.001563 0.053125
12 0.431250 0.367188 0.015625 0.028125
8 0.451562 0.356250 0.006250 0.006250
12 0.343750 0.367188 0.015625 0.028125
9 0.313281 0.342969 0.001563 0.051562
9 0.227344 0.342969 0.001563 0.051562
9 0.097656 0.342969 0.001563 0.051562
9 0.011719 0.342187 0.001563 0.053125
0 0.767188 0.373437 0.021875 0.018750
0 0.681250 0.373437 0.021875 0.018750
0 0.553125 0.373437 0.021875 0.018750
0 0.509375 0.373437 0.021875 0.018750
0 0.303125 0.373437 0.021875 0.018750
0 0.217188 0.373437 0.021875 0.018750
0 0.089063 0.373437 0.021875 0.018750
0 0.007031 0.373437 0.014063 0.018750
