10 0.239844 0.325781 0.048438 0.020313
9 0.670312 0.364844 0.003125 0.067187
9 0.170313 0.364844 0.003125 0.067187
9 0.985156 0.342969 0.001563 0.051562
12 0.906250 0.367188 0.015625 0.028125
9 0.872656 0.342969 0.001563 0.051562
9 0.780469 0.342969 0.001563 0.051562
12 0.703125 0.367188 0.015625 0.028125
9 0.596094 0.342969 0.001563 0.051562
12 0.518750 0.367188 0.015625 0.028125
9 0.485156 0.342969 0.001563 0.051562
12 0.407813 0.367188 0.015625 0.028125
9 0.374219 0.342969 0.001563 0.051562
12 0.295312 0.367188 0.015625 0.028125
9 0.261719 0.342187 0.001563 0.053125
9 0.216406 0.342187 0.001563 0.053125
9 0.096094 0.342969 0.001563 0.051562
12 0.018750 0.367188 0.015625 0.028125
0 0.975000 0.373437 0.021875 0.018750
0 0.864062 0.373437 0.021875 0.018750
0 0.771875 0.373437 0.021875 0.018750
0 0.587500 0.373437 0.021875 0.018750
0 0.475000 0.373437 0.021875 0.018750
0 0.364063 0.373437 0.021875 0.018750
0 0.253125 0.373437 0.021875 0.018750
0 0.206250 0.373437 0.021875 0.018750
0 0.087500 0.373437 0.021875 0.018750
