10 0.730469 0.325781 0.042188 0.020313
10 0.205469 0.325781 0.042188 0.020313
9 0.860938 0.364844 0.003125 0.067187
9 0.335938 0.364844 0.003125 0.067187
9 0.830469 0.342969 0.001563 0.051562
9 0.750781 0.342187 0.001563 0.053125
9 0.710156 0.342187 0.001563 0.053125
9 0.628906 0.342969 0.001563 0.051562
9 0.546094 0.342969 0.001563 0.051562
9 0.503906 0.342969 0.001563 0.051562
9 0.422656 0.342969 0.001563 0.051562
9 0.305469 0.342969 0.001563 0.051562
9 0.225781 0.342187 0.001563 0.053125
9 0.185156 0.342187 0.001563 0.053125
9 0.103906 0.342969 0.001563 0.051562
9 0.021094 0.342969 0.001563 0.051562
0 0.821875 0.373437 0.021875 0.018750
0 0.740625 0.373437 0.021875 0.018750
0 0.700000 0.373437 0.021875 0.018750
0 0.618750 0.373437 0.021875 0.018750
0 0.537500 0.373437 0.021875 0.018750
0 0.495312 0.373437 0.021875 0.018750
0 0.414062 0.373437 0.021875 0.018750
0 0.295312 0.373437 0.021875 0.018750
0 0.215625 0.373437 0.021875 0.018750
0 0.175000 0.373437 0.021875 0.018750
0 0.093750 0.373437 0.021875 0.018750
0 0.012500 0.373437 0.021875 0.018750
