9 0.650000 0.364844 0.003125 0.067187
9 0.132812 0.364844 0.003125 0.067187
9 0.985156 0.342969 0.001563 0.051562
12 0.864062 0.367188 0.015625 0.028125
9 0.832031 0.342969 0.001563 0.051562
9 0.741406 0.342969 0.001563 0.051562
9 0.619531 0.342969 0.001563 0.051562
12 0.498437 0.367188 0.015625 0.028125
9 0.466406 0.342969 0.001563 0.051562
12 0.345313 0.367188 0.015625 0.028125
9 0.313281 0.342969 0.001563 0.051562
9 0.178906 0.342969 0.001563 0.051562
9 0.100781 0.342969 0.001563 0.051562
0 0.975000 0.373437 0.021875 0.018750
0 0.821875 0.373437 0.021875 0.018750
0 0.732812 0.373437 0.021875 0.018750
0 0.610938 0.373437 0.021875 0.018750
0 0.456250 0.373437 0.021875 0.018750
0 0.303125 0.373437 0.021875 0.018750
0 0.168750 0.373437 0.021875 0.018750
0 0.092188 0.373437 0.021875 0.018750
