10 0.703125 0.325781 0.037500 0.020313
10 0.328125 0.325781 0.037500 0.020313
14 0.773438 0.364844 0.003125 0.067187
14 0.398438 0.364844 0.003125 0.067187
14 0.054688 0.364844 0.003125 0.067187
11 0.963281 0.364844 0.017188 0.048438
9 0.932031 0.342969 0.001563 0.051562
9 0.855469 0.342969 0.001563 0.051562
9 0.721094 0.342187 0.001563 0.053125
9 0.685156 0.342187 0.001563 0.053125
11 0.566406 0.364844 0.017188 0.048438
9 0.536719 0.342969 0.001563 0.051562
11 0.473438 0.367188 0.015625 0.028125
9 0.444531 0.342969 0.001563 0.051562
9 0.346094 0.342187 0.001563 0.053125
9 0.310156 0.342187 0.001563 0.053125
11 0.191406 0.364844 0.017188 0.048438
9 0.161719 0.342969 0.001563 0.051562
11 0.087500 0.367188 0.015625 0.028125
8 0.107813 0.356250 0.006250 0.006250
9 0.000781 0.342187 0.001563 0.053125
0 0.923438 0.373437 0.021875 0.018750
0 0.845313 0.373437 0.021875 0.018750
0 0.710938 0.373437 0.021875 0.018750
0 0.676562 0.373437 0.021875 0.018750
0 0.528125 0.373437 0.021875 0.018750
0 0.435937 0.373437 0.021875 0.018750
0 0.337500 0.373437 0.021875 0.018750
0 0.301563 0.373437 0.021875 0.018750
0 0.153125 0.373437 0.021875 0.018750
