7 0.232813 0.707031 0.043750 0.114062
7 0.232813 0.536719 0.043750 0.114062
7 0.232813 0.877344 0.043750 0.114062
7 0.232813 0.366406 0.043750 0.114062
10 0.905469 0.364063 0.114062 0.015625
10 0.727344 0.370312 0.114062 0.028125
10 0.521875 0.375000 0.112500 0.028125
10 0.346875 0.385937 0.112500 0.028125
10 0.918750 0.526563 0.140625 0.025000
10 0.740625 0.534375 0.140625 0.040625
10 0.535156 0.539062 0.139063 0.040625
10 0.360156 0.551562 0.139063 0.040625
10 0.880469 0.698438 0.064062 0.025000
10 0.702344 0.706250 0.064062 0.040625
10 0.496875 0.707812 0.062500 0.037500
10 0.321875 0.722656 0.062500 0.042188
10 0.889844 0.885938 0.082812 0.053125
10 0.711719 0.885938 0.082812 0.053125
10 0.506250 0.885938 0.081250 0.053125
10 0.331250 0.885938 0.081250 0.053125
9 0.201563 0.665625 0.003125 0.668750
14 0.645312 0.665625 0.003125 0.668750
9 0.880469 0.976562 0.001563 0.046875
9 0.703906 0.980469 0.001563 0.039062
9 0.497656 0.984375 0.001563 0.031250
11 0.968750 0.878125 0.015625 0.028125
9 0.930469 0.835938 0.001563 0.106250
9 0.849219 0.870313 0.001563 0.078125
11 0.790625 0.878125 0.015625 0.028125
9 0.753906 0.839844 0.001563 0.098437
9 0.671094 0.874219 0.001563 0.070312
11 0.584375 0.878125 0.015625 0.028125
9 0.547656 0.843750 0.001563 0.090625
9 0.466406 0.878125 0.001563 0.062500
11 0.409375 0.878125 0.015625 0.028125
9 0.371094 0.847656 0.001563 0.082812
9 0.291406 0.882031 0.001563 0.054688
11 0.968750 0.707812 0.015625 0.028125
9 0.911719 0.656250 0.001563 0.090625
9 0.849219 0.682031 0.001563 0.045312
11 0.790625 0.707812 0.015625 0.028125
9 0.733594 0.661719 0.001563 0.082812
9 0.671094 0.696094 0.001563 0.054688
11 0.584375 0.707812 0.015625 0.028125
9 0.527344 0.667188 0.001563 0.078125
9 0.466406 0.700000 0.001563 0.046875
11 0.409375 0.707812 0.015625 0.028125
9 0.352344 0.677344 0.001563 0.082812
9 0.291406 0.711719 0.001563 0.054688
9 0.988281 0.485938 0.001563 0.090625
9 0.849219 0.511719 0.001563 0.045312
9 0.810156 0.489063 0.001563 0.081250
9 0.671094 0.523438 0.001563 0.053125
9 0.603906 0.496875 0.001563 0.078125
9 0.466406 0.531250 0.001563 0.050000
9 0.428906 0.506250 0.001563 0.081250
9 0.291406 0.540625 0.001563 0.053125
9 0.961719 0.315625 0.001563 0.090625
9 0.849219 0.343750 0.001563 0.050000
9 0.783594 0.318750 0.001563 0.081250
9 0.671094 0.353125 0.001563 0.053125
9 0.577344 0.325000 0.001563 0.078125
9 0.466406 0.359375 0.001563 0.050000
9 0.402344 0.335938 0.001563 0.081250
9 0.291406 0.370312 0.001563 0.053125
0 0.890625 0.950000 0.021875 0.018750
0 0.859375 0.994531 0.021875 0.010937
0 0.714063 0.957812 0.021875 0.018750
0 0.507812 0.965625 0.021875 0.018750
0 0.331250 0.973437 0.021875 0.018750
0 0.940625 0.779687 0.021875 0.018750
0 0.859375 0.828125 0.021875 0.018750
0 0.764062 0.787500 0.021875 0.018750
0 0.681250 0.835938 0.021875 0.018750
0 0.557813 0.795312 0.021875 0.018750
0 0.476562 0.843750 0.021875 0.018750
0 0.381250 0.803125 0.021875 0.018750
0 0.301563 0.851562 0.021875 0.018750
0 0.921875 0.609375 0.021875 0.018750
0 0.859375 0.657813 0.021875 0.018750
0 0.743750 0.617188 0.021875 0.018750
0 0.681250 0.665625 0.021875 0.018750
0 0.537500 0.625000 0.021875 0.018750
0 0.476562 0.673438 0.021875 0.018750
0 0.362500 0.632812 0.021875 0.018750
0 0.301563 0.681250 0.021875 0.018750
0 0.993750 0.439063 0.012500 0.018750
0 0.859375 0.487500 0.021875 0.018750
0 0.820312 0.446875 0.021875 0.018750
0 0.681250 0.495312 0.021875 0.018750
0 0.614062 0.454688 0.021875 0.018750
0 0.476562 0.503125 0.021875 0.018750
0 0.439063 0.462500 0.021875 0.018750
0 0.301563 0.510938 0.021875 0.018750
0 0.971875 0.267188 0.021875 0.018750
0 0.859375 0.315625 0.021875 0.018750
0 0.793750 0.276562 0.021875 0.018750
0 0.681250 0.325000 0.021875 0.018750
0 0.587500 0.284375 0.021875 0.018750
0 0.476562 0.332813 0.021875 0.018750
0 0.412500 0.292187 0.021875 0.018750
0 0.301563 0.340625 0.021875 0.018750
