10 0.778906 0.325781 0.123438 0.020313
10 0.553906 0.325781 0.082812 0.020313
10 0.261719 0.325781 0.123438 0.020313
10 0.039062 0.325781 0.078125 0.020313
9 0.860938 0.364844 0.003125 0.067187
9 0.343750 0.364844 0.003125 0.067187
9 0.839844 0.342187 0.001563 0.053125
9 0.799219 0.342187 0.001563 0.053125
9 0.758594 0.342187 0.001563 0.053125
9 0.717969 0.342187 0.001563 0.053125
9 0.635156 0.342969 0.001563 0.051562
9 0.594531 0.342187 0.001563 0.053125
9 0.553906 0.342187 0.001563 0.053125
9 0.513281 0.342187 0.001563 0.053125
9 0.389844 0.342969 0.001563 0.051562
9 0.322656 0.342187 0.001563 0.053125
9 0.282031 0.342187 0.001563 0.053125
9 0.241406 0.342187 0.001563 0.053125
9 0.200781 0.342187 0.001563 0.053125
9 0.117969 0.342969 0.001563 0.051562
9 0.077344 0.342187 0.001563 0.053125
9 0.036719 0.342187 0.001563 0.053125
0 0.829688 0.373437 0.021875 0.018750
0 0.789062 0.373437 0.021875 0.018750
0 0.748437 0.373437 0.021875 0.018750
0 0.707812 0.373437 0.021875 0.018750
0 0.626563 0.373437 0.021875 0.018750
0 0.585938 0.373437 0.021875 0.018750
0 0.545312 0.373437 0.021875 0.018750
0 0.504687 0.373437 0.021875 0.018750
0 0.381250 0.373437 0.021875 0.018750
0 0.312500 0.373437 0.021875 0.018750
0 0.271875 0.373437 0.021875 0.018750
0 0.231250 0.373437 0.021875 0.018750
0 0.190625 0.373437 0.021875 0.018750
0 0.107813 0.373437 0.021875 0.018750
0 0.067187 0.373437 0.021875 0.018750
0 0.026562 0.373437 0.021875 0.018750
