7 0.262500 0.366406 0.043750 0.114062
10 0.523438 0.319531 0.365625 0.032813
14 0.914062 0.364844 0.003125 0.067187
11 0.948438 0.367188 0.015625 0.028125
11 0.814063 0.367188 0.015625 0.028125
11 0.757031 0.366406 0.023438 0.060937
9 0.705469 0.335938 0.001563 0.065625
9 0.644531 0.335938 0.001563 0.065625
9 0.583594 0.335938 0.001563 0.065625
9 0.522656 0.335938 0.001563 0.065625
9 0.463281 0.335938 0.001563 0.065625
9 0.402344 0.335938 0.001563 0.065625
9 0.341406 0.335938 0.001563 0.065625
0 0.695312 0.373437 0.021875 0.018750
0 0.634375 0.373437 0.021875 0.018750
0 0.575000 0.373437 0.021875 0.018750
0 0.514062 0.373437 0.021875 0.018750
0 0.453125 0.373437 0.021875 0.018750
0 0.392188 0.373437 0.021875 0.018750
0 0.332813 0.373437 0.021875 0.018750
