10 0.863281 0.319531 0.092188 0.032813
10 0.510156 0.319531 0.092188 0.032813
10 0.330469 0.319531 0.092188 0.032813
10 0.028125 0.319531 0.056250 0.032813
9 0.635938 0.364844 0.003125 0.067187
9 0.137500 0.364844 0.003125 0.067187
9 0.997656 0.335938 0.001563 0.065625
12 0.942969 0.366406 0.023438 0.060937
9 0.907031 0.335938 0.001563 0.065625
9 0.861719 0.335938 0.001563 0.065625
9 0.817969 0.335938 0.001563 0.065625
12 0.763281 0.366406 0.023438 0.060937
15 0.735156 0.337500 0.017188 0.062500
9 0.727344 0.339062 0.001563 0.059375
12 0.674219 0.366406 0.023438 0.060937
9 0.553906 0.335938 0.001563 0.065625
9 0.508594 0.335938 0.001563 0.065625
9 0.464844 0.335938 0.001563 0.065625
12 0.410156 0.366406 0.023438 0.060937
9 0.374219 0.335938 0.001563 0.065625
9 0.328906 0.335938 0.001563 0.065625
9 0.285156 0.335938 0.001563 0.065625
15 0.191406 0.337500 0.017188 0.062500
9 0.183594 0.339062 0.001563 0.059375
9 0.055469 0.335938 0.001563 0.065625
9 0.010156 0.335938 0.001563 0.065625
0 0.987500 0.373437 0.021875 0.018750
0 0.898438 0.373437 0.021875 0.018750
0 0.853125 0.373437 0.021875 0.018750
0 0.807813 0.373437 0.021875 0.018750
0 0.718750 0.373437 0.021875 0.018750
0 0.545312 0.373437 0.021875 0.018750
0 0.500000 0.373437 0.021875 0.018750
0 0.454688 0.373437 0.021875 0.018750
0 0.365625 0.373437 0.021875 0.018750
0 0.320312 0.373437 0.021875 0.018750
0 0.275000 0.373437 0.021875 0.018750
0 0.173437 0.373437 0.021875 0.018750
0 0.045312 0.373437 0.021875 0.018750
0 0.005469 0.373437 0.010937 0.018750
