9 0.860938 0.364844 0.003125 0.067187
9 0.348438 0.364844 0.003125 0.067187
12 0.801562 0.367188 0.015625 0.028125
9 0.766406 0.342969 0.001563 0.051562
12 0.639062 0.367188 0.015625 0.028125
9 0.603906 0.342969 0.001563 0.051562
12 0.476562 0.367188 0.015625 0.028125
9 0.394531 0.342969 0.001563 0.051562
12 0.287500 0.367188 0.015625 0.028125
9 0.252344 0.342969 0.001563 0.051562
12 0.126562 0.367188 0.015625 0.028125
9 0.091406 0.342969 0.001563 0.051562
0 0.756250 0.373437 0.021875 0.018750
0 0.595313 0.373437 0.021875 0.018750
0 0.385937 0.373437 0.021875 0.018750
0 0.243750 0.373437 0.021875 0.018750
0 0.082812 0.373437 0.021875 0.018750
