10 0.833594 0.319531 0.085938 0.032813
10 0.324219 0.319531 0.085938 0.032813
14 0.660937 0.364844 0.003125 0.067187
14 0.184375 0.364844 0.003125 0.067187
11 0.991406 0.366406 0.017188 0.060937
14 0.967969 0.337500 0.017188 0.062500
9 0.960156 0.339062 0.001563 0.059375
11 0.910156 0.366406 0.023438 0.060937
9 0.875781 0.335938 0.001563 0.065625
9 0.833594 0.335938 0.001563 0.065625
9 0.791406 0.335938 0.001563 0.065625
11 0.739844 0.366406 0.023438 0.060937
14 0.714844 0.337500 0.017188 0.062500
9 0.707031 0.339062 0.001563 0.059375
14 0.638281 0.337500 0.017188 0.062500
9 0.630469 0.339062 0.001563 0.059375
14 0.542969 0.337500 0.017188 0.062500
9 0.535156 0.339062 0.001563 0.059375
11 0.485156 0.366406 0.023438 0.060937
14 0.458594 0.337500 0.017188 0.062500
9 0.450781 0.339062 0.001563 0.059375
11 0.400781 0.366406 0.023438 0.060937
9 0.366406 0.335938 0.001563 0.065625
9 0.324219 0.335938 0.001563 0.065625
9 0.282031 0.335938 0.001563 0.065625
14 0.161719 0.337500 0.017188 0.062500
9 0.153906 0.339062 0.001563 0.059375
14 0.066406 0.337500 0.017188 0.062500
9 0.058594 0.339062 0.001563 0.059375
11 0.010156 0.366406 0.020313 0.060937
0 0.951562 0.373437 0.021875 0.018750
0 0.867188 0.373437 0.021875 0.018750
0 0.825000 0.373437 0.021875 0.018750
0 0.782813 0.373437 0.021875 0.018750
0 0.696875 0.373437 0.021875 0.018750
0 0.621875 0.373437 0.021875 0.018750
0 0.526563 0.373437 0.021875 0.018750
0 0.442188 0.373437 0.021875 0.018750
0 0.357812 0.373437 0.021875 0.018750
0 0.315625 0.373437 0.021875 0.018750
0 0.273438 0.373437 0.021875 0.018750
0 0.145313 0.373437 0.021875 0.018750
0 0.050000 0.373437 0.021875 0.018750
