7 0.262500 0.366406 0.043750 0.114062
14 0.773438 0.364844 0.003125 0.067187
11 0.980469 0.366406 0.023438 0.060937
11 0.938281 0.366406 0.023438 0.060937
14 0.911719 0.337500 0.017188 0.062500
9 0.903906 0.339062 0.001563 0.059375
11 0.853906 0.366406 0.023438 0.060937
14 0.827344 0.337500 0.017188 0.062500
9 0.819531 0.339062 0.001563 0.059375
14 0.752344 0.337500 0.017188 0.062500
9 0.744531 0.339062 0.001563 0.059375
11 0.692969 0.366406 0.023438 0.060937
14 0.666406 0.337500 0.017188 0.062500
9 0.658594 0.339062 0.001563 0.059375
11 0.608594 0.366406 0.023438 0.060937
14 0.528906 0.337500 0.017188 0.062500
9 0.521094 0.339062 0.001563 0.059375
11 0.471094 0.366406 0.023438 0.060937
11 0.428906 0.366406 0.023438 0.060937
14 0.402344 0.337500 0.017188 0.062500
9 0.394531 0.339062 0.001563 0.059375
0 0.895312 0.373437 0.021875 0.018750
0 0.810937 0.373437 0.021875 0.018750
0 0.734375 0.373437 0.021875 0.018750
0 0.650000 0.373437 0.021875 0.018750
0 0.512500 0.373437 0.021875 0.018750
0 0.385937 0.373437 0.021875 0.018750
