10 0.987500 0.319531 0.025000 0.032813
10 0.626563 0.319531 0.043750 0.032813
10 0.499219 0.319531 0.048438 0.032813
10 0.237500 0.319531 0.043750 0.032813
10 0.126562 0.319531 0.043750 0.032813
10 0.011719 0.319531 0.023438 0.032813
9 0.670312 0.364844 0.003125 0.067187
9 0.170313 0.364844 0.003125 0.067187
9 0.975781 0.335938 0.001563 0.065625
12 0.925781 0.366406 0.023438 0.060937
15 0.899219 0.337500 0.017188 0.062500
9 0.891406 0.339062 0.001563 0.059375
12 0.841406 0.366406 0.023438 0.060937
12 0.800781 0.366406 0.023438 0.060937
15 0.775781 0.337500 0.017188 0.062500
9 0.767969 0.339062 0.001563 0.059375
9 0.647656 0.335938 0.001563 0.065625
9 0.605469 0.335938 0.001563 0.065625
12 0.555469 0.366406 0.023438 0.060937
9 0.522656 0.335938 0.001563 0.065625
9 0.475781 0.335938 0.001563 0.065625
12 0.425781 0.366406 0.023438 0.060937
15 0.400781 0.337500 0.017188 0.062500
9 0.392969 0.339062 0.001563 0.059375
12 0.342969 0.366406 0.023438 0.060937
9 0.257031 0.335938 0.001563 0.065625
9 0.216406 0.335938 0.001563 0.065625
9 0.147656 0.335938 0.001563 0.065625
9 0.105469 0.335938 0.001563 0.065625
12 0.055469 0.366406 0.023438 0.060937
9 0.022656 0.335938 0.001563 0.065625
0 0.965625 0.373437 0.021875 0.018750
0 0.882812 0.373437 0.021875 0.018750
0 0.757812 0.373437 0.021875 0.018750
0 0.637500 0.373437 0.021875 0.018750
0 0.596875 0.373437 0.021875 0.018750
0 0.512500 0.373437 0.021875 0.018750
0 0.465625 0.373437 0.021875 0.018750
0 0.382812 0.373437 0.021875 0.018750
0 0.248438 0.373437 0.021875 0.018750
0 0.206250 0.373437 0.021875 0.018750
0 0.137500 0.373437 0.021875 0.018750
0 0.096875 0.373437 0.021875 0.018750
0 0.014063 0.373437 0.021875 0.018750
