10 0.947656 0.319531 0.082812 0.032813
10 0.786719 0.319531 0.082812 0.032813
10 0.599219 0.319531 0.082812 0.032813
10 0.438281 0.319531 0.082812 0.032813
10 0.297656 0.319531 0.042188 0.032813
10 0.088281 0.319531 0.082812 0.032813
9 0.659375 0.364844 0.003125 0.067187
9 0.150000 0.364844 0.003125 0.067187
9 0.986719 0.335938 0.001563 0.065625
9 0.947656 0.335938 0.001563 0.065625
9 0.907031 0.335938 0.001563 0.065625
12 0.858594 0.366406 0.023438 0.060937
9 0.825781 0.335938 0.001563 0.065625
9 0.786719 0.335938 0.001563 0.065625
9 0.746094 0.335938 0.001563 0.065625
12 0.697656 0.366406 0.023438 0.060937
9 0.638281 0.335938 0.001563 0.065625
9 0.597656 0.335938 0.001563 0.065625
9 0.558594 0.335938 0.001563 0.065625
12 0.508594 0.366406 0.023438 0.060937
9 0.477344 0.335938 0.001563 0.065625
9 0.436719 0.335938 0.001563 0.065625
9 0.397656 0.335938 0.001563 0.065625
12 0.349219 0.366406 0.023438 0.060937
9 0.316406 0.335938 0.001563 0.065625
9 0.277344 0.335938 0.001563 0.065625
12 0.227344 0.366406 0.023438 0.060937
15 0.203906 0.337500 0.017188 0.062500
9 0.196094 0.339062 0.001563 0.059375
9 0.128906 0.335938 0.001563 0.065625
9 0.088281 0.335938 0.001563 0.065625
9 0.047656 0.335938 0.001563 0.065625
12 0.005469 0.366406 0.010937 0.060937
0 0.978125 0.373437 0.021875 0.018750
0 0.937500 0.373437 0.021875 0.018750
0 0.896875 0.373437 0.021875 0.018750
0 0.817187 0.373437 0.021875 0.018750
0 0.776563 0.373437 0.021875 0.018750
0 0.737500 0.373437 0.021875 0.018750
0 0.629687 0.373437 0.021875 0.018750
0 0.589063 0.373437 0.021875 0.018750
0 0.548438 0.373437 0.021875 0.018750
0 0.468750 0.373437 0.021875 0.018750
0 0.428125 0.373437 0.021875 0.018750
0 0.387500 0.373437 0.021875 0.018750
0 0.307812 0.373437 0.021875 0.018750
0 0.267188 0.373437 0.021875 0.018750
0 0.185938 0.373437 0.021875 0.018750
0 0.118750 0.373437 0.021875 0.018750
0 0.078125 0.373437 0.021875 0.018750
0 0.039062 0.373437 0.021875 0.018750
