10 0.977344 0.325781 0.045312 0.020313
10 0.870313 0.325781 0.087500 0.020313
10 0.481250 0.325781 0.087500 0.020313
10 0.351562 0.325781 0.087500 0.020313
9 0.651563 0.364844 0.003125 0.067187
9 0.134375 0.364844 0.003125 0.067187
9 0.999219 0.342187 0.001563 0.053125
9 0.955469 0.342187 0.001563 0.053125
9 0.913281 0.342187 0.001563 0.053125
9 0.869531 0.342187 0.001563 0.053125
9 0.827344 0.342187 0.001563 0.053125
9 0.741406 0.342969 0.001563 0.051562
12 0.596875 0.367188 0.015625 0.028125
9 0.524219 0.342187 0.001563 0.053125
9 0.480469 0.342187 0.001563 0.053125
9 0.438281 0.342187 0.001563 0.053125
9 0.394531 0.342187 0.001563 0.053125
9 0.352344 0.342187 0.001563 0.053125
9 0.308594 0.342187 0.001563 0.053125
9 0.180469 0.342969 0.001563 0.051562
12 0.079687 0.367188 0.015625 0.028125
9 0.005469 0.342187 0.001563 0.053125
0 0.989062 0.373437 0.021875 0.018750
0 0.946875 0.373437 0.021875 0.018750
0 0.903125 0.373437 0.021875 0.018750
0 0.860938 0.373437 0.021875 0.018750
0 0.817187 0.373437 0.021875 0.018750
0 0.731250 0.373437 0.021875 0.018750
0 0.514062 0.373437 0.021875 0.018750
0 0.471875 0.373437 0.021875 0.018750
0 0.428125 0.373437 0.021875 0.018750
0 0.385937 0.373437 0.021875 0.018750
0 0.342187 0.373437 0.021875 0.018750
0 0.300000 0.373437 0.021875 0.018750
0 0.170313 0.373437 0.021875 0.018750
0 0.003906 0.373437 0.007812 0.018750
