10 0.846094 0.319531 0.048438 0.032813
10 0.726562 0.319531 0.040625 0.032813
10 0.535937 0.319531 0.040625 0.032813
10 0.338281 0.319531 0.048438 0.032813
10 0.026562 0.319531 0.040625 0.032813
14 0.660937 0.364844 0.003125 0.067187
14 0.151562 0.364844 0.003125 0.067187
11 0.977344 0.366406 0.023438 0.060937
14 0.953906 0.337500 0.017188 0.062500
9 0.946094 0.339062 0.001563 0.059375
11 0.899219 0.366406 0.023438 0.060937
9 0.869531 0.335938 0.001563 0.065625
9 0.822656 0.335938 0.001563 0.065625
11 0.775781 0.366406 0.023438 0.060937
9 0.746094 0.335938 0.001563 0.065625
9 0.707031 0.335938 0.001563 0.065625
14 0.639844 0.337500 0.017188 0.062500
9 0.632031 0.339062 0.001563 0.059375
11 0.585156 0.366406 0.023438 0.060937
9 0.555469 0.335938 0.001563 0.065625
9 0.516406 0.335938 0.001563 0.065625
11 0.469531 0.366406 0.023438 0.060937
14 0.446094 0.337500 0.017188 0.062500
9 0.438281 0.339062 0.001563 0.059375
11 0.391406 0.366406 0.023438 0.060937
9 0.361719 0.335938 0.001563 0.065625
9 0.314844 0.335938 0.001563 0.065625
11 0.267969 0.366406 0.023438 0.060937
14 0.244531 0.337500 0.017188 0.062500
9 0.236719 0.339062 0.001563 0.059375
11 0.189844 0.366406 0.023438 0.060937
14 0.128906 0.337500 0.017188 0.062500
9 0.121094 0.339062 0.001563 0.059375
11 0.074219 0.366406 0.023438 0.060937
9 0.044531 0.335938 0.001563 0.065625
9 0.007031 0.335938 0.001563 0.065625
0 0.937500 0.373437 0.021875 0.018750
0 0.860938 0.373437 0.021875 0.018750
0 0.812500 0.373437 0.021875 0.018750
0 0.735938 0.373437 0.021875 0.018750
0 0.698438 0.373437 0.021875 0.018750
0 0.621875 0.373437 0.021875 0.018750
0 0.545312 0.373437 0.021875 0.018750
0 0.507812 0.373437 0.021875 0.018750
0 0.429688 0.373437 0.021875 0.018750
0 0.353125 0.373437 0.021875 0.018750
0 0.304688 0.373437 0.021875 0.018750
0 0.226562 0.373437 0.021875 0.018750
0 0.112500 0.373437 0.021875 0.018750
0 0.035937 0.373437 0.021875 0.018750
0 0.004687 0.373437 0.009375 0.018750
