10 0.738281 0.325781 0.045312 0.020313
10 0.578906 0.325781 0.045312 0.020313
10 0.078906 0.325781 0.045312 0.020313
9 0.670312 0.364844 0.003125 0.067187
9 0.170313 0.364844 0.003125 0.067187
12 0.967187 0.367188 0.015625 0.028125
8 0.987500 0.356250 0.006250 0.006250
9 0.935156 0.342969 0.001563 0.051562
9 0.847656 0.342969 0.001563 0.051562
9 0.760156 0.342187 0.001563 0.053125
9 0.716406 0.342187 0.001563 0.053125
9 0.600781 0.342187 0.001563 0.053125
9 0.557031 0.342187 0.001563 0.053125
12 0.467187 0.367188 0.015625 0.028125
8 0.487500 0.356250 0.006250 0.006250
9 0.436719 0.342969 0.001563 0.051562
9 0.347656 0.342969 0.001563 0.051562
9 0.260156 0.342969 0.001563 0.051562
9 0.100781 0.342187 0.001563 0.053125
9 0.057031 0.342187 0.001563 0.053125
0 0.926562 0.373437 0.021875 0.018750
0 0.839063 0.373437 0.021875 0.018750
0 0.750000 0.373437 0.021875 0.018750
0 0.706250 0.373437 0.021875 0.018750
0 0.590625 0.373437 0.021875 0.018750
0 0.546875 0.373437 0.021875 0.018750
0 0.426563 0.373437 0.021875 0.018750
0 0.339062 0.373437 0.021875 0.018750
0 0.251563 0.373437 0.021875 0.018750
0 0.090625 0.373437 0.021875 0.018750
0 0.046875 0.373437 0.021875 0.018750
