10 0.736719 0.325781 0.035937 0.020313
10 0.622656 0.325781 0.035937 0.020313
10 0.386719 0.325781 0.035937 0.020313
10 0.197656 0.325781 0.035937 0.020313
10 0.013281 0.325781 0.026562 0.020313
9 0.860938 0.364844 0.003125 0.067187
9 0.512500 0.364844 0.003125 0.067187
9 0.134375 0.364844 0.003125 0.067187
12 0.820312 0.367188 0.015625 0.028125
12 0.773438 0.367188 0.015625 0.028125
9 0.752344 0.342187 0.001563 0.053125
9 0.719531 0.342187 0.001563 0.053125
12 0.659375 0.367188 0.015625 0.028125
9 0.638281 0.342187 0.001563 0.053125
9 0.605469 0.342187 0.001563 0.053125
12 0.545312 0.367188 0.015625 0.028125
12 0.470313 0.367188 0.015625 0.028125
12 0.423438 0.367188 0.015625 0.028125
9 0.402344 0.342187 0.001563 0.053125
9 0.369531 0.342187 0.001563 0.053125
12 0.309375 0.367188 0.015625 0.028125
9 0.280469 0.342969 0.001563 0.051562
9 0.213281 0.342187 0.001563 0.053125
9 0.180469 0.342187 0.001563 0.053125
12 0.093750 0.367188 0.015625 0.028125
12 0.046875 0.367188 0.015625 0.028125
9 0.025781 0.342187 0.001563 0.053125
0 0.743750 0.373437 0.021875 0.018750
0 0.709375 0.373437 0.021875 0.018750
0 0.629687 0.373437 0.021875 0.018750
0 0.595313 0.373437 0.021875 0.018750
0 0.393750 0.373437 0.021875 0.018750
0 0.359375 0.373437 0.021875 0.018750
0 0.271875 0.373437 0.021875 0.018750
0 0.204687 0.373437 0.021875 0.018750
0 0.171875 0.373437 0.021875 0.018750
0 0.015625 0.373437 0.021875 0.018750
