10 0.135156 0.319531 0.270313 0.032813
9 0.725000 0.364844 0.003125 0.067187
9 0.360938 0.364844 0.003125 0.067187
12 0.937500 0.367188 0.015625 0.028125
12 0.817969 0.366406 0.023438 0.060937
15 0.778906 0.337500 0.017188 0.062500
9 0.771094 0.339062 0.001563 0.059375
15 0.696094 0.337500 0.017188 0.062500
9 0.688281 0.339062 0.001563 0.059375
8 0.615625 0.356250 0.006250 0.006250
12 0.492188 0.367188 0.015625 0.028125
12 0.395313 0.367188 0.015625 0.028125
12 0.316406 0.366406 0.023438 0.060937
9 0.269531 0.335938 0.001563 0.065625
9 0.214844 0.335938 0.001563 0.065625
9 0.158594 0.335938 0.001563 0.065625
9 0.103906 0.335938 0.001563 0.065625
9 0.047656 0.335938 0.001563 0.065625
0 0.760938 0.373437 0.021875 0.018750
0 0.678125 0.373437 0.021875 0.018750
0 0.260937 0.373437 0.021875 0.018750
0 0.204687 0.373437 0.021875 0.018750
0 0.150000 0.373437 0.021875 0.018750
0 0.093750 0.373437 0.021875 0.018750
0 0.039062 0.373437 0.021875 0.018750
