10 0.553906 0.325781 0.139063 0.020313
10 0.050781 0.325781 0.101562 0.020313
14 0.648438 0.364844 0.003125 0.067187
14 0.126562 0.364844 0.003125 0.067187
9 0.914844 0.342969 0.001563 0.051562
11 0.837500 0.367188 0.015625 0.028125
11 0.773438 0.367188 0.015625 0.028125
9 0.739844 0.342969 0.001563 0.051562
9 0.621094 0.342187 0.001563 0.053125
9 0.575781 0.342187 0.001563 0.053125
9 0.530469 0.342187 0.001563 0.053125
9 0.485156 0.342187 0.001563 0.053125
9 0.392969 0.342969 0.001563 0.051562
11 0.317188 0.367188 0.015625 0.028125
11 0.251563 0.367188 0.015625 0.028125
9 0.172656 0.342969 0.001563 0.051562
9 0.100781 0.342187 0.001563 0.053125
9 0.053906 0.342187 0.001563 0.053125
9 0.008594 0.342187 0.001563 0.053125
0 0.992969 0.373437 0.014063 0.018750
0 0.904687 0.373437 0.021875 0.018750
0 0.731250 0.373437 0.021875 0.018750
0 0.612500 0.373437 0.021875 0.018750
0 0.567187 0.373437 0.021875 0.018750
0 0.520312 0.373437 0.021875 0.018750
0 0.475000 0.373437 0.021875 0.018750
0 0.384375 0.373437 0.021875 0.018750
0 0.164062 0.373437 0.021875 0.018750
0 0.090625 0.373437 0.021875 0.018750
0 0.045312 0.373437 0.021875 0.018750
0 0.005469 0.373437 0.010937 0.018750
