9 0.653125 0.364844 0.003125 0.067187
9 0.160938 0.364844 0.003125 0.067187
12 0.943750 0.367188 0.015625 0.028125
9 0.871094 0.342969 0.001563 0.051562
9 0.785156 0.342969 0.001563 0.051562
9 0.699219 0.342969 0.001563 0.051562
9 0.586719 0.342969 0.001563 0.051562
9 0.500781 0.342969 0.001563 0.051562
12 0.426563 0.367188 0.015625 0.028125
9 0.353906 0.342969 0.001563 0.051562
9 0.267969 0.342969 0.001563 0.051562
12 0.195312 0.367188 0.015625 0.028125
9 0.094531 0.342969 0.001563 0.051562
9 0.008594 0.342969 0.001563 0.051562
0 0.860938 0.373437 0.021875 0.018750
0 0.775000 0.373437 0.021875 0.018750
0 0.689063 0.373437 0.021875 0.018750
0 0.576562 0.373437 0.021875 0.018750
0 0.490625 0.373437 0.021875 0.018750
0 0.345313 0.373437 0.021875 0.018750
0 0.259375 0.373437 0.021875 0.018750
0 0.085938 0.373437 0.021875 0.018750
0 0.005469 0.373437 0.010937 0.018750
