10 0.737500 0.325781 0.040625 0.020313
10 0.595313 0.325781 0.040625 0.020313
10 0.093750 0.325781 0.040625 0.020313
9 0.671875 0.364844 0.003125 0.067187
9 0.171875 0.364844 0.003125 0.067187
9 0.992969 0.342969 0.001563 0.051562
9 0.913281 0.342969 0.001563 0.051562
9 0.833594 0.342969 0.001563 0.051562
9 0.757031 0.342187 0.001563 0.053125
9 0.717969 0.342187 0.001563 0.053125
9 0.613281 0.342187 0.001563 0.053125
9 0.575781 0.342187 0.001563 0.053125
9 0.496094 0.342969 0.001563 0.051562
9 0.414844 0.342969 0.001563 0.051562
9 0.335156 0.342969 0.001563 0.051562
9 0.255469 0.342969 0.001563 0.051562
9 0.113281 0.342187 0.001563 0.053125
9 0.074219 0.342187 0.001563 0.053125
0 0.984375 0.373437 0.021875 0.018750
0 0.903125 0.373437 0.021875 0.018750
0 0.823438 0.373437 0.021875 0.018750
0 0.746875 0.373437 0.021875 0.018750
0 0.709375 0.373437 0.021875 0.018750
0 0.604688 0.373437 0.021875 0.018750
0 0.565625 0.373437 0.021875 0.018750
0 0.485938 0.373437 0.021875 0.018750
0 0.406250 0.373437 0.021875 0.018750
0 0.326562 0.373437 0.021875 0.018750
0 0.246875 0.373437 0.021875 0.018750
0 0.103125 0.373437 0.021875 0.018750
0 0.065625 0.373437 0.021875 0.018750
