7 0.262500 0.366406 0.043750 0.114062
10 0.984375 0.325781 0.031250 0.020313
10 0.871094 0.325781 0.042188 0.020313
10 0.642969 0.325781 0.042188 0.020313
10 0.483594 0.325781 0.042188 0.020313
14 0.804688 0.364844 0.003125 0.067187
9 0.969531 0.342187 0.001563 0.053125
9 0.889844 0.342187 0.001563 0.053125
9 0.850781 0.342187 0.001563 0.053125
9 0.741406 0.342969 0.001563 0.051562
9 0.661719 0.342187 0.001563 0.053125
9 0.622656 0.342187 0.001563 0.053125
9 0.502344 0.342187 0.001563 0.053125
9 0.463281 0.342187 0.001563 0.053125
9 0.382031 0.342969 0.001563 0.051562
0 0.994531 0.373437 0.010937 0.018750
0 0.960938 0.373437 0.021875 0.018750
0 0.881250 0.373437 0.021875 0.018750
0 0.840625 0.373437 0.021875 0.018750
0 0.731250 0.373437 0.021875 0.018750
0 0.653125 0.373437 0.021875 0.018750
0 0.612500 0.373437 0.021875 0.018750
0 0.493750 0.373437 0.021875 0.018750
0 0.453125 0.373437 0.021875 0.018750
0 0.371875 0.373437 0.021875 0.018750
