10 0.032813 0.325781 0.065625 0.020313
9 0.860938 0.364844 0.003125 0.067187
9 0.404687 0.364844 0.003125 0.067187
9 0.830469 0.342969 0.001563 0.051562
12 0.709375 0.367188 0.015625 0.028125
9 0.675781 0.342969 0.001563 0.051562
9 0.541406 0.342969 0.001563 0.051562
12 0.438281 0.364844 0.017188 0.048438
9 0.372656 0.342969 0.001563 0.051562
12 0.251563 0.367188 0.015625 0.028125
9 0.219531 0.342969 0.001563 0.051562
12 0.098437 0.367188 0.015625 0.028125
9 0.064844 0.342187 0.001563 0.053125
9 0.019531 0.342187 0.001563 0.053125
0 0.821875 0.373437 0.021875 0.018750
0 0.667188 0.373437 0.021875 0.018750
0 0.531250 0.373437 0.021875 0.018750
0 0.364063 0.373437 0.021875 0.018750
0 0.209375 0.373437 0.021875 0.018750
0 0.056250 0.373437 0.021875 0.018750
0 0.010937 0.373437 0.021875 0.018750
