10 0.728906 0.325781 0.042188 0.020313
10 0.510156 0.325781 0.204687 0.020313
10 0.230469 0.325781 0.042188 0.020313
10 0.056250 0.325781 0.112500 0.020313
9 0.860938 0.364844 0.003125 0.067187
9 0.362500 0.364844 0.003125 0.067187
9 0.830469 0.342969 0.001563 0.051562
9 0.749219 0.342187 0.001563 0.053125
9 0.708594 0.342187 0.001563 0.053125
12 0.639062 0.367188 0.015625 0.028125
9 0.611719 0.342187 0.001563 0.053125
9 0.571094 0.342187 0.001563 0.053125
9 0.530469 0.342187 0.001563 0.053125
9 0.489844 0.342187 0.001563 0.053125
9 0.449219 0.342187 0.001563 0.053125
9 0.408594 0.342187 0.001563 0.053125
9 0.330469 0.342969 0.001563 0.051562
9 0.250781 0.342187 0.001563 0.053125
9 0.210156 0.342187 0.001563 0.053125
12 0.140625 0.367188 0.015625 0.028125
9 0.111719 0.342187 0.001563 0.053125
9 0.071094 0.342187 0.001563 0.053125
9 0.030469 0.342187 0.001563 0.053125
0 0.821875 0.373437 0.021875 0.018750
0 0.740625 0.373437 0.021875 0.018750
0 0.700000 0.373437 0.021875 0.018750
0 0.601562 0.373437 0.021875 0.018750
0 0.560937 0.373437 0.021875 0.018750
0 0.520312 0.373437 0.021875 0.018750
0 0.479687 0.373437 0.021875 0.018750
0 0.439063 0.373437 0.021875 0.018750
0 0.398438 0.373437 0.021875 0.018750
0 0.321875 0.373437 0.021875 0.018750
0 0.240625 0.373437 0.021875 0.018750
0 0.200000 0.373437 0.021875 0.018750
0 0.103125 0.373437 0.021875 0.018750
0 0.062500 0.373437 0.021875 0.018750
0 0.021875 0.373437 0.021875 0.018750
