10 0.164844 0.319531 0.329688 0.032813
9 0.860938 0.364844 0.003125 0.067187
9 0.489063 0.364844 0.003125 0.067187
15 0.836719 0.337500 0.017188 0.062500
9 0.828906 0.339062 0.001563 0.059375
15 0.722656 0.337500 0.017188 0.062500
9 0.714844 0.339062 0.001563 0.059375
12 0.612500 0.367188 0.015625 0.028125
12 0.523438 0.367188 0.015625 0.028125
15 0.464844 0.337500 0.017188 0.062500
9 0.457031 0.339062 0.001563 0.059375
8 0.390625 0.356250 0.006250 0.006250
9 0.327344 0.335938 0.001563 0.065625
9 0.277344 0.335938 0.001563 0.065625
9 0.225781 0.335938 0.001563 0.065625
9 0.175781 0.335938 0.001563 0.065625
9 0.124219 0.335938 0.001563 0.065625
9 0.074219 0.335938 0.001563 0.065625
9 0.022656 0.335938 0.001563 0.065625
0 0.820312 0.373437 0.021875 0.018750
0 0.706250 0.373437 0.021875 0.018750
0 0.446875 0.373437 0.021875 0.018750
0 0.318750 0.373437 0.021875 0.018750
0 0.267188 0.373437 0.021875 0.018750
0 0.217188 0.373437 0.021875 0.018750
0 0.165625 0.373437 0.021875 0.018750
0 0.115625 0.373437 0.021875 0.018750
0 0.064062 0.373437 0.021875 0.018750
0 0.014063 0.373437 0.021875 0.018750
