10 0.612500 0.325781 0.100000 0.020313
10 0.250781 0.325781 0.067187 0.020313
9 0.860938 0.364844 0.003125 0.067187
9 0.484375 0.364844 0.003125 0.067187
9 0.098437 0.364844 0.003125 0.067187
9 0.830469 0.342969 0.001563 0.051562
12 0.760938 0.367188 0.015625 0.028125
8 0.781250 0.356250 0.006250 0.006250
12 0.715625 0.367188 0.015625 0.028125
9 0.661719 0.342187 0.001563 0.053125
9 0.628906 0.342187 0.001563 0.053125
9 0.596094 0.342187 0.001563 0.053125
9 0.563281 0.342187 0.001563 0.053125
9 0.453906 0.342969 0.001563 0.051562
12 0.384375 0.367188 0.015625 0.028125
8 0.403125 0.356250 0.006250 0.006250
12 0.337500 0.367188 0.015625 0.028125
9 0.283594 0.342187 0.001563 0.053125
9 0.250781 0.342187 0.001563 0.053125
9 0.217969 0.342187 0.001563 0.053125
9 0.144531 0.342969 0.001563 0.051562
9 0.066406 0.342969 0.001563 0.051562
12 0.002344 0.367188 0.004687 0.028125
8 0.017188 0.356250 0.006250 0.006250
0 0.821875 0.373437 0.021875 0.018750
0 0.653125 0.373437 0.021875 0.018750
0 0.620313 0.373437 0.021875 0.018750
0 0.587500 0.373437 0.021875 0.018750
0 0.554688 0.373437 0.021875 0.018750
0 0.443750 0.373437 0.021875 0.018750
0 0.275000 0.373437 0.021875 0.018750
0 0.242188 0.373437 0.021875 0.018750
0 0.209375 0.373437 0.021875 0.018750
0 0.134375 0.373437 0.021875 0.018750
0 0.057813 0.373437 0.021875 0.018750
