10 0.538281 0.325781 0.035937 0.020313
9 0.860938 0.364844 0.003125 0.067187
9 0.475000 0.364844 0.003125 0.067187
9 0.081250 0.364844 0.003125 0.067187
12 0.802344 0.364844 0.017188 0.048438
9 0.738281 0.342969 0.001563 0.051562
9 0.663281 0.342969 0.001563 0.051562
9 0.621094 0.342969 0.001563 0.051562
9 0.555469 0.342187 0.001563 0.053125
9 0.521094 0.342187 0.001563 0.053125
12 0.416406 0.364844 0.017188 0.048438
9 0.352344 0.342969 0.001563 0.051562
9 0.277344 0.342969 0.001563 0.051562
9 0.235156 0.342969 0.001563 0.051562
9 0.160156 0.342969 0.001563 0.051562
12 0.021094 0.364844 0.017188 0.048438
0 0.729688 0.373437 0.021875 0.018750
0 0.654687 0.373437 0.021875 0.018750
0 0.612500 0.373437 0.021875 0.018750
0 0.545312 0.373437 0.021875 0.018750
0 0.512500 0.373437 0.021875 0.018750
0 0.343750 0.373437 0.021875 0.018750
0 0.268750 0.373437 0.021875 0.018750
0 0.226562 0.373437 0.021875 0.018750
0 0.151562 0.373437 0.021875 0.018750
