10 0.784375 0.325781 0.034375 0.020313
10 0.655469 0.325781 0.067187 0.020313
10 0.392188 0.325781 0.034375 0.020313
10 0.264844 0.325781 0.067187 0.020313
10 0.051562 0.325781 0.034375 0.020313
9 0.860938 0.364844 0.003125 0.067187
9 0.470313 0.364844 0.003125 0.067187
9 0.128125 0.364844 0.003125 0.067187
12 0.821875 0.367188 0.015625 0.028125
9 0.800781 0.342187 0.001563 0.053125
9 0.767969 0.342187 0.001563 0.053125
12 0.709375 0.367188 0.015625 0.028125
9 0.688281 0.342187 0.001563 0.053125
9 0.655469 0.342187 0.001563 0.053125
9 0.622656 0.342187 0.001563 0.053125
9 0.516406 0.342969 0.001563 0.051562
12 0.429688 0.367188 0.015625 0.028125
9 0.408594 0.342187 0.001563 0.053125
9 0.375781 0.342187 0.001563 0.053125
12 0.317188 0.367188 0.015625 0.028125
9 0.297656 0.342187 0.001563 0.053125
9 0.264844 0.342187 0.001563 0.053125
9 0.232031 0.342187 0.001563 0.053125
12 0.162500 0.367188 0.015625 0.028125
8 0.181250 0.356250 0.006250 0.006250
12 0.087500 0.367188 0.015625 0.028125
9 0.067969 0.342187 0.001563 0.053125
9 0.035156 0.342187 0.001563 0.053125
0 0.792188 0.373437 0.021875 0.018750
0 0.759375 0.373437 0.021875 0.018750
0 0.679688 0.373437 0.021875 0.018750
0 0.646875 0.373437 0.021875 0.018750
0 0.614062 0.373437 0.021875 0.018750
0 0.506250 0.373437 0.021875 0.018750
0 0.400000 0.373437 0.021875 0.018750
0 0.367188 0.373437 0.021875 0.018750
0 0.287500 0.373437 0.021875 0.018750
0 0.254688 0.373437 0.021875 0.018750
0 0.221875 0.373437 0.021875 0.018750
0 0.057813 0.373437 0.021875 0.018750
0 0.025000 0.373437 0.021875 0.018750
