10 0.557031 0.319531 0.048438 0.032813
10 0.418750 0.319531 0.046875 0.032813
10 0.046094 0.319531 0.048438 0.032813
9 0.860938 0.364844 0.003125 0.067187
9 0.350000 0.364844 0.003125 0.067187
15 0.839844 0.337500 0.017188 0.062500
9 0.832031 0.339062 0.001563 0.059375
15 0.736719 0.337500 0.017188 0.062500
9 0.728906 0.339062 0.001563 0.059375
12 0.617969 0.366406 0.023438 0.060937
9 0.580469 0.335938 0.001563 0.065625
9 0.533594 0.335938 0.001563 0.065625
12 0.478906 0.366406 0.023438 0.060937
9 0.442969 0.335938 0.001563 0.065625
9 0.396094 0.335938 0.001563 0.065625
15 0.328906 0.337500 0.017188 0.062500
9 0.321094 0.339062 0.001563 0.059375
15 0.225781 0.337500 0.017188 0.062500
9 0.217969 0.339062 0.001563 0.059375
12 0.107031 0.366406 0.023438 0.060937
9 0.069531 0.335938 0.001563 0.065625
9 0.022656 0.335938 0.001563 0.065625
0 0.821875 0.373437 0.021875 0.018750
0 0.720313 0.373437 0.021875 0.018750
0 0.571875 0.373437 0.021875 0.018750
0 0.523438 0.373437 0.021875 0.018750
0 0.432812 0.373437 0.021875 0.018750
0 0.387500 0.373437 0.021875 0.018750
0 0.310937 0.373437 0.021875 0.018750
0 0.207813 0.373437 0.021875 0.018750
0 0.060937 0.373437 0.021875 0.018750
0 0.012500 0.373437 0.021875 0.018750
