10 0.525000 0.325781 0.068750 0.020313
10 0.163281 0.325781 0.035937 0.020313
9 0.825000 0.364844 0.003125 0.067187
9 0.445312 0.364844 0.003125 0.067187
9 0.065625 0.364844 0.003125 0.067187
9 0.928906 0.342969 0.001563 0.051562
12 0.857812 0.367188 0.015625 0.028125
8 0.878125 0.356250 0.006250 0.006250
12 0.764844 0.364844 0.017188 0.048438
9 0.733594 0.342969 0.001563 0.051562
9 0.658594 0.342969 0.001563 0.051562
9 0.558594 0.342187 0.001563 0.053125
9 0.524219 0.342187 0.001563 0.053125
9 0.491406 0.342187 0.001563 0.053125
12 0.385156 0.364844 0.017188 0.048438
9 0.355469 0.342969 0.001563 0.051562
9 0.280469 0.342969 0.001563 0.051562
9 0.178906 0.342187 0.001563 0.053125
9 0.146094 0.342187 0.001563 0.053125
12 0.007031 0.364844 0.014063 0.048438
0 0.992188 0.373437 0.015625 0.018750
0 0.918750 0.373437 0.021875 0.018750
0 0.725000 0.373437 0.021875 0.018750
0 0.650000 0.373437 0.021875 0.018750
0 0.548438 0.373437 0.021875 0.018750
0 0.515625 0.373437 0.021875 0.018750
0 0.481250 0.373437 0.021875 0.018750
0 0.345313 0.373437 0.021875 0.018750
0 0.270313 0.373437 0.021875 0.018750
0 0.170313 0.373437 0.021875 0.018750
0 0.135937 0.373437 0.021875 0.018750
