7 0.262500 0.366406 0.043750 0.114062
10 0.918750 0.319531 0.078125 0.032813
10 0.573438 0.319531 0.078125 0.032813
10 0.439063 0.319531 0.040625 0.032813
9 0.796875 0.364844 0.003125 0.067187
12 0.986719 0.366406 0.023438 0.060937
9 0.957031 0.335938 0.001563 0.065625
9 0.919531 0.335938 0.001563 0.065625
9 0.880469 0.335938 0.001563 0.065625
12 0.833594 0.366406 0.023438 0.060937
15 0.774219 0.337500 0.017188 0.062500
9 0.766406 0.339062 0.001563 0.059375
12 0.719531 0.366406 0.023438 0.060937
15 0.696094 0.337500 0.017188 0.062500
9 0.688281 0.339062 0.001563 0.059375
12 0.641406 0.366406 0.023438 0.060937
9 0.611719 0.335938 0.001563 0.065625
9 0.572656 0.335938 0.001563 0.065625
9 0.535156 0.335938 0.001563 0.065625
12 0.488281 0.366406 0.023438 0.060937
9 0.458594 0.335938 0.001563 0.065625
9 0.419531 0.335938 0.001563 0.065625
12 0.374219 0.366406 0.023438 0.060937
15 0.349219 0.337500 0.017188 0.062500
9 0.341406 0.339062 0.001563 0.059375
0 0.948438 0.373437 0.021875 0.018750
0 0.909375 0.373437 0.021875 0.018750
0 0.871875 0.373437 0.021875 0.018750
0 0.757812 0.373437 0.021875 0.018750
0 0.678125 0.373437 0.021875 0.018750
0 0.601562 0.373437 0.021875 0.018750
0 0.564063 0.373437 0.021875 0.018750
0 0.525000 0.373437 0.021875 0.018750
0 0.448437 0.373437 0.021875 0.018750
0 0.410938 0.373437 0.021875 0.018750
0 0.332813 0.373437 0.021875 0.018750
