10 0.770312 0.319531 0.134375 0.032813
10 0.250000 0.319531 0.134375 0.032813
9 0.860938 0.364844 0.003125 0.067187
9 0.340625 0.364844 0.003125 0.067187
9 0.836719 0.335938 0.001563 0.065625
9 0.792969 0.335938 0.001563 0.065625
9 0.749219 0.335938 0.001563 0.065625
9 0.703906 0.335938 0.001563 0.065625
12 0.652344 0.366406 0.023438 0.060937
15 0.624219 0.337500 0.017188 0.062500
9 0.616406 0.339062 0.001563 0.059375
12 0.508594 0.366406 0.023438 0.060937
15 0.482031 0.337500 0.017188 0.062500
9 0.474219 0.339062 0.001563 0.059375
12 0.421094 0.366406 0.023438 0.060937
15 0.394531 0.337500 0.017188 0.062500
9 0.386719 0.339062 0.001563 0.059375
9 0.314844 0.335938 0.001563 0.065625
9 0.271094 0.335938 0.001563 0.065625
9 0.227344 0.335938 0.001563 0.065625
9 0.183594 0.335938 0.001563 0.065625
12 0.130469 0.366406 0.023438 0.060937
15 0.102344 0.337500 0.017188 0.062500
9 0.094531 0.339062 0.001563 0.059375
0 0.826562 0.373437 0.021875 0.018750
0 0.782813 0.373437 0.021875 0.018750
0 0.739062 0.373437 0.021875 0.018750
0 0.695312 0.373437 0.021875 0.018750
0 0.607812 0.373437 0.021875 0.018750
0 0.464062 0.373437 0.021875 0.018750
0 0.376563 0.373437 0.021875 0.018750
0 0.304688 0.373437 0.021875 0.018750
0 0.260937 0.373437 0.021875 0.018750
0 0.217188 0.373437 0.021875 0.018750
0 0.173437 0.373437 0.021875 0.018750
0 0.085938 0.373437 0.021875 0.018750
