10 0.713281 0.319531 0.048438 0.032813
10 0.191406 0.319531 0.048438 0.032813
9 0.860938 0.364844 0.003125 0.067187
9 0.339062 0.364844 0.003125 0.067187
15 0.839844 0.337500 0.017188 0.062500
9 0.832031 0.339062 0.001563 0.059375
12 0.775781 0.366406 0.023438 0.060937
9 0.738281 0.335938 0.001563 0.065625
9 0.689844 0.335938 0.001563 0.065625
15 0.592969 0.337500 0.017188 0.062500
9 0.585156 0.339062 0.001563 0.059375
12 0.528906 0.366406 0.023438 0.060937
15 0.439844 0.337500 0.017188 0.062500
9 0.432031 0.339062 0.001563 0.059375
12 0.375781 0.366406 0.023438 0.060937
15 0.316406 0.337500 0.017188 0.062500
9 0.308594 0.339062 0.001563 0.059375
12 0.253906 0.366406 0.023438 0.060937
9 0.214844 0.335938 0.001563 0.065625
9 0.167969 0.335938 0.001563 0.065625
15 0.069531 0.337500 0.017188 0.062500
9 0.061719 0.339062 0.001563 0.059375
12 0.009375 0.366406 0.018750 0.060937
0 0.821875 0.373437 0.021875 0.018750
0 0.728125 0.373437 0.021875 0.018750
0 0.681250 0.373437 0.021875 0.018750
0 0.575000 0.373437 0.021875 0.018750
0 0.421875 0.373437 0.021875 0.018750
0 0.300000 0.373437 0.021875 0.018750
0 0.204687 0.373437 0.021875 0.018750
0 0.157812 0.373437 0.021875 0.018750
0 0.053125 0.373437 0.021875 0.018750
