10 0.614844 0.325781 0.117188 0.020313
10 0.500000 0.325781 0.040625 0.020313
10 0.133594 0.325781 0.117188 0.020313
9 0.860938 0.364844 0.003125 0.067187
9 0.379688 0.364844 0.003125 0.067187
9 0.830469 0.342969 0.001563 0.051562
9 0.750781 0.342969 0.001563 0.051562
9 0.672656 0.342187 0.001563 0.053125
9 0.635156 0.342187 0.001563 0.053125
9 0.596094 0.342187 0.001563 0.053125
9 0.557031 0.342187 0.001563 0.053125
9 0.519531 0.342187 0.001563 0.053125
9 0.480469 0.342187 0.001563 0.053125
12 0.414062 0.367188 0.015625 0.028125
9 0.349219 0.342969 0.001563 0.051562
9 0.269531 0.342969 0.001563 0.051562
9 0.191406 0.342187 0.001563 0.053125
9 0.153906 0.342187 0.001563 0.053125
9 0.114844 0.342187 0.001563 0.053125
9 0.075781 0.342187 0.001563 0.053125
9 0.035156 0.342969 0.001563 0.051562
0 0.821875 0.373437 0.021875 0.018750
0 0.740625 0.373437 0.021875 0.018750
0 0.664062 0.373437 0.021875 0.018750
0 0.625000 0.373437 0.021875 0.018750
0 0.587500 0.373437 0.021875 0.018750
0 0.548438 0.373437 0.021875 0.018750
0 0.509375 0.373437 0.021875 0.018750
0 0.471875 0.373437 0.021875 0.018750
0 0.339062 0.373437 0.021875 0.018750
0 0.259375 0.373437 0.021875 0.018750
0 0.182812 0.373437 0.021875 0.018750
0 0.143750 0.373437 0.021875 0.018750
0 0.104688 0.373437 0.021875 0.018750
0 0.067187 0.373437 0.021875 0.018750
0 0.025000 0.373437 0.021875 0.018750
