10 0.812500 0.319531 0.046875 0.032813
10 0.621875 0.319531 0.046875 0.032813
10 0.379688 0.319531 0.046875 0.032813
10 0.060937 0.319531 0.121875 0.032813
9 0.860938 0.364844 0.003125 0.067187
9 0.428125 0.364844 0.003125 0.067187
9 0.835156 0.335938 0.001563 0.065625
9 0.789844 0.335938 0.001563 0.065625
12 0.680469 0.366406 0.023438 0.060937
9 0.644531 0.335938 0.001563 0.065625
9 0.599219 0.335938 0.001563 0.065625
12 0.546094 0.366406 0.023438 0.060937
12 0.462500 0.367188 0.015625 0.028125
9 0.402344 0.335938 0.001563 0.065625
9 0.357031 0.335938 0.001563 0.065625
12 0.247656 0.366406 0.023438 0.060937
15 0.219531 0.337500 0.017188 0.062500
9 0.211719 0.339062 0.001563 0.059375
12 0.158594 0.366406 0.023438 0.060937
9 0.121094 0.335938 0.001563 0.065625
9 0.077344 0.335938 0.001563 0.065625
9 0.032031 0.335938 0.001563 0.065625
0 0.826562 0.373437 0.021875 0.018750
0 0.781250 0.373437 0.021875 0.018750
0 0.634375 0.373437 0.021875 0.018750
0 0.590625 0.373437 0.021875 0.018750
0 0.393750 0.373437 0.021875 0.018750
0 0.348438 0.373437 0.021875 0.018750
0 0.201563 0.373437 0.021875 0.018750
0 0.112500 0.373437 0.021875 0.018750
0 0.067187 0.373437 0.021875 0.018750
0 0.021875 0.373437 0.021875 0.018750
