7 0.262500 0.366406 0.043750 0.114062
10 0.871094 0.325781 0.039062 0.020313
9 0.806250 0.364844 0.003125 0.067187
9 0.964844 0.342969 0.001563 0.051562
9 0.889844 0.342187 0.001563 0.053125
9 0.852344 0.342187 0.001563 0.053125
9 0.775781 0.342969 0.001563 0.051562
9 0.696094 0.342969 0.001563 0.051562
9 0.578906 0.342969 0.001563 0.051562
9 0.538281 0.342969 0.001563 0.051562
9 0.458594 0.342969 0.001563 0.051562
9 0.378906 0.342969 0.001563 0.051562
0 0.956250 0.373437 0.021875 0.018750
0 0.881250 0.373437 0.021875 0.018750
0 0.843750 0.373437 0.021875 0.018750
0 0.765625 0.373437 0.021875 0.018750
0 0.687500 0.373437 0.021875 0.018750
0 0.570312 0.373437 0.021875 0.018750
0 0.528125 0.373437 0.021875 0.018750
0 0.448437 0.373437 0.021875 0.018750
0 0.370312 0.373437 0.021875 0.018750
