10 0.653125 0.325781 0.043750 0.020313
10 0.126562 0.325781 0.043750 0.020313
9 0.860938 0.364844 0.003125 0.067187
9 0.335938 0.364844 0.003125 0.067187
9 0.797656 0.342969 0.001563 0.051562
9 0.714844 0.342969 0.001563 0.051562
9 0.672656 0.342187 0.001563 0.053125
9 0.632031 0.342187 0.001563 0.053125
9 0.549219 0.342969 0.001563 0.051562
9 0.507031 0.342969 0.001563 0.051562
9 0.424219 0.342969 0.001563 0.051562
9 0.271094 0.342969 0.001563 0.051562
9 0.188281 0.342969 0.001563 0.051562
9 0.147656 0.342187 0.001563 0.053125
9 0.105469 0.342187 0.001563 0.053125
9 0.022656 0.342969 0.001563 0.051562
0 0.787500 0.373437 0.021875 0.018750
0 0.704688 0.373437 0.021875 0.018750
0 0.664062 0.373437 0.021875 0.018750
0 0.621875 0.373437 0.021875 0.018750
0 0.539062 0.373437 0.021875 0.018750
0 0.496875 0.373437 0.021875 0.018750
0 0.414062 0.373437 0.021875 0.018750
0 0.262500 0.373437 0.021875 0.018750
0 0.179688 0.373437 0.021875 0.018750
0 0.137500 0.373437 0.021875 0.018750
0 0.096875 0.373437 0.021875 0.018750
0 0.014063 0.373437 0.021875 0.018750
