10 0.819531 0.325781 0.042188 0.020313
10 0.539844 0.325781 0.042188 0.020313
10 0.430469 0.325781 0.042188 0.020313
10 0.039844 0.325781 0.042188 0.020313
9 0.860938 0.364844 0.003125 0.067187
9 0.473438 0.364844 0.003125 0.067187
9 0.082812 0.364844 0.003125 0.067187
9 0.839844 0.342187 0.001563 0.053125
9 0.799219 0.342187 0.001563 0.053125
12 0.728125 0.367188 0.015625 0.028125
12 0.647656 0.364844 0.017188 0.048438
12 0.589063 0.367188 0.015625 0.028125
9 0.560156 0.342187 0.001563 0.053125
9 0.519531 0.342187 0.001563 0.053125
9 0.450781 0.342187 0.001563 0.053125
9 0.410156 0.342187 0.001563 0.053125
12 0.339062 0.367188 0.015625 0.028125
12 0.258594 0.364844 0.017188 0.048438
12 0.200000 0.367188 0.015625 0.028125
9 0.169531 0.342969 0.001563 0.051562
9 0.060156 0.342187 0.001563 0.053125
9 0.019531 0.342187 0.001563 0.053125
0 0.829688 0.373437 0.021875 0.018750
0 0.789062 0.373437 0.021875 0.018750
0 0.550000 0.373437 0.021875 0.018750
0 0.509375 0.373437 0.021875 0.018750
0 0.440625 0.373437 0.021875 0.018750
0 0.400000 0.373437 0.021875 0.018750
0 0.160938 0.373437 0.021875 0.018750
0 0.051562 0.373437 0.021875 0.018750
0 0.010937 0.373437 0.021875 0.018750
