10 0.935156 0.319531 0.045312 0.032813
10 0.413281 0.319531 0.045312 0.032813
9 0.648438 0.364844 0.003125 0.067187
9 0.159375 0.364844 0.003125 0.067187
12 0.990625 0.366406 0.018750 0.060937
9 0.957031 0.335938 0.001563 0.065625
9 0.913281 0.335938 0.001563 0.065625
12 0.861719 0.366406 0.023438 0.060937
12 0.816406 0.366406 0.023438 0.060937
15 0.789844 0.337500 0.017188 0.062500
9 0.782031 0.339062 0.001563 0.059375
12 0.728906 0.366406 0.023438 0.060937
15 0.702344 0.337500 0.017188 0.062500
9 0.694531 0.339062 0.001563 0.059375
12 0.613281 0.366406 0.023438 0.060937
15 0.586719 0.337500 0.017188 0.062500
9 0.578906 0.339062 0.001563 0.059375
12 0.471094 0.366406 0.023438 0.060937
9 0.435156 0.335938 0.001563 0.065625
9 0.391406 0.335938 0.001563 0.065625
12 0.339844 0.366406 0.023438 0.060937
12 0.296094 0.366406 0.023438 0.060937
15 0.267969 0.337500 0.017188 0.062500
9 0.260156 0.339062 0.001563 0.059375
12 0.125781 0.366406 0.023438 0.060937
15 0.097656 0.337500 0.017188 0.062500
9 0.089844 0.339062 0.001563 0.059375
0 0.948438 0.373437 0.021875 0.018750
0 0.904687 0.373437 0.021875 0.018750
0 0.771875 0.373437 0.021875 0.018750
0 0.684375 0.373437 0.021875 0.018750
0 0.568750 0.373437 0.021875 0.018750
0 0.426563 0.373437 0.021875 0.018750
0 0.382812 0.373437 0.021875 0.018750
0 0.251563 0.373437 0.021875 0.018750
0 0.081250 0.373437 0.021875 0.018750
