7 0.262500 0.366406 0.043750 0.114062
10 0.952344 0.319531 0.054688 0.007812
10 0.849219 0.319531 0.054688 0.007812
10 0.603906 0.319531 0.054688 0.007812
9 0.735938 0.364844 0.003125 0.067187
9 0.531250 0.364844 0.003125 0.067187
9 0.977344 0.342187 0.001563 0.053125
9 0.925781 0.342187 0.001563 0.053125
9 0.874219 0.342187 0.001563 0.053125
9 0.822656 0.342187 0.001563 0.053125
12 0.669531 0.364844 0.017188 0.048438
9 0.628906 0.342187 0.001563 0.053125
9 0.577344 0.342187 0.001563 0.053125
12 0.484375 0.367188 0.015625 0.028125
15 0.453906 0.342187 0.017188 0.053125
9 0.446094 0.343750 0.001563 0.053125
12 0.381250 0.367188 0.015625 0.028125
15 0.349219 0.342187 0.017188 0.053125
9 0.341406 0.343750 0.001563 0.053125
15 0.756250 0.380469 0.028125 0.032813
15 0.756250 0.347656 0.025000 0.032813
0 0.968750 0.373437 0.021875 0.018750
0 0.917188 0.373437 0.021875 0.018750
0 0.864062 0.373437 0.021875 0.018750
0 0.812500 0.373437 0.021875 0.018750
0 0.620313 0.373437 0.021875 0.018750
0 0.567187 0.373437 0.021875 0.018750
0 0.435937 0.373437 0.021875 0.018750
0 0.332813 0.373437 0.021875 0.018750
