10 0.504687 0.325781 0.046875 0.020313
14 0.648438 0.364844 0.003125 0.067187
14 0.128125 0.364844 0.003125 0.067187
9 0.913281 0.342969 0.001563 0.051562
11 0.835938 0.367188 0.015625 0.028125
11 0.771875 0.367188 0.015625 0.028125
9 0.739844 0.342969 0.001563 0.051562
9 0.617969 0.342969 0.001563 0.051562
9 0.527344 0.342187 0.001563 0.053125
9 0.482031 0.342187 0.001563 0.053125
9 0.391406 0.342969 0.001563 0.051562
11 0.315625 0.367188 0.015625 0.028125
11 0.251563 0.367188 0.015625 0.028125
9 0.174219 0.342969 0.001563 0.051562
9 0.096094 0.342969 0.001563 0.051562
9 0.005469 0.342187 0.001563 0.053125
0 0.991406 0.373437 0.017188 0.018750
0 0.903125 0.373437 0.021875 0.018750
0 0.729688 0.373437 0.021875 0.018750
0 0.607812 0.373437 0.021875 0.018750
0 0.517188 0.373437 0.021875 0.018750
0 0.471875 0.373437 0.021875 0.018750
0 0.382812 0.373437 0.021875 0.018750
0 0.164062 0.373437 0.021875 0.018750
0 0.087500 0.373437 0.021875 0.018750
0 0.003906 0.373437 0.007812 0.018750
