10 0.966406 0.325781 0.067187 0.020313
10 0.578125 0.325781 0.068750 0.020313
10 0.189062 0.325781 0.068750 0.020313
9 0.779687 0.364844 0.003125 0.067187
9 0.390625 0.364844 0.003125 0.067187
9 0.051562 0.364844 0.003125 0.067187
9 0.967969 0.342187 0.001563 0.053125
9 0.933594 0.342187 0.001563 0.053125
9 0.858594 0.342969 0.001563 0.051562
9 0.749219 0.342969 0.001563 0.051562
12 0.678125 0.367188 0.015625 0.028125
8 0.698438 0.356250 0.006250 0.006250
12 0.631250 0.367188 0.015625 0.028125
9 0.611719 0.342187 0.001563 0.053125
9 0.577344 0.342187 0.001563 0.053125
9 0.544531 0.342187 0.001563 0.053125
9 0.436719 0.342969 0.001563 0.051562
9 0.358594 0.342969 0.001563 0.051562
12 0.289062 0.367188 0.015625 0.028125
8 0.309375 0.356250 0.006250 0.006250
12 0.242188 0.367188 0.015625 0.028125
9 0.221094 0.342187 0.001563 0.053125
9 0.188281 0.342187 0.001563 0.053125
9 0.155469 0.342187 0.001563 0.053125
12 0.084375 0.367188 0.015625 0.028125
8 0.104688 0.356250 0.006250 0.006250
9 0.021094 0.342969 0.001563 0.051562
0 0.989844 0.373437 0.020313 0.018750
0 0.957812 0.373437 0.021875 0.018750
0 0.925000 0.373437 0.021875 0.018750
0 0.850000 0.373437 0.021875 0.018750
0 0.739062 0.373437 0.021875 0.018750
0 0.601562 0.373437 0.021875 0.018750
0 0.568750 0.373437 0.021875 0.018750
0 0.535937 0.373437 0.021875 0.018750
0 0.426563 0.373437 0.021875 0.018750
0 0.350000 0.373437 0.021875 0.018750
0 0.212500 0.373437 0.021875 0.018750
0 0.179688 0.373437 0.021875 0.018750
0 0.145313 0.373437 0.021875 0.018750
0 0.010937 0.373437 0.021875 0.018750
