7 0.232813 0.977344 0.043750 0.045312
7 0.232813 0.688281 0.043750 0.114062
7 0.232813 0.527344 0.043750 0.114062
7 0.232813 0.850781 0.043750 0.114062
7 0.232813 0.366406 0.043750 0.114062
10 0.460156 0.319531 0.389062 0.007812
10 0.632812 0.488281 0.734375 0.020313
10 0.632812 0.642969 0.734375 0.032813
10 0.632812 0.798438 0.734375 0.043750
10 0.632812 0.953125 0.734375 0.056250
9 0.201563 0.665625 0.003125 0.668750
9 0.999219 0.962500 0.001563 0.075000
9 0.930469 0.962500 0.001563 0.075000
9 0.861719 0.962500 0.001563 0.075000
9 0.792969 0.962500 0.001563 0.075000
9 0.724219 0.962500 0.001563 0.075000
9 0.655469 0.962500 0.001563 0.075000
9 0.586719 0.962500 0.001563 0.075000
9 0.517969 0.962500 0.001563 0.075000
9 0.447656 0.962500 0.001563 0.075000
9 0.378906 0.962500 0.001563 0.075000
9 0.310156 0.962500 0.001563 0.075000
9 0.930469 0.815625 0.001563 0.078125
9 0.792969 0.815625 0.001563 0.078125
9 0.655469 0.815625 0.001563 0.078125
9 0.517969 0.815625 0.001563 0.078125
9 0.378906 0.815625 0.001563 0.078125
9 0.930469 0.659375 0.001563 0.065625
9 0.655469 0.659375 0.001563 0.065625
9 0.378906 0.659375 0.001563 0.065625
9 0.655469 0.504687 0.001563 0.053125
9 0.655469 0.342187 0.001563 0.053125
0 0.920312 0.857812 0.021875 0.018750
0 0.782813 0.857812 0.021875 0.018750
0 0.645312 0.857812 0.021875 0.018750
0 0.507812 0.857812 0.021875 0.018750
0 0.370312 0.857812 0.021875 0.018750
0 0.920312 0.695312 0.021875 0.018750
0 0.645312 0.695312 0.021875 0.018750
0 0.370312 0.695312 0.021875 0.018750
0 0.645312 0.534375 0.021875 0.018750
0 0.645312 0.373437 0.021875 0.018750
