10 0.672656 0.319531 0.417187 0.007812
10 0.732031 0.488281 0.535937 0.020313
10 0.128906 0.488281 0.257812 0.020313
10 0.732031 0.642969 0.535937 0.032813
10 0.180469 0.642969 0.360938 0.032813
10 0.732031 0.798438 0.535937 0.043750
10 0.206250 0.798438 0.412500 0.043750
10 0.732031 0.953125 0.535937 0.056250
10 0.219531 0.953125 0.439063 0.056250
9 0.983594 0.962500 0.001563 0.075000
9 0.957031 0.962500 0.001563 0.075000
9 0.932031 0.962500 0.001563 0.075000
9 0.905469 0.962500 0.001563 0.075000
9 0.880469 0.962500 0.001563 0.075000
9 0.853906 0.962500 0.001563 0.075000
9 0.827344 0.962500 0.001563 0.075000
9 0.802344 0.962500 0.001563 0.075000
9 0.775781 0.962500 0.001563 0.075000
9 0.750781 0.962500 0.001563 0.075000
9 0.724219 0.962500 0.001563 0.075000
9 0.697656 0.962500 0.001563 0.075000
9 0.672656 0.962500 0.001563 0.075000
9 0.646094 0.962500 0.001563 0.075000
9 0.619531 0.962500 0.001563 0.075000
9 0.594531 0.962500 0.001563 0.075000
9 0.567969 0.962500 0.001563 0.075000
9 0.542969 0.962500 0.001563 0.075000
9 0.516406 0.962500 0.001563 0.075000
9 0.489844 0.962500 0.001563 0.075000
9 0.464844 0.962500 0.001563 0.075000
9 0.438281 0.962500 0.001563 0.075000
9 0.413281 0.962500 0.001563 0.075000
9 0.386719 0.962500 0.001563 0.075000
9 0.360156 0.962500 0.001563 0.075000
9 0.335156 0.962500 0.001563 0.075000
9 0.308594 0.962500 0.001563 0.075000
9 0.283594 0.962500 0.001563 0.075000
9 0.257031 0.962500 0.001563 0.075000
9 0.230469 0.962500 0.001563 0.075000
9 0.205469 0.962500 0.001563 0.075000
9 0.178906 0.962500 0.001563 0.075000
9 0.152344 0.962500 0.001563 0.075000
9 0.127344 0.962500 0.001563 0.075000
9 0.100781 0.962500 0.001563 0.075000
9 0.075781 0.962500 0.001563 0.075000
9 0.049219 0.962500 0.001563 0.075000
9 0.022656 0.962500 0.001563 0.075000
9 0.983594 0.815625 0.001563 0.078125
9 0.932031 0.815625 0.001563 0.078125
9 0.880469 0.815625 0.001563 0.078125
9 0.827344 0.815625 0.001563 0.078125
9 0.775781 0.815625 0.001563 0.078125
9 0.724219 0.815625 0.001563 0.078125
9 0.672656 0.815625 0.001563 0.078125
9 0.619531 0.815625 0.001563 0.078125
9 0.567969 0.815625 0.001563 0.078125
9 0.516406 0.815625 0.001563 0.078125
9 0.464844 0.815625 0.001563 0.078125
9 0.413281 0.815625 0.001563 0.078125
9 0.360156 0.815625 0.001563 0.078125
9 0.308594 0.815625 0.001563 0.078125
9 0.257031 0.815625 0.001563 0.078125
9 0.205469 0.815625 0.001563 0.078125
9 0.152344 0.815625 0.001563 0.078125
9 0.100781 0.815625 0.001563 0.078125
9 0.049219 0.815625 0.001563 0.078125
9 0.983594 0.659375 0.001563 0.065625
9 0.880469 0.659375 0.001563 0.065625
9 0.775781 0.659375 0.001563 0.065625
9 0.672656 0.659375 0.001563 0.065625
9 0.567969 0.659375 0.001563 0.065625
9 0.464844 0.659375 0.001563 0.065625
9 0.360156 0.659375 0.001563 0.065625
9 0.257031 0.659375 0.001563 0.065625
9 0.152344 0.659375 0.001563 0.065625
9 0.049219 0.659375 0.001563 0.065625
9 0.880469 0.504687 0.001563 0.053125
9 0.672656 0.504687 0.001563 0.053125
9 0.464844 0.504687 0.001563 0.053125
9 0.257031 0.504687 0.001563 0.053125
9 0.049219 0.504687 0.001563 0.053125
9 0.880469 0.342187 0.001563 0.053125
9 0.464844 0.342187 0.001563 0.053125
9 0.049219 0.342187 0.001563 0.053125
0 0.975000 0.857812 0.021875 0.018750
0 0.921875 0.857812 0.021875 0.018750
0 0.870313 0.857812 0.021875 0.018750
0 0.818750 0.857812 0.021875 0.018750
0 0.767188 0.857812 0.021875 0.018750
0 0.714063 0.857812 0.021875 0.018750
0 0.662500 0.857812 0.021875 0.018750
0 0.610938 0.857812 0.021875 0.018750
0 0.559375 0.857812 0.021875 0.018750
0 0.507812 0.857812 0.021875 0.018750
0 0.454688 0.857812 0.021875 0.018750
0 0.403125 0.857812 0.021875 0.018750
0 0.351562 0.857812 0.021875 0.018750
0 0.300000 0.857812 0.021875 0.018750
0 0.246875 0.857812 0.021875 0.018750
0 0.195312 0.857812 0.021875 0.018750
0 0.143750 0.857812 0.021875 0.018750
0 0.092188 0.857812 0.021875 0.018750
0 0.040625 0.857812 0.021875 0.018750
0 0.975000 0.695312 0.021875 0.018750
0 0.870313 0.695312 0.021875 0.018750
0 0.767188 0.695312 0.021875 0.018750
0 0.662500 0.695312 0.021875 0.018750
0 0.559375 0.695312 0.021875 0.018750
0 0.454688 0.695312 0.021875 0.018750
0 0.351562 0.695312 0.021875 0.018750
0 0.246875 0.695312 0.021875 0.018750
0 0.143750 0.695312 0.021875 0.018750
0 0.040625 0.695312 0.021875 0.018750
0 0.870313 0.534375 0.021875 0.018750
0 0.662500 0.534375 0.021875 0.018750
0 0.454688 0.534375 0.021875 0.018750
0 0.246875 0.534375 0.021875 0.018750
0 0.040625 0.534375 0.021875 0.018750
0 0.870313 0.373437 0.021875 0.018750
0 0.454688 0.373437 0.021875 0.018750
0 0.040625 0.373437 0.021875 0.018750
