10 0.876563 0.319531 0.087500 0.032813
10 0.727344 0.319531 0.045312 0.032813
10 0.613281 0.319531 0.045312 0.032813
10 0.367188 0.319531 0.087500 0.032813
10 0.103906 0.319531 0.045312 0.032813
9 0.659375 0.364844 0.003125 0.067187
9 0.148438 0.364844 0.003125 0.067187
9 0.919531 0.335938 0.001563 0.065625
9 0.877344 0.335938 0.001563 0.065625
9 0.833594 0.335938 0.001563 0.065625
12 0.782031 0.366406 0.023438 0.060937
9 0.747656 0.335938 0.001563 0.065625
9 0.705469 0.335938 0.001563 0.065625
9 0.635156 0.335938 0.001563 0.065625
9 0.591406 0.335938 0.001563 0.065625
12 0.539844 0.366406 0.023438 0.060937
15 0.513281 0.337500 0.017188 0.062500
9 0.505469 0.339062 0.001563 0.059375
9 0.408594 0.335938 0.001563 0.065625
9 0.366406 0.335938 0.001563 0.065625
9 0.324219 0.335938 0.001563 0.065625
12 0.272656 0.366406 0.023438 0.060937
15 0.246094 0.337500 0.017188 0.062500
9 0.238281 0.339062 0.001563 0.059375
12 0.186719 0.366406 0.023438 0.060937
9 0.124219 0.335938 0.001563 0.065625
9 0.082031 0.335938 0.001563 0.065625
12 0.030469 0.366406 0.023438 0.060937
15 0.006250 0.337500 0.012500 0.062500
0 0.910937 0.373437 0.021875 0.018750
0 0.867188 0.373437 0.021875 0.018750
0 0.825000 0.373437 0.021875 0.018750
0 0.739062 0.373437 0.021875 0.018750
0 0.695312 0.373437 0.021875 0.018750
0 0.625000 0.373437 0.021875 0.018750
0 0.582812 0.373437 0.021875 0.018750
0 0.496875 0.373437 0.021875 0.018750
0 0.400000 0.373437 0.021875 0.018750
0 0.357812 0.373437 0.021875 0.018750
0 0.314063 0.373437 0.021875 0.018750
0 0.228125 0.373437 0.021875 0.018750
0 0.115625 0.373437 0.021875 0.018750
0 0.071875 0.373437 0.021875 0.018750
