10 0.469531 0.325781 0.048438 0.020313
14 0.860938 0.364844 0.003125 0.067187
14 0.353125 0.364844 0.003125 0.067187
9 0.830469 0.342969 0.001563 0.051562
11 0.735938 0.367188 0.015625 0.028125
8 0.756250 0.356250 0.006250 0.006250
9 0.700781 0.342969 0.001563 0.051562
11 0.621875 0.367188 0.015625 0.028125
9 0.588281 0.342969 0.001563 0.051562
9 0.492969 0.342187 0.001563 0.053125
9 0.446094 0.342187 0.001563 0.053125
9 0.321094 0.342969 0.001563 0.051562
11 0.226562 0.367188 0.015625 0.028125
8 0.246875 0.356250 0.006250 0.006250
9 0.192969 0.342969 0.001563 0.051562
11 0.114062 0.367188 0.015625 0.028125
9 0.078906 0.342969 0.001563 0.051562
0 0.821875 0.373437 0.021875 0.018750
0 0.692187 0.373437 0.021875 0.018750
0 0.578125 0.373437 0.021875 0.018750
0 0.484375 0.373437 0.021875 0.018750
0 0.435937 0.373437 0.021875 0.018750
0 0.312500 0.373437 0.021875 0.018750
0 0.182812 0.373437 0.021875 0.018750
0 0.068750 0.373437 0.021875 0.018750
