10 0.636719 0.325781 0.045312 0.020313
10 0.087500 0.325781 0.175000 0.020313
9 0.860938 0.364844 0.003125 0.067187
9 0.464062 0.364844 0.003125 0.067187
9 0.830469 0.342969 0.001563 0.051562
9 0.744531 0.342969 0.001563 0.051562
9 0.658594 0.342187 0.001563 0.053125
9 0.614844 0.342187 0.001563 0.053125
12 0.497656 0.364844 0.017188 0.048438
8 0.518750 0.356250 0.006250 0.006250
9 0.432031 0.342969 0.001563 0.051562
9 0.346094 0.342969 0.001563 0.051562
9 0.260156 0.342969 0.001563 0.051562
9 0.174219 0.342187 0.001563 0.053125
9 0.132031 0.342187 0.001563 0.053125
9 0.088281 0.342187 0.001563 0.053125
9 0.046094 0.342187 0.001563 0.053125
9 0.002344 0.342187 0.001563 0.053125
0 0.821875 0.373437 0.021875 0.018750
0 0.734375 0.373437 0.021875 0.018750
0 0.648438 0.373437 0.021875 0.018750
0 0.606250 0.373437 0.021875 0.018750
0 0.423438 0.373437 0.021875 0.018750
0 0.337500 0.373437 0.021875 0.018750
0 0.251563 0.373437 0.021875 0.018750
0 0.165625 0.373437 0.021875 0.018750
0 0.121875 0.373437 0.021875 0.018750
0 0.079687 0.373437 0.021875 0.018750
0 0.035937 0.373437 0.021875 0.018750
