7 0.262500 0.366406 0.043750 0.114062
10 0.707812 0.325781 0.046875 0.020313
9 0.756250 0.364844 0.003125 0.067187
12 0.881250 0.367188 0.015625 0.028125
9 0.802344 0.342969 0.001563 0.051562
9 0.730469 0.342187 0.001563 0.053125
9 0.685156 0.342187 0.001563 0.053125
9 0.594531 0.342969 0.001563 0.051562
12 0.517188 0.367188 0.015625 0.028125
9 0.483594 0.342969 0.001563 0.051562
12 0.393750 0.367188 0.015625 0.028125
8 0.412500 0.356250 0.006250 0.006250
12 0.329688 0.367188 0.015625 0.028125
0 0.991406 0.373437 0.017188 0.018750
0 0.793750 0.373437 0.021875 0.018750
0 0.720313 0.373437 0.021875 0.018750
0 0.675000 0.373437 0.021875 0.018750
0 0.584375 0.373437 0.021875 0.018750
0 0.475000 0.373437 0.021875 0.018750
