10 0.959375 0.325781 0.081250 0.020313
10 0.464844 0.325781 0.095312 0.020313
10 0.021094 0.325781 0.042188 0.020313
9 0.668750 0.364844 0.003125 0.067187
9 0.198437 0.364844 0.003125 0.067187
9 0.964844 0.342187 0.001563 0.053125
9 0.919531 0.342187 0.001563 0.053125
9 0.825781 0.342969 0.001563 0.051562
12 0.748437 0.367188 0.015625 0.028125
9 0.714844 0.342969 0.001563 0.051562
9 0.636719 0.342969 0.001563 0.051562
12 0.543750 0.367188 0.015625 0.028125
8 0.564063 0.356250 0.006250 0.006250
9 0.510156 0.342187 0.001563 0.053125
9 0.464844 0.342187 0.001563 0.053125
9 0.417969 0.342187 0.001563 0.053125
9 0.325781 0.342969 0.001563 0.051562
12 0.232813 0.367188 0.015625 0.028125
8 0.251563 0.356250 0.006250 0.006250
9 0.167969 0.342969 0.001563 0.051562
12 0.075000 0.367188 0.015625 0.028125
8 0.093750 0.356250 0.006250 0.006250
9 0.041406 0.342187 0.001563 0.053125
0 0.996094 0.373437 0.007812 0.018750
0 0.956250 0.373437 0.021875 0.018750
0 0.909375 0.373437 0.021875 0.018750
0 0.817187 0.373437 0.021875 0.018750
0 0.704688 0.373437 0.021875 0.018750
0 0.628125 0.373437 0.021875 0.018750
0 0.501563 0.373437 0.021875 0.018750
0 0.454688 0.373437 0.021875 0.018750
0 0.407813 0.373437 0.021875 0.018750
0 0.315625 0.373437 0.021875 0.018750
0 0.157812 0.373437 0.021875 0.018750
0 0.031250 0.373437 0.021875 0.018750
