10 0.637500 0.319531 0.050000 0.032813
10 0.137500 0.319531 0.050000 0.032813
9 0.860938 0.364844 0.003125 0.067187
9 0.362500 0.364844 0.003125 0.067187
15 0.839844 0.337500 0.017188 0.062500
9 0.832031 0.339062 0.001563 0.059375
8 0.770312 0.356250 0.006250 0.006250
12 0.700781 0.366406 0.023438 0.060937
9 0.661719 0.335938 0.001563 0.065625
9 0.613281 0.335938 0.001563 0.065625
12 0.557031 0.366406 0.023438 0.060937
12 0.508594 0.366406 0.023438 0.060937
15 0.475781 0.337500 0.017188 0.062500
9 0.467969 0.339062 0.001563 0.059375
15 0.339844 0.337500 0.017188 0.062500
9 0.332031 0.339062 0.001563 0.059375
8 0.270313 0.356250 0.006250 0.006250
12 0.200781 0.366406 0.023438 0.060937
9 0.161719 0.335938 0.001563 0.065625
9 0.113281 0.335938 0.001563 0.065625
12 0.057031 0.366406 0.023438 0.060937
0 0.821875 0.373437 0.021875 0.018750
0 0.651563 0.373437 0.021875 0.018750
0 0.603125 0.373437 0.021875 0.018750
0 0.459375 0.373437 0.021875 0.018750
0 0.323437 0.373437 0.021875 0.018750
0 0.151562 0.373437 0.021875 0.018750
0 0.104688 0.373437 0.021875 0.018750
