7 0.262500 0.366406 0.043750 0.114062
10 0.725781 0.319531 0.060937 0.007812
9 0.795312 0.364844 0.003125 0.067187
12 0.946875 0.367188 0.015625 0.028125
12 0.887500 0.367188 0.015625 0.028125
15 0.849219 0.342187 0.017188 0.053125
9 0.841406 0.343750 0.001563 0.053125
9 0.755469 0.342187 0.001563 0.053125
9 0.696094 0.342187 0.001563 0.053125
15 0.644531 0.342187 0.017188 0.053125
9 0.636719 0.343750 0.001563 0.053125
12 0.565625 0.367188 0.015625 0.028125
15 0.525781 0.342187 0.017188 0.053125
9 0.517969 0.343750 0.001563 0.053125
12 0.446875 0.367188 0.015625 0.028125
12 0.387500 0.367188 0.015625 0.028125
15 0.349219 0.342187 0.017188 0.053125
9 0.341406 0.343750 0.001563 0.053125
0 0.831250 0.373437 0.021875 0.018750
0 0.745313 0.373437 0.021875 0.018750
0 0.685937 0.373437 0.021875 0.018750
0 0.626563 0.373437 0.021875 0.018750
0 0.509375 0.373437 0.021875 0.018750
0 0.332813 0.373437 0.021875 0.018750
