10 0.847656 0.319531 0.060937 0.032813
10 0.333594 0.319531 0.060937 0.032813
9 0.654687 0.364844 0.003125 0.067187
9 0.184375 0.364844 0.003125 0.067187
8 0.946875 0.356250 0.006250 0.006250
9 0.877344 0.335938 0.001563 0.065625
9 0.817969 0.335938 0.001563 0.065625
12 0.750781 0.366406 0.023438 0.060937
15 0.708594 0.337500 0.017188 0.062500
9 0.700781 0.339062 0.001563 0.059375
12 0.557813 0.367188 0.015625 0.028125
15 0.519531 0.337500 0.017188 0.062500
9 0.511719 0.339062 0.001563 0.059375
8 0.432812 0.356250 0.006250 0.006250
9 0.363281 0.335938 0.001563 0.065625
9 0.303906 0.335938 0.001563 0.065625
12 0.087500 0.367188 0.015625 0.028125
15 0.049219 0.337500 0.017188 0.062500
9 0.041406 0.339062 0.001563 0.059375
0 0.867188 0.373437 0.021875 0.018750
0 0.809375 0.373437 0.021875 0.018750
0 0.692187 0.373437 0.021875 0.018750
0 0.501563 0.373437 0.021875 0.018750
0 0.353125 0.373437 0.021875 0.018750
0 0.295312 0.373437 0.021875 0.018750
0 0.031250 0.373437 0.021875 0.018750
