10 0.465625 0.325781 0.046875 0.020313
14 0.860938 0.364844 0.003125 0.067187
14 0.353125 0.364844 0.003125 0.067187
11 0.804688 0.367188 0.015625 0.028125
11 0.742188 0.367188 0.015625 0.028125
9 0.710156 0.342969 0.001563 0.051562
9 0.621094 0.342969 0.001563 0.051562
9 0.488281 0.342187 0.001563 0.053125
9 0.442969 0.342187 0.001563 0.053125
11 0.296875 0.367188 0.015625 0.028125
11 0.234375 0.367188 0.015625 0.028125
9 0.202344 0.342969 0.001563 0.051562
9 0.113281 0.342969 0.001563 0.051562
0 0.701562 0.373437 0.021875 0.018750
0 0.612500 0.373437 0.021875 0.018750
0 0.478125 0.373437 0.021875 0.018750
0 0.434375 0.373437 0.021875 0.018750
0 0.192188 0.373437 0.021875 0.018750
0 0.103125 0.373437 0.021875 0.018750
