7 0.262500 0.366406 0.043750 0.114062
10 0.682813 0.319531 0.134375 0.032813
10 0.429688 0.319531 0.178125 0.032813
9 0.817187 0.364844 0.003125 0.067187
15 0.992188 0.337500 0.015625 0.062500
9 0.985156 0.339062 0.001563 0.059375
12 0.932031 0.366406 0.023438 0.060937
12 0.850000 0.367188 0.015625 0.028125
12 0.783594 0.366406 0.023438 0.060937
9 0.747656 0.335938 0.001563 0.065625
9 0.703906 0.335938 0.001563 0.065625
9 0.660156 0.335938 0.001563 0.065625
9 0.616406 0.335938 0.001563 0.065625
9 0.516406 0.335938 0.001563 0.065625
9 0.472656 0.335938 0.001563 0.065625
9 0.428906 0.335938 0.001563 0.065625
9 0.385156 0.335938 0.001563 0.065625
9 0.341406 0.335938 0.001563 0.065625
0 0.975000 0.373437 0.021875 0.018750
0 0.739062 0.373437 0.021875 0.018750
0 0.693750 0.373437 0.021875 0.018750
0 0.650000 0.373437 0.021875 0.018750
0 0.606250 0.373437 0.021875 0.018750
0 0.507812 0.373437 0.021875 0.018750
0 0.464062 0.373437 0.021875 0.018750
0 0.420312 0.373437 0.021875 0.018750
0 0.376563 0.373437 0.021875 0.018750
0 0.332813 0.373437 0.021875 0.018750
