10 0.673438 0.319531 0.050000 0.032813
10 0.481250 0.319531 0.146875 0.032813
10 0.175000 0.319531 0.050000 0.032813
10 0.027344 0.319531 0.054688 0.032813
9 0.860938 0.364844 0.003125 0.067187
9 0.362500 0.364844 0.003125 0.067187
12 0.782813 0.367188 0.015625 0.028125
12 0.738281 0.366406 0.023438 0.060937
9 0.697656 0.335938 0.001563 0.065625
9 0.649219 0.335938 0.001563 0.065625
12 0.592969 0.366406 0.023438 0.060937
9 0.552344 0.335938 0.001563 0.065625
9 0.505469 0.335938 0.001563 0.065625
9 0.457031 0.335938 0.001563 0.065625
9 0.408594 0.335938 0.001563 0.065625
12 0.282813 0.367188 0.015625 0.028125
12 0.238281 0.366406 0.023438 0.060937
9 0.197656 0.335938 0.001563 0.065625
9 0.150781 0.335938 0.001563 0.065625
12 0.092969 0.366406 0.023438 0.060937
9 0.053906 0.335938 0.001563 0.065625
9 0.005469 0.335938 0.001563 0.065625
0 0.689063 0.373437 0.021875 0.018750
0 0.640625 0.373437 0.021875 0.018750
0 0.543750 0.373437 0.021875 0.018750
0 0.495312 0.373437 0.021875 0.018750
0 0.446875 0.373437 0.021875 0.018750
0 0.398438 0.373437 0.021875 0.018750
0 0.189062 0.373437 0.021875 0.018750
0 0.140625 0.373437 0.021875 0.018750
0 0.043750 0.373437 0.021875 0.018750
