10 0.979688 0.325781 0.034375 0.020313
10 0.710938 0.325781 0.034375 0.020313
10 0.598437 0.325781 0.034375 0.020313
10 0.359375 0.325781 0.034375 0.020313
10 0.248438 0.325781 0.034375 0.020313
10 0.132031 0.325781 0.067187 0.020313
9 0.787500 0.364844 0.003125 0.067187
9 0.437500 0.364844 0.003125 0.067187
9 0.053125 0.364844 0.003125 0.067187
9 0.996094 0.342187 0.001563 0.053125
9 0.963281 0.342187 0.001563 0.053125
9 0.922656 0.342969 0.001563 0.051562
12 0.862500 0.367188 0.015625 0.028125
9 0.833594 0.342969 0.001563 0.051562
12 0.746875 0.367188 0.015625 0.028125
9 0.727344 0.342187 0.001563 0.053125
9 0.694531 0.342187 0.001563 0.053125
12 0.635938 0.367188 0.015625 0.028125
9 0.614844 0.342187 0.001563 0.053125
9 0.582031 0.342187 0.001563 0.053125
9 0.539844 0.342969 0.001563 0.051562
12 0.470313 0.367188 0.015625 0.028125
8 0.490625 0.356250 0.006250 0.006250
12 0.396875 0.367188 0.015625 0.028125
9 0.375781 0.342187 0.001563 0.053125
9 0.342969 0.342187 0.001563 0.053125
12 0.284375 0.367188 0.015625 0.028125
9 0.264844 0.342187 0.001563 0.053125
9 0.232031 0.342187 0.001563 0.053125
9 0.164844 0.342187 0.001563 0.053125
9 0.132031 0.342187 0.001563 0.053125
9 0.099219 0.342187 0.001563 0.053125
12 0.014063 0.367188 0.015625 0.028125
0 0.987500 0.373437 0.021875 0.018750
0 0.954688 0.373437 0.021875 0.018750
0 0.912500 0.373437 0.021875 0.018750
0 0.825000 0.373437 0.021875 0.018750
0 0.717187 0.373437 0.021875 0.018750
0 0.684375 0.373437 0.021875 0.018750
0 0.604688 0.373437 0.021875 0.018750
0 0.571875 0.373437 0.021875 0.018750
0 0.531250 0.373437 0.021875 0.018750
0 0.367188 0.373437 0.021875 0.018750
0 0.334375 0.373437 0.021875 0.018750
0 0.254688 0.373437 0.021875 0.018750
0 0.221875 0.373437 0.021875 0.018750
0 0.156250 0.373437 0.021875 0.018750
0 0.123438 0.373437 0.021875 0.018750
0 0.090625 0.373437 0.021875 0.018750
