10 0.747656 0.325781 0.039062 0.020313
10 0.408594 0.325781 0.039062 0.020313
10 0.221875 0.325781 0.078125 0.020313
10 0.024219 0.325781 0.039062 0.020313
9 0.860938 0.364844 0.003125 0.067187
9 0.521875 0.364844 0.003125 0.067187
9 0.137500 0.364844 0.003125 0.067187
12 0.792969 0.364844 0.017188 0.048438
9 0.766406 0.342187 0.001563 0.053125
9 0.728906 0.342187 0.001563 0.053125
12 0.662500 0.367188 0.015625 0.028125
9 0.633594 0.342969 0.001563 0.051562
12 0.556250 0.367188 0.015625 0.028125
8 0.575000 0.356250 0.006250 0.006250
12 0.453906 0.364844 0.017188 0.048438
9 0.427344 0.342187 0.001563 0.053125
9 0.389844 0.342187 0.001563 0.053125
12 0.323437 0.367188 0.015625 0.028125
9 0.260156 0.342187 0.001563 0.053125
9 0.222656 0.342187 0.001563 0.053125
9 0.183594 0.342187 0.001563 0.053125
12 0.069531 0.364844 0.017188 0.048438
9 0.042969 0.342187 0.001563 0.053125
9 0.005469 0.342187 0.001563 0.053125
0 0.757812 0.373437 0.021875 0.018750
0 0.720313 0.373437 0.021875 0.018750
0 0.625000 0.373437 0.021875 0.018750
0 0.417187 0.373437 0.021875 0.018750
0 0.379688 0.373437 0.021875 0.018750
0 0.250000 0.373437 0.021875 0.018750
0 0.212500 0.373437 0.021875 0.018750
0 0.175000 0.373437 0.021875 0.018750
0 0.034375 0.373437 0.021875 0.018750
