10 0.848437 0.325781 0.121875 0.020313
10 0.606250 0.325781 0.121875 0.020313
10 0.384375 0.325781 0.081250 0.020313
10 0.246094 0.325781 0.042188 0.020313
10 0.098437 0.325781 0.121875 0.020313
9 0.685937 0.364844 0.003125 0.067187
9 0.179688 0.364844 0.003125 0.067187
9 0.947656 0.342969 0.001563 0.051562
9 0.907031 0.342187 0.001563 0.053125
9 0.867969 0.342187 0.001563 0.053125
9 0.827344 0.342187 0.001563 0.053125
9 0.788281 0.342187 0.001563 0.053125
12 0.720313 0.367188 0.015625 0.028125
9 0.664844 0.342187 0.001563 0.053125
9 0.625781 0.342187 0.001563 0.053125
9 0.585156 0.342187 0.001563 0.053125
9 0.546094 0.342187 0.001563 0.053125
9 0.463281 0.342969 0.001563 0.051562
9 0.424219 0.342187 0.001563 0.053125
9 0.385156 0.342187 0.001563 0.053125
9 0.344531 0.342187 0.001563 0.053125
9 0.264844 0.342187 0.001563 0.053125
9 0.225781 0.342187 0.001563 0.053125
9 0.158594 0.342187 0.001563 0.053125
9 0.117969 0.342187 0.001563 0.053125
9 0.078906 0.342187 0.001563 0.053125
9 0.038281 0.342187 0.001563 0.053125
0 0.937500 0.373437 0.021875 0.018750
0 0.898438 0.373437 0.021875 0.018750
0 0.857812 0.373437 0.021875 0.018750
0 0.818750 0.373437 0.021875 0.018750
0 0.779687 0.373437 0.021875 0.018750
0 0.656250 0.373437 0.021875 0.018750
0 0.615625 0.373437 0.021875 0.018750
0 0.576562 0.373437 0.021875 0.018750
0 0.535937 0.373437 0.021875 0.018750
0 0.454688 0.373437 0.021875 0.018750
0 0.415625 0.373437 0.021875 0.018750
0 0.375000 0.373437 0.021875 0.018750
0 0.335938 0.373437 0.021875 0.018750
0 0.256250 0.373437 0.021875 0.018750
0 0.215625 0.373437 0.021875 0.018750
0 0.148438 0.373437 0.021875 0.018750
0 0.109375 0.373437 0.021875 0.018750
0 0.068750 0.373437 0.021875 0.018750
0 0.029687 0.373437 0.021875 0.018750
