10 0.739062 0.319531 0.190625 0.032813
10 0.287500 0.319531 0.190625 0.032813
10 0.037500 0.319531 0.075000 0.032813
9 0.860938 0.364844 0.003125 0.067187
9 0.409375 0.364844 0.003125 0.067187
9 0.833594 0.335938 0.001563 0.065625
9 0.786719 0.335938 0.001563 0.065625
9 0.739844 0.335938 0.001563 0.065625
9 0.691406 0.335938 0.001563 0.065625
9 0.644531 0.335938 0.001563 0.065625
15 0.546094 0.337500 0.017188 0.062500
9 0.538281 0.339062 0.001563 0.059375
12 0.443750 0.367188 0.015625 0.028125
9 0.380469 0.335938 0.001563 0.065625
9 0.333594 0.335938 0.001563 0.065625
9 0.286719 0.335938 0.001563 0.065625
9 0.239844 0.335938 0.001563 0.065625
9 0.192969 0.335938 0.001563 0.065625
8 0.132812 0.356250 0.006250 0.006250
9 0.074219 0.335938 0.001563 0.065625
9 0.025781 0.335938 0.001563 0.065625
0 0.823438 0.373437 0.021875 0.018750
0 0.776563 0.373437 0.021875 0.018750
0 0.729688 0.373437 0.021875 0.018750
0 0.682813 0.373437 0.021875 0.018750
0 0.635938 0.373437 0.021875 0.018750
0 0.529687 0.373437 0.021875 0.018750
0 0.371875 0.373437 0.021875 0.018750
0 0.325000 0.373437 0.021875 0.018750
0 0.278125 0.373437 0.021875 0.018750
0 0.231250 0.373437 0.021875 0.018750
0 0.182812 0.373437 0.021875 0.018750
0 0.064062 0.373437 0.021875 0.018750
0 0.017188 0.373437 0.021875 0.018750
