10 0.879687 0.325781 0.040625 0.020313
10 0.360938 0.325781 0.040625 0.020313
9 0.651563 0.364844 0.003125 0.067187
9 0.159375 0.364844 0.003125 0.067187
9 0.938281 0.342969 0.001563 0.051562
9 0.899219 0.342187 0.001563 0.053125
9 0.860156 0.342187 0.001563 0.053125
9 0.778906 0.342969 0.001563 0.051562
9 0.697656 0.342969 0.001563 0.051562
9 0.621094 0.342969 0.001563 0.051562
9 0.500781 0.342969 0.001563 0.051562
9 0.419531 0.342969 0.001563 0.051562
9 0.380469 0.342187 0.001563 0.053125
9 0.341406 0.342187 0.001563 0.053125
9 0.261719 0.342969 0.001563 0.051562
12 0.193750 0.367188 0.015625 0.028125
9 0.128906 0.342969 0.001563 0.051562
9 0.008594 0.342969 0.001563 0.051562
0 0.928125 0.373437 0.021875 0.018750
0 0.889062 0.373437 0.021875 0.018750
0 0.850000 0.373437 0.021875 0.018750
0 0.768750 0.373437 0.021875 0.018750
0 0.689063 0.373437 0.021875 0.018750
0 0.610938 0.373437 0.021875 0.018750
0 0.492188 0.373437 0.021875 0.018750
0 0.410938 0.373437 0.021875 0.018750
0 0.371875 0.373437 0.021875 0.018750
0 0.332813 0.373437 0.021875 0.018750
0 0.251563 0.373437 0.021875 0.018750
0 0.118750 0.373437 0.021875 0.018750
0 0.005469 0.373437 0.010937 0.018750
