10 0.691406 0.319531 0.095312 0.032813
10 0.167969 0.319531 0.095312 0.032813
9 0.860938 0.364844 0.003125 0.067187
9 0.339062 0.364844 0.003125 0.067187
15 0.839844 0.337500 0.017188 0.062500
9 0.832031 0.339062 0.001563 0.059375
12 0.775781 0.366406 0.023438 0.060937
9 0.738281 0.335938 0.001563 0.065625
9 0.691406 0.335938 0.001563 0.065625
9 0.644531 0.335938 0.001563 0.065625
15 0.546094 0.337500 0.017188 0.062500
9 0.538281 0.339062 0.001563 0.059375
12 0.424219 0.366406 0.023438 0.060937
15 0.392969 0.337500 0.017188 0.062500
9 0.385156 0.339062 0.001563 0.059375
15 0.316406 0.337500 0.017188 0.062500
9 0.308594 0.339062 0.001563 0.059375
12 0.253906 0.366406 0.023438 0.060937
9 0.214844 0.335938 0.001563 0.065625
9 0.167969 0.335938 0.001563 0.065625
9 0.121094 0.335938 0.001563 0.065625
15 0.024219 0.337500 0.017188 0.062500
9 0.016406 0.339062 0.001563 0.059375
0 0.821875 0.373437 0.021875 0.018750
0 0.728125 0.373437 0.021875 0.018750
0 0.681250 0.373437 0.021875 0.018750
0 0.634375 0.373437 0.021875 0.018750
0 0.528125 0.373437 0.021875 0.018750
0 0.376563 0.373437 0.021875 0.018750
0 0.300000 0.373437 0.021875 0.018750
0 0.206250 0.373437 0.021875 0.018750
0 0.159375 0.373437 0.021875 0.018750
0 0.112500 0.373437 0.021875 0.018750
0 0.008594 0.373437 0.017188 0.018750
