9 0.640625 0.364844 0.003125 0.067187
9 0.140625 0.364844 0.003125 0.067187
9 0.938281 0.342969 0.001563 0.051562
12 0.859375 0.367188 0.015625 0.028125
9 0.825781 0.342969 0.001563 0.051562
9 0.733594 0.342969 0.001563 0.051562
12 0.581250 0.367188 0.015625 0.028125
9 0.547656 0.342969 0.001563 0.051562
9 0.408594 0.342969 0.001563 0.051562
12 0.331250 0.367188 0.015625 0.028125
9 0.297656 0.342969 0.001563 0.051562
12 0.220312 0.367188 0.015625 0.028125
9 0.186719 0.342969 0.001563 0.051562
12 0.081250 0.367188 0.015625 0.028125
9 0.047656 0.342969 0.001563 0.051562
0 0.928125 0.373437 0.021875 0.018750
0 0.817187 0.373437 0.021875 0.018750
0 0.723437 0.373437 0.021875 0.018750
0 0.539062 0.373437 0.021875 0.018750
0 0.400000 0.373437 0.021875 0.018750
0 0.289062 0.373437 0.021875 0.018750
0 0.176563 0.373437 0.021875 0.018750
0 0.037500 0.373437 0.021875 0.018750
