10 0.714844 0.096875 0.064062 0.037500
10 0.538281 0.104688 0.064062 0.037500
10 0.352344 0.020313 0.064062 0.037500
10 0.175781 0.028125 0.064062 0.037500
10 0.724219 0.260156 0.082812 0.048438
10 0.547656 0.263281 0.082812 0.048438
10 0.361719 0.170313 0.082812 0.040625
10 0.185156 0.176563 0.082812 0.037500
10 0.719531 0.332031 0.032813 0.042188
10 0.541406 0.339844 0.032813 0.042188
10 0.336719 0.345313 0.032813 0.046875
10 0.160156 0.359375 0.032813 0.053125
9 0.860938 0.209375 0.003125 0.418750
9 0.479687 0.209375 0.003125 0.418750
9 0.098437 0.209375 0.003125 0.418750
12 0.801562 0.387500 0.015625 0.028125
9 0.733594 0.345313 0.001563 0.059375
9 0.703906 0.360938 0.001563 0.075000
12 0.625000 0.387500 0.015625 0.028125
9 0.557031 0.353125 0.001563 0.059375
9 0.525781 0.368750 0.001563 0.075000
12 0.420312 0.387500 0.015625 0.028125
9 0.352344 0.358594 0.001563 0.064062
9 0.321094 0.377344 0.001563 0.076563
12 0.243750 0.387500 0.015625 0.028125
9 0.174219 0.366406 0.001563 0.060937
9 0.144531 0.388281 0.001563 0.070312
12 0.039062 0.387500 0.015625 0.028125
12 0.801562 0.226562 0.015625 0.028125
9 0.764844 0.234375 0.001563 0.062500
9 0.683594 0.253906 0.001563 0.054688
12 0.625000 0.226562 0.015625 0.028125
9 0.586719 0.239844 0.001563 0.057813
9 0.507031 0.259375 0.001563 0.050000
12 0.420312 0.226562 0.015625 0.028125
9 0.402344 0.183594 0.001563 0.057813
9 0.321094 0.206250 0.001563 0.062500
12 0.243750 0.226562 0.015625 0.028125
9 0.224219 0.191406 0.001563 0.057813
9 0.144531 0.210938 0.001563 0.065625
12 0.039062 0.226562 0.015625 0.028125
9 0.019531 0.196875 0.001563 0.062500
12 0.801562 0.065625 0.015625 0.028125
9 0.744531 0.067969 0.001563 0.054688
9 0.683594 0.089063 0.001563 0.046875
12 0.625000 0.065625 0.015625 0.028125
9 0.567969 0.075781 0.001563 0.054688
9 0.507031 0.096875 0.001563 0.046875
12 0.420312 0.065625 0.015625 0.028125
9 0.382031 0.027344 0.001563 0.045312
9 0.321094 0.049219 0.001563 0.054688
12 0.243750 0.065625 0.015625 0.028125
9 0.205469 0.035156 0.001563 0.045312
9 0.144531 0.057031 0.001563 0.054688
12 0.039062 0.065625 0.015625 0.028125
9 0.000781 0.042188 0.001563 0.050000
0 0.725000 0.378125 0.021875 0.018750
0 0.693750 0.401562 0.021875 0.018750
0 0.546875 0.385937 0.021875 0.018750
0 0.517188 0.409375 0.021875 0.018750
0 0.342187 0.393750 0.021875 0.018750
0 0.312500 0.417187 0.021875 0.018750
0 0.165625 0.401562 0.021875 0.018750
0 0.134375 0.426563 0.021875 0.018750
0 0.775000 0.200000 0.021875 0.018750
0 0.693750 0.223438 0.021875 0.018750
0 0.596875 0.207813 0.021875 0.018750
0 0.517188 0.232813 0.021875 0.018750
0 0.392188 0.215625 0.021875 0.018750
0 0.312500 0.240625 0.021875 0.018750
0 0.215625 0.223438 0.021875 0.018750
0 0.134375 0.248438 0.021875 0.018750
0 0.010937 0.232813 0.021875 0.018750
0 0.754687 0.039062 0.021875 0.018750
0 0.693750 0.062500 0.021875 0.018750
0 0.578125 0.046875 0.021875 0.018750
0 0.517188 0.070312 0.021875 0.018750
0 0.373437 0.054688 0.021875 0.018750
0 0.312500 0.078125 0.021875 0.018750
0 0.196875 0.062500 0.021875 0.018750
0 0.134375 0.087500 0.021875 0.018750
