10 0.897656 0.485156 0.204687 0.032813
10 0.546875 0.477344 0.250000 0.032813
10 0.145313 0.477344 0.250000 0.032813
14 0.395313 0.364844 0.003125 0.067187
9 0.982031 0.417969 0.001563 0.148438
9 0.919531 0.439063 0.001563 0.093750
9 0.857031 0.415625 0.001563 0.128125
9 0.796094 0.379688 0.001563 0.187500
11 0.740625 0.367188 0.015625 0.028125
9 0.671094 0.469531 0.001563 0.042188
9 0.608594 0.414062 0.001563 0.140625
9 0.546094 0.435156 0.001563 0.085938
9 0.485156 0.411719 0.001563 0.120313
9 0.422656 0.375000 0.001563 0.178125
11 0.339062 0.367188 0.015625 0.028125
9 0.269531 0.469531 0.001563 0.042188
9 0.208594 0.414062 0.001563 0.140625
9 0.146094 0.435156 0.001563 0.085938
9 0.083594 0.411719 0.001563 0.120313
9 0.021094 0.380469 0.001563 0.170313
0 0.990625 0.340625 0.018750 0.018750
0 0.929688 0.389062 0.021875 0.018750
0 0.867188 0.348438 0.021875 0.018750
0 0.806250 0.284375 0.021875 0.018750
0 0.681250 0.445312 0.021875 0.018750
0 0.618750 0.340625 0.021875 0.018750
0 0.556250 0.389062 0.021875 0.018750
0 0.495312 0.348438 0.021875 0.018750
0 0.432812 0.284375 0.021875 0.018750
0 0.279687 0.445312 0.021875 0.018750
0 0.218750 0.340625 0.021875 0.018750
0 0.156250 0.389062 0.021875 0.018750
0 0.093750 0.348438 0.021875 0.018750
0 0.031250 0.292187 0.021875 0.018750
