7 0.262500 0.366406 0.043750 0.114062
10 0.871875 0.325781 0.040625 0.020313
10 0.678125 0.325781 0.040625 0.020313
10 0.560937 0.325781 0.040625 0.020313
9 0.804688 0.364844 0.003125 0.067187
9 0.967969 0.342969 0.001563 0.051562
9 0.889844 0.342187 0.001563 0.053125
9 0.852344 0.342187 0.001563 0.053125
9 0.774219 0.342969 0.001563 0.051562
9 0.696094 0.342187 0.001563 0.053125
9 0.658594 0.342187 0.001563 0.053125
9 0.580469 0.342187 0.001563 0.053125
9 0.541406 0.342187 0.001563 0.053125
9 0.460156 0.342969 0.001563 0.051562
9 0.380469 0.342969 0.001563 0.051562
0 0.959375 0.373437 0.021875 0.018750
0 0.881250 0.373437 0.021875 0.018750
0 0.842187 0.373437 0.021875 0.018750
0 0.765625 0.373437 0.021875 0.018750
0 0.687500 0.373437 0.021875 0.018750
0 0.648438 0.373437 0.021875 0.018750
0 0.570312 0.373437 0.021875 0.018750
0 0.531250 0.373437 0.021875 0.018750
0 0.451562 0.373437 0.021875 0.018750
0 0.370312 0.373437 0.021875 0.018750
