10 0.778125 0.325781 0.043750 0.020313
10 0.653125 0.325781 0.043750 0.020313
10 0.429688 0.325781 0.043750 0.020313
10 0.278125 0.325781 0.043750 0.020313
10 0.154688 0.325781 0.043750 0.020313
14 0.860938 0.364844 0.003125 0.067187
14 0.362500 0.364844 0.003125 0.067187
9 0.797656 0.342187 0.001563 0.053125
9 0.757031 0.342187 0.001563 0.053125
9 0.674219 0.342187 0.001563 0.053125
9 0.632031 0.342187 0.001563 0.053125
9 0.549219 0.342969 0.001563 0.051562
11 0.478125 0.367188 0.015625 0.028125
9 0.449219 0.342187 0.001563 0.053125
9 0.408594 0.342187 0.001563 0.053125
9 0.297656 0.342187 0.001563 0.053125
9 0.257031 0.342187 0.001563 0.053125
9 0.174219 0.342187 0.001563 0.053125
9 0.133594 0.342187 0.001563 0.053125
9 0.049219 0.342969 0.001563 0.051562
0 0.789062 0.373437 0.021875 0.018750
0 0.746875 0.373437 0.021875 0.018750
0 0.664062 0.373437 0.021875 0.018750
0 0.623437 0.373437 0.021875 0.018750
0 0.540625 0.373437 0.021875 0.018750
0 0.440625 0.373437 0.021875 0.018750
0 0.398438 0.373437 0.021875 0.018750
0 0.289062 0.373437 0.021875 0.018750
0 0.246875 0.373437 0.021875 0.018750
0 0.165625 0.373437 0.021875 0.018750
0 0.123438 0.373437 0.021875 0.018750
0 0.040625 0.373437 0.021875 0.018750
