10 0.726562 0.319531 0.221875 0.032813
10 0.206250 0.319531 0.221875 0.032813
9 0.860938 0.364844 0.003125 0.067187
9 0.340625 0.364844 0.003125 0.067187
9 0.836719 0.335938 0.001563 0.065625
9 0.792969 0.335938 0.001563 0.065625
9 0.749219 0.335938 0.001563 0.065625
9 0.705469 0.335938 0.001563 0.065625
9 0.660156 0.335938 0.001563 0.065625
9 0.616406 0.335938 0.001563 0.065625
12 0.564844 0.366406 0.023438 0.060937
15 0.536719 0.337500 0.017188 0.062500
9 0.528906 0.339062 0.001563 0.059375
15 0.438281 0.337500 0.017188 0.062500
9 0.430469 0.339062 0.001563 0.059375
12 0.377344 0.366406 0.023438 0.060937
9 0.314844 0.335938 0.001563 0.065625
9 0.271094 0.335938 0.001563 0.065625
9 0.227344 0.335938 0.001563 0.065625
9 0.183594 0.335938 0.001563 0.065625
9 0.139844 0.335938 0.001563 0.065625
9 0.096094 0.335938 0.001563 0.065625
12 0.042969 0.366406 0.023438 0.060937
15 0.014844 0.337500 0.017188 0.062500
9 0.007031 0.339062 0.001563 0.059375
0 0.826562 0.373437 0.021875 0.018750
0 0.782813 0.373437 0.021875 0.018750
0 0.739062 0.373437 0.021875 0.018750
0 0.695312 0.373437 0.021875 0.018750
0 0.651563 0.373437 0.021875 0.018750
0 0.607812 0.373437 0.021875 0.018750
0 0.520312 0.373437 0.021875 0.018750
0 0.420312 0.373437 0.021875 0.018750
0 0.306250 0.373437 0.021875 0.018750
0 0.262500 0.373437 0.021875 0.018750
0 0.217188 0.373437 0.021875 0.018750
0 0.173437 0.373437 0.021875 0.018750
0 0.129688 0.373437 0.021875 0.018750
0 0.085938 0.373437 0.021875 0.018750
0 0.004687 0.373437 0.009375 0.018750
