7 0.262500 0.366406 0.043750 0.114062
10 0.607812 0.325781 0.046875 0.020313
14 0.753125 0.364844 0.003125 0.067187
11 0.940625 0.367188 0.015625 0.028125
11 0.876563 0.367188 0.015625 0.028125
9 0.799219 0.342969 0.001563 0.051562
9 0.721094 0.342969 0.001563 0.051562
9 0.630469 0.342187 0.001563 0.053125
9 0.585156 0.342187 0.001563 0.053125
9 0.496094 0.342969 0.001563 0.051562
11 0.418750 0.367188 0.015625 0.028125
11 0.330469 0.364844 0.017188 0.048438
0 0.789062 0.373437 0.021875 0.018750
0 0.712500 0.373437 0.021875 0.018750
0 0.621875 0.373437 0.021875 0.018750
0 0.576562 0.373437 0.021875 0.018750
0 0.485938 0.373437 0.021875 0.018750
