10 0.955469 0.325781 0.042188 0.020313
10 0.777344 0.325781 0.123438 0.020313
10 0.455469 0.325781 0.042188 0.020313
10 0.297656 0.325781 0.082812 0.020313
9 0.670312 0.364844 0.003125 0.067187
9 0.170313 0.364844 0.003125 0.067187
9 0.975781 0.342187 0.001563 0.053125
9 0.935156 0.342187 0.001563 0.053125
12 0.865625 0.367188 0.015625 0.028125
9 0.838281 0.342187 0.001563 0.053125
9 0.797656 0.342187 0.001563 0.053125
9 0.757031 0.342187 0.001563 0.053125
9 0.716406 0.342187 0.001563 0.053125
9 0.638281 0.342969 0.001563 0.051562
9 0.557031 0.342969 0.001563 0.051562
9 0.475781 0.342187 0.001563 0.053125
9 0.435156 0.342187 0.001563 0.053125
12 0.365625 0.367188 0.015625 0.028125
9 0.338281 0.342187 0.001563 0.053125
9 0.297656 0.342187 0.001563 0.053125
9 0.257031 0.342187 0.001563 0.053125
9 0.139844 0.342969 0.001563 0.051562
9 0.057031 0.342969 0.001563 0.051562
0 0.965625 0.373437 0.021875 0.018750
0 0.925000 0.373437 0.021875 0.018750
0 0.828125 0.373437 0.021875 0.018750
0 0.787500 0.373437 0.021875 0.018750
0 0.746875 0.373437 0.021875 0.018750
0 0.706250 0.373437 0.021875 0.018750
0 0.629687 0.373437 0.021875 0.018750
0 0.548438 0.373437 0.021875 0.018750
0 0.467187 0.373437 0.021875 0.018750
0 0.426563 0.373437 0.021875 0.018750
0 0.329688 0.373437 0.021875 0.018750
0 0.289062 0.373437 0.021875 0.018750
0 0.248438 0.373437 0.021875 0.018750
0 0.129688 0.373437 0.021875 0.018750
0 0.048438 0.373437 0.021875 0.018750
