9 0.657813 0.364844 0.003125 0.067187
9 0.218750 0.364844 0.003125 0.067187
12 0.967969 0.366406 0.023438 0.060937
15 0.935156 0.337500 0.017188 0.062500
9 0.927344 0.339062 0.001563 0.059375
12 0.744531 0.366406 0.023438 0.060937
15 0.711719 0.337500 0.017188 0.062500
9 0.703906 0.339062 0.001563 0.059375
12 0.555469 0.366406 0.023438 0.060937
15 0.522656 0.337500 0.017188 0.062500
9 0.514844 0.339062 0.001563 0.059375
12 0.457031 0.366406 0.023438 0.060937
15 0.422656 0.337500 0.017188 0.062500
9 0.414844 0.339062 0.001563 0.059375
12 0.253125 0.367188 0.015625 0.028125
12 0.117969 0.366406 0.023438 0.060937
15 0.085156 0.337500 0.017188 0.062500
9 0.077344 0.339062 0.001563 0.059375
0 0.918750 0.373437 0.021875 0.018750
0 0.693750 0.373437 0.021875 0.018750
0 0.506250 0.373437 0.021875 0.018750
0 0.406250 0.373437 0.021875 0.018750
0 0.067187 0.373437 0.021875 0.018750
