7 0.262500 0.366406 0.043750 0.114062
10 0.925781 0.319531 0.148438 0.007812
10 0.614062 0.319531 0.062500 0.007812
10 0.371875 0.319531 0.062500 0.007812
9 0.806250 0.364844 0.003125 0.067187
9 0.974219 0.342187 0.001563 0.053125
9 0.913281 0.342187 0.001563 0.053125
9 0.852344 0.342187 0.001563 0.053125
12 0.753125 0.367188 0.015625 0.028125
15 0.711719 0.342187 0.017188 0.053125
9 0.703906 0.343750 0.001563 0.053125
9 0.644531 0.342187 0.001563 0.053125
9 0.583594 0.342187 0.001563 0.053125
12 0.510938 0.367188 0.015625 0.028125
15 0.471094 0.342187 0.017188 0.053125
9 0.463281 0.343750 0.001563 0.053125
9 0.402344 0.342187 0.001563 0.053125
9 0.341406 0.342187 0.001563 0.053125
0 0.964063 0.373437 0.021875 0.018750
0 0.904687 0.373437 0.021875 0.018750
0 0.843750 0.373437 0.021875 0.018750
0 0.695312 0.373437 0.021875 0.018750
0 0.634375 0.373437 0.021875 0.018750
0 0.573438 0.373437 0.021875 0.018750
0 0.453125 0.373437 0.021875 0.018750
0 0.392188 0.373437 0.021875 0.018750
0 0.332813 0.373437 0.021875 0.018750
