7 0.262500 0.366406 0.043750 0.114062
10 0.907031 0.325781 0.045312 0.020313
9 0.795312 0.364844 0.003125 0.067187
9 0.927344 0.342187 0.001563 0.053125
9 0.885156 0.342187 0.001563 0.053125
9 0.763281 0.342969 0.001563 0.051562
9 0.677344 0.342969 0.001563 0.051562
12 0.589063 0.367188 0.015625 0.028125
8 0.609375 0.356250 0.006250 0.006250
9 0.558594 0.342969 0.001563 0.051562
9 0.428906 0.342969 0.001563 0.051562
9 0.341406 0.342969 0.001563 0.051562
0 0.918750 0.373437 0.021875 0.018750
0 0.875000 0.373437 0.021875 0.018750
0 0.754687 0.373437 0.021875 0.018750
0 0.667188 0.373437 0.021875 0.018750
0 0.548438 0.373437 0.021875 0.018750
0 0.418750 0.373437 0.021875 0.018750
0 0.332813 0.373437 0.021875 0.018750
