10 0.983594 0.325781 0.032813 0.020313
10 0.529687 0.325781 0.043750 0.020313
10 0.300781 0.325781 0.129688 0.020313
10 0.015625 0.325781 0.031250 0.020313
9 0.709375 0.364844 0.003125 0.067187
9 0.190625 0.364844 0.003125 0.067187
9 0.967969 0.342187 0.001563 0.053125
9 0.841406 0.342969 0.001563 0.051562
12 0.744531 0.364844 0.017188 0.048438
9 0.678906 0.342969 0.001563 0.051562
9 0.550781 0.342187 0.001563 0.053125
9 0.508594 0.342187 0.001563 0.053125
12 0.393750 0.367188 0.015625 0.028125
9 0.363281 0.342187 0.001563 0.053125
9 0.321094 0.342187 0.001563 0.053125
9 0.278906 0.342187 0.001563 0.053125
9 0.236719 0.342187 0.001563 0.053125
9 0.158594 0.342969 0.001563 0.051562
9 0.032031 0.342187 0.001563 0.053125
0 0.995313 0.373437 0.009375 0.018750
0 0.959375 0.373437 0.021875 0.018750
0 0.831250 0.373437 0.021875 0.018750
0 0.668750 0.373437 0.021875 0.018750
0 0.542188 0.373437 0.021875 0.018750
0 0.500000 0.373437 0.021875 0.018750
0 0.354687 0.373437 0.021875 0.018750
0 0.312500 0.373437 0.021875 0.018750
0 0.268750 0.373437 0.021875 0.018750
0 0.226562 0.373437 0.021875 0.018750
0 0.150000 0.373437 0.021875 0.018750
0 0.021875 0.373437 0.021875 0.018750
