10 0.731250 0.319531 0.093750 0.032813
10 0.569531 0.319531 0.048438 0.032813
10 0.220312 0.319531 0.093750 0.032813
10 0.058594 0.319531 0.048438 0.032813
9 0.860938 0.364844 0.003125 0.067187
9 0.350000 0.364844 0.003125 0.067187
9 0.777344 0.335938 0.001563 0.065625
9 0.730469 0.335938 0.001563 0.065625
9 0.685156 0.335938 0.001563 0.065625
12 0.630469 0.366406 0.023438 0.060937
9 0.592969 0.335938 0.001563 0.065625
9 0.546094 0.335938 0.001563 0.065625
12 0.433594 0.366406 0.023438 0.060937
15 0.403906 0.337500 0.017188 0.062500
9 0.396094 0.339062 0.001563 0.059375
9 0.266406 0.335938 0.001563 0.065625
9 0.219531 0.335938 0.001563 0.065625
9 0.174219 0.335938 0.001563 0.065625
12 0.119531 0.366406 0.023438 0.060937
9 0.082031 0.335938 0.001563 0.065625
9 0.035156 0.335938 0.001563 0.065625
0 0.767188 0.373437 0.021875 0.018750
0 0.721875 0.373437 0.021875 0.018750
0 0.675000 0.373437 0.021875 0.018750
0 0.582812 0.373437 0.021875 0.018750
0 0.537500 0.373437 0.021875 0.018750
0 0.387500 0.373437 0.021875 0.018750
0 0.256250 0.373437 0.021875 0.018750
0 0.210938 0.373437 0.021875 0.018750
0 0.164062 0.373437 0.021875 0.018750
0 0.071875 0.373437 0.021875 0.018750
0 0.026562 0.373437 0.021875 0.018750
