14 0.946875 0.553125 0.018750 0.025000
14 0.785937 0.553125 0.018750 0.025000
14 0.365625 0.553125 0.018750 0.025000
14 0.204687 0.553125 0.018750 0.025000
10 0.946875 0.508594 0.090625 0.007812
10 0.787500 0.508594 0.090625 0.007812
10 0.647656 0.514844 0.117188 0.020313
10 0.481250 0.508594 0.056250 0.007812
10 0.365625 0.508594 0.090625 0.007812
10 0.206250 0.508594 0.090625 0.007812
10 0.081250 0.508594 0.056250 0.007812
14 0.856250 0.553906 0.003125 0.067187
14 0.543750 0.553906 0.003125 0.067187
14 0.275000 0.553906 0.003125 0.067187
14 0.007812 0.553906 0.003125 0.067187
9 0.991406 0.531250 0.001563 0.053125
9 0.946094 0.531250 0.001563 0.053125
9 0.902344 0.531250 0.001563 0.053125
9 0.830469 0.531250 0.001563 0.053125
9 0.786719 0.531250 0.001563 0.053125
9 0.742969 0.531250 0.001563 0.053125
9 0.703906 0.531250 0.001563 0.053125
9 0.666406 0.531250 0.001563 0.053125
9 0.627344 0.531250 0.001563 0.053125
9 0.589844 0.531250 0.001563 0.053125
9 0.508594 0.531250 0.001563 0.053125
9 0.453906 0.531250 0.001563 0.053125
9 0.410156 0.531250 0.001563 0.053125
9 0.366406 0.531250 0.001563 0.053125
9 0.321094 0.531250 0.001563 0.053125
9 0.249219 0.531250 0.001563 0.053125
9 0.205469 0.531250 0.001563 0.053125
9 0.161719 0.531250 0.001563 0.053125
9 0.107031 0.531250 0.001563 0.053125
9 0.053906 0.531250 0.001563 0.053125
0 0.981250 0.560937 0.021875 0.018750
0 0.937500 0.560937 0.021875 0.018750
0 0.893750 0.560937 0.021875 0.018750
0 0.821875 0.560937 0.021875 0.018750
0 0.778125 0.560937 0.021875 0.018750
0 0.732812 0.560937 0.021875 0.018750
0 0.695312 0.560937 0.021875 0.018750
0 0.656250 0.560937 0.021875 0.018750
0 0.618750 0.560937 0.021875 0.018750
0 0.579688 0.560937 0.021875 0.018750
0 0.498437 0.560937 0.021875 0.018750
0 0.445312 0.560937 0.021875 0.018750
0 0.400000 0.560937 0.021875 0.018750
0 0.356250 0.560937 0.021875 0.018750
0 0.312500 0.560937 0.021875 0.018750
0 0.240625 0.560937 0.021875 0.018750
0 0.196875 0.560937 0.021875 0.018750
0 0.151562 0.560937 0.021875 0.018750
0 0.098437 0.560937 0.021875 0.018750
0 0.043750 0.560937 0.021875 0.018750
