10 0.798438 0.325781 0.034375 0.020313
10 0.628906 0.325781 0.132812 0.020313
10 0.421875 0.325781 0.034375 0.020313
10 0.267188 0.325781 0.100000 0.020313
10 0.034375 0.325781 0.034375 0.020313
9 0.860938 0.364844 0.003125 0.067187
9 0.484375 0.364844 0.003125 0.067187
9 0.098437 0.364844 0.003125 0.067187
9 0.814844 0.342187 0.001563 0.053125
9 0.782031 0.342187 0.001563 0.053125
12 0.714063 0.367188 0.015625 0.028125
8 0.732812 0.356250 0.006250 0.006250
9 0.692969 0.342187 0.001563 0.053125
9 0.660156 0.342187 0.001563 0.053125
9 0.628906 0.342187 0.001563 0.053125
9 0.596094 0.342187 0.001563 0.053125
9 0.563281 0.342187 0.001563 0.053125
9 0.438281 0.342187 0.001563 0.053125
9 0.405469 0.342187 0.001563 0.053125
12 0.335938 0.367188 0.015625 0.028125
8 0.356250 0.356250 0.006250 0.006250
9 0.316406 0.342187 0.001563 0.053125
9 0.283594 0.342187 0.001563 0.053125
9 0.250781 0.342187 0.001563 0.053125
9 0.217969 0.342187 0.001563 0.053125
9 0.144531 0.342969 0.001563 0.051562
9 0.050781 0.342187 0.001563 0.053125
9 0.017969 0.342187 0.001563 0.053125
0 0.806250 0.373437 0.021875 0.018750
0 0.773438 0.373437 0.021875 0.018750
0 0.684375 0.373437 0.021875 0.018750
0 0.651563 0.373437 0.021875 0.018750
0 0.618750 0.373437 0.021875 0.018750
0 0.585938 0.373437 0.021875 0.018750
0 0.553125 0.373437 0.021875 0.018750
0 0.428125 0.373437 0.021875 0.018750
0 0.395313 0.373437 0.021875 0.018750
0 0.306250 0.373437 0.021875 0.018750
0 0.273438 0.373437 0.021875 0.018750
0 0.242188 0.373437 0.021875 0.018750
0 0.209375 0.373437 0.021875 0.018750
0 0.134375 0.373437 0.021875 0.018750
0 0.042188 0.373437 0.021875 0.018750
0 0.010156 0.373437 0.020313 0.018750
