10 0.923438 0.325781 0.040625 0.020313
10 0.807813 0.325781 0.040625 0.020313
10 0.442188 0.325781 0.040625 0.020313
10 0.246875 0.325781 0.040625 0.020313
9 0.687500 0.364844 0.003125 0.067187
9 0.181250 0.364844 0.003125 0.067187
9 0.942969 0.342187 0.001563 0.053125
9 0.903906 0.342187 0.001563 0.053125
9 0.827344 0.342187 0.001563 0.053125
9 0.788281 0.342187 0.001563 0.053125
12 0.721875 0.367188 0.015625 0.028125
9 0.657031 0.342969 0.001563 0.051562
9 0.577344 0.342969 0.001563 0.051562
9 0.461719 0.342187 0.001563 0.053125
9 0.422656 0.342187 0.001563 0.053125
9 0.342969 0.342969 0.001563 0.051562
9 0.264844 0.342187 0.001563 0.053125
9 0.227344 0.342187 0.001563 0.053125
9 0.149219 0.342969 0.001563 0.051562
9 0.069531 0.342969 0.001563 0.051562
0 0.932813 0.373437 0.021875 0.018750
0 0.895312 0.373437 0.021875 0.018750
0 0.817187 0.373437 0.021875 0.018750
0 0.779687 0.373437 0.021875 0.018750
0 0.646875 0.373437 0.021875 0.018750
0 0.567187 0.373437 0.021875 0.018750
0 0.451562 0.373437 0.021875 0.018750
0 0.412500 0.373437 0.021875 0.018750
0 0.332813 0.373437 0.021875 0.018750
0 0.256250 0.373437 0.021875 0.018750
0 0.217188 0.373437 0.021875 0.018750
0 0.140625 0.373437 0.021875 0.018750
0 0.059375 0.373437 0.021875 0.018750
