7 0.262500 0.366406 0.043750 0.114062
10 0.817969 0.325781 0.035937 0.020313
10 0.427344 0.325781 0.035937 0.020313
9 0.629687 0.364844 0.003125 0.067187
12 0.979688 0.367188 0.015625 0.028125
12 0.931250 0.367188 0.015625 0.028125
9 0.902344 0.342969 0.001563 0.051562
9 0.833594 0.342187 0.001563 0.053125
9 0.800781 0.342187 0.001563 0.053125
12 0.739062 0.367188 0.015625 0.028125
9 0.675781 0.342969 0.001563 0.051562
12 0.589063 0.367188 0.015625 0.028125
12 0.540625 0.367188 0.015625 0.028125
9 0.511719 0.342969 0.001563 0.051562
9 0.442969 0.342187 0.001563 0.053125
9 0.410156 0.342187 0.001563 0.053125
12 0.330469 0.364844 0.017188 0.048438
0 0.892188 0.373437 0.021875 0.018750
0 0.825000 0.373437 0.021875 0.018750
0 0.790625 0.373437 0.021875 0.018750
0 0.667188 0.373437 0.021875 0.018750
0 0.501563 0.373437 0.021875 0.018750
0 0.434375 0.373437 0.021875 0.018750
0 0.400000 0.373437 0.021875 0.018750
