10 0.623437 0.325781 0.037500 0.020313
10 0.243750 0.325781 0.037500 0.020313
9 0.860938 0.364844 0.003125 0.067187
9 0.481250 0.364844 0.003125 0.067187
9 0.128125 0.364844 0.003125 0.067187
12 0.817187 0.367188 0.015625 0.028125
9 0.788281 0.342969 0.001563 0.051562
12 0.714063 0.367188 0.015625 0.028125
8 0.734375 0.356250 0.006250 0.006250
12 0.664062 0.367188 0.015625 0.028125
9 0.641406 0.342187 0.001563 0.053125
9 0.605469 0.342187 0.001563 0.053125
9 0.527344 0.342969 0.001563 0.051562
12 0.437500 0.367188 0.015625 0.028125
9 0.408594 0.342969 0.001563 0.051562
12 0.334375 0.367188 0.015625 0.028125
8 0.353125 0.356250 0.006250 0.006250
12 0.284375 0.367188 0.015625 0.028125
9 0.260156 0.342187 0.001563 0.053125
9 0.225781 0.342187 0.001563 0.053125
12 0.162500 0.367188 0.015625 0.028125
12 0.084375 0.367188 0.015625 0.028125
9 0.055469 0.342969 0.001563 0.051562
8 0.001563 0.356250 0.003125 0.006250
0 0.779687 0.373437 0.021875 0.018750
0 0.631250 0.373437 0.021875 0.018750
0 0.595313 0.373437 0.021875 0.018750
0 0.518750 0.373437 0.021875 0.018750
0 0.398438 0.373437 0.021875 0.018750
0 0.251563 0.373437 0.021875 0.018750
0 0.215625 0.373437 0.021875 0.018750
0 0.045312 0.373437 0.021875 0.018750
