10 0.657813 0.325781 0.046875 0.020313
10 0.195312 0.325781 0.046875 0.020313
9 0.860938 0.364844 0.003125 0.067187
9 0.400000 0.364844 0.003125 0.067187
12 0.803125 0.367188 0.015625 0.028125
9 0.725781 0.342969 0.001563 0.051562
9 0.680469 0.342187 0.001563 0.053125
9 0.635156 0.342187 0.001563 0.053125
12 0.557813 0.367188 0.015625 0.028125
9 0.525781 0.342969 0.001563 0.051562
12 0.434375 0.367188 0.015625 0.028125
8 0.453125 0.356250 0.006250 0.006250
12 0.342187 0.367188 0.015625 0.028125
9 0.263281 0.342969 0.001563 0.051562
9 0.217969 0.342187 0.001563 0.053125
9 0.172656 0.342187 0.001563 0.053125
12 0.096875 0.367188 0.015625 0.028125
9 0.017969 0.342187 0.001563 0.053125
0 0.715625 0.373437 0.021875 0.018750
0 0.670312 0.373437 0.021875 0.018750
0 0.625000 0.373437 0.021875 0.018750
0 0.515625 0.373437 0.021875 0.018750
0 0.254688 0.373437 0.021875 0.018750
0 0.209375 0.373437 0.021875 0.018750
0 0.164062 0.373437 0.021875 0.018750
0 0.010156 0.373437 0.020313 0.018750
