9 0.860938 0.364844 0.003125 0.067187
9 0.389062 0.364844 0.003125 0.067187
15 0.766406 0.337500 0.017188 0.062500
9 0.758594 0.339062 0.001563 0.059375
12 0.696094 0.366406 0.023438 0.060937
12 0.596875 0.367188 0.015625 0.028125
12 0.480469 0.366406 0.023438 0.060937
15 0.442969 0.337500 0.017188 0.062500
9 0.435156 0.339062 0.001563 0.059375
15 0.294531 0.337500 0.017188 0.062500
9 0.286719 0.339062 0.001563 0.059375
12 0.224219 0.366406 0.023438 0.060937
12 0.125000 0.367188 0.015625 0.028125
12 0.029687 0.367188 0.015625 0.028125
0 0.750000 0.373437 0.021875 0.018750
0 0.425000 0.373437 0.021875 0.018750
0 0.276562 0.373437 0.021875 0.018750
