10 0.348438 0.017969 0.696875 0.032813
10 0.384375 0.173437 0.768750 0.043750
10 0.403125 0.328125 0.806250 0.056250
9 0.823438 0.209375 0.003125 0.418750
9 0.805469 0.344531 0.001563 0.089063
9 0.769531 0.344531 0.001563 0.089063
9 0.732031 0.344531 0.001563 0.089063
9 0.696094 0.344531 0.001563 0.089063
9 0.658594 0.344531 0.001563 0.089063
9 0.622656 0.344531 0.001563 0.089063
9 0.585156 0.344531 0.001563 0.089063
9 0.549219 0.344531 0.001563 0.089063
9 0.513281 0.344531 0.001563 0.089063
9 0.475781 0.344531 0.001563 0.089063
9 0.439844 0.344531 0.001563 0.089063
9 0.402344 0.344531 0.001563 0.089063
9 0.366406 0.344531 0.001563 0.089063
9 0.328906 0.344531 0.001563 0.089063
9 0.292969 0.344531 0.001563 0.089063
9 0.257031 0.344531 0.001563 0.089063
9 0.219531 0.344531 0.001563 0.089063
9 0.183594 0.344531 0.001563 0.089063
9 0.146094 0.344531 0.001563 0.089063
9 0.110156 0.344531 0.001563 0.089063
9 0.074219 0.344531 0.001563 0.089063
9 0.036719 0.344531 0.001563 0.089063
9 0.000781 0.344531 0.001563 0.089063
15 0.842187 0.401562 0.025000 0.034375
9 0.769531 0.190625 0.001563 0.078125
9 0.696094 0.190625 0.001563 0.078125
9 0.622656 0.190625 0.001563 0.078125
9 0.549219 0.190625 0.001563 0.078125
9 0.475781 0.190625 0.001563 0.078125
9 0.402344 0.190625 0.001563 0.078125
9 0.328906 0.190625 0.001563 0.078125
9 0.257031 0.190625 0.001563 0.078125
9 0.183594 0.190625 0.001563 0.078125
9 0.110156 0.190625 0.001563 0.078125
9 0.036719 0.190625 0.001563 0.078125
15 0.842187 0.240625 0.025000 0.034375
9 0.696094 0.034375 0.001563 0.065625
9 0.549219 0.034375 0.001563 0.065625
9 0.402344 0.034375 0.001563 0.065625
9 0.257031 0.034375 0.001563 0.065625
9 0.110156 0.034375 0.001563 0.065625
15 0.842187 0.079687 0.025000 0.034375
0 0.796875 0.393750 0.021875 0.018750
0 0.759375 0.393750 0.021875 0.018750
0 0.723437 0.393750 0.021875 0.018750
0 0.685937 0.393750 0.021875 0.018750
0 0.650000 0.393750 0.021875 0.018750
0 0.612500 0.393750 0.021875 0.018750
0 0.576562 0.393750 0.021875 0.018750
0 0.540625 0.393750 0.021875 0.018750
0 0.503125 0.393750 0.021875 0.018750
0 0.467187 0.393750 0.021875 0.018750
0 0.429688 0.393750 0.021875 0.018750
0 0.393750 0.393750 0.021875 0.018750
0 0.356250 0.393750 0.021875 0.018750
0 0.320312 0.393750 0.021875 0.018750
0 0.284375 0.393750 0.021875 0.018750
0 0.246875 0.393750 0.021875 0.018750
0 0.210938 0.393750 0.021875 0.018750
0 0.173437 0.393750 0.021875 0.018750
0 0.137500 0.393750 0.021875 0.018750
0 0.100000 0.393750 0.021875 0.018750
0 0.064062 0.393750 0.021875 0.018750
0 0.028125 0.393750 0.021875 0.018750
0 0.759375 0.232813 0.021875 0.018750
0 0.685937 0.232813 0.021875 0.018750
0 0.612500 0.232813 0.021875 0.018750
0 0.540625 0.232813 0.021875 0.018750
0 0.467187 0.232813 0.021875 0.018750
0 0.393750 0.232813 0.021875 0.018750
0 0.320312 0.232813 0.021875 0.018750
0 0.246875 0.232813 0.021875 0.018750
0 0.173437 0.232813 0.021875 0.018750
0 0.100000 0.232813 0.021875 0.018750
0 0.028125 0.232813 0.021875 0.018750
0 0.685937 0.070312 0.021875 0.018750
0 0.540625 0.070312 0.021875 0.018750
0 0.393750 0.070312 0.021875 0.018750
0 0.246875 0.070312 0.021875 0.018750
0 0.100000 0.070312 0.021875 0.018750
