10 0.988281 0.325781 0.023438 0.020313
10 0.615625 0.325781 0.043750 0.020313
10 0.489063 0.325781 0.043750 0.020313
10 0.159375 0.325781 0.043750 0.020313
10 0.032813 0.325781 0.043750 0.020313
14 0.659375 0.364844 0.003125 0.067187
14 0.204687 0.364844 0.003125 0.067187
9 0.977344 0.342187 0.001563 0.053125
9 0.892969 0.342969 0.001563 0.051562
11 0.778125 0.367188 0.015625 0.028125
9 0.707031 0.342969 0.001563 0.051562
9 0.636719 0.342187 0.001563 0.053125
9 0.594531 0.342187 0.001563 0.053125
9 0.510156 0.342187 0.001563 0.053125
9 0.467969 0.342187 0.001563 0.053125
9 0.383594 0.342969 0.001563 0.051562
11 0.298438 0.367188 0.015625 0.028125
8 0.317188 0.356250 0.006250 0.006250
11 0.237500 0.367188 0.015625 0.028125
9 0.180469 0.342187 0.001563 0.053125
9 0.138281 0.342187 0.001563 0.053125
9 0.053906 0.342187 0.001563 0.053125
9 0.011719 0.342187 0.001563 0.053125
0 0.967187 0.373437 0.021875 0.018750
0 0.882812 0.373437 0.021875 0.018750
0 0.696875 0.373437 0.021875 0.018750
0 0.626563 0.373437 0.021875 0.018750
0 0.584375 0.373437 0.021875 0.018750
0 0.500000 0.373437 0.021875 0.018750
0 0.457813 0.373437 0.021875 0.018750
0 0.373437 0.373437 0.021875 0.018750
0 0.171875 0.373437 0.021875 0.018750
0 0.129688 0.373437 0.021875 0.018750
0 0.045312 0.373437 0.021875 0.018750
0 0.007031 0.373437 0.014063 0.018750
