10 0.512500 0.319531 0.096875 0.032813
10 0.018750 0.319531 0.037500 0.032813
9 0.646875 0.364844 0.003125 0.067187
9 0.123438 0.364844 0.003125 0.067187
9 0.988281 0.335938 0.001563 0.065625
12 0.932031 0.366406 0.023438 0.060937
15 0.900781 0.337500 0.017188 0.062500
9 0.892969 0.339062 0.001563 0.059375
12 0.836719 0.366406 0.023438 0.060937
15 0.747656 0.337500 0.017188 0.062500
9 0.739844 0.339062 0.001563 0.059375
12 0.683594 0.366406 0.023438 0.060937
9 0.558594 0.335938 0.001563 0.065625
9 0.511719 0.335938 0.001563 0.065625
9 0.464844 0.335938 0.001563 0.065625
12 0.408594 0.366406 0.023438 0.060937
15 0.377344 0.337500 0.017188 0.062500
9 0.369531 0.339062 0.001563 0.059375
12 0.314844 0.366406 0.023438 0.060937
12 0.208594 0.366406 0.023438 0.060937
15 0.177344 0.337500 0.017188 0.062500
9 0.169531 0.339062 0.001563 0.059375
9 0.036719 0.335938 0.001563 0.065625
0 0.978125 0.373437 0.021875 0.018750
0 0.884375 0.373437 0.021875 0.018750
0 0.729688 0.373437 0.021875 0.018750
0 0.550000 0.373437 0.021875 0.018750
0 0.503125 0.373437 0.021875 0.018750
0 0.454688 0.373437 0.021875 0.018750
0 0.360938 0.373437 0.021875 0.018750
0 0.160938 0.373437 0.021875 0.018750
0 0.026562 0.373437 0.021875 0.018750
