10 0.937500 0.319531 0.043750 0.032813
10 0.768750 0.319531 0.043750 0.032813
10 0.428125 0.319531 0.043750 0.032813
14 0.659375 0.364844 0.003125 0.067187
14 0.148438 0.364844 0.003125 0.067187
11 0.990625 0.366406 0.018750 0.060937
9 0.960156 0.335938 0.001563 0.065625
9 0.916406 0.335938 0.001563 0.065625
11 0.866406 0.366406 0.023438 0.060937
11 0.824219 0.366406 0.023438 0.060937
9 0.789844 0.335938 0.001563 0.065625
9 0.747656 0.335938 0.001563 0.065625
11 0.696094 0.366406 0.023438 0.060937
14 0.636719 0.337500 0.017188 0.062500
9 0.628906 0.339062 0.001563 0.059375
14 0.541406 0.337500 0.017188 0.062500
9 0.533594 0.339062 0.001563 0.059375
11 0.483594 0.366406 0.023438 0.060937
9 0.449219 0.335938 0.001563 0.065625
9 0.407031 0.335938 0.001563 0.065625
11 0.355469 0.366406 0.023438 0.060937
11 0.313281 0.366406 0.023438 0.060937
14 0.288281 0.337500 0.017188 0.062500
9 0.280469 0.339062 0.001563 0.059375
11 0.228906 0.366406 0.023438 0.060937
14 0.202344 0.337500 0.017188 0.062500
9 0.194531 0.339062 0.001563 0.059375
14 0.127344 0.337500 0.017188 0.062500
9 0.119531 0.339062 0.001563 0.059375
14 0.032031 0.337500 0.017188 0.062500
9 0.024219 0.339062 0.001563 0.059375
0 0.950000 0.373437 0.021875 0.018750
0 0.907813 0.373437 0.021875 0.018750
0 0.781250 0.373437 0.021875 0.018750
0 0.739062 0.373437 0.021875 0.018750
0 0.620313 0.373437 0.021875 0.018750
0 0.525000 0.373437 0.021875 0.018750
0 0.439063 0.373437 0.021875 0.018750
0 0.396875 0.373437 0.021875 0.018750
0 0.270313 0.373437 0.021875 0.018750
0 0.185938 0.373437 0.021875 0.018750
0 0.109375 0.373437 0.021875 0.018750
0 0.014063 0.373437 0.021875 0.018750
