10 0.503906 0.325781 0.045312 0.020313
10 0.013281 0.325781 0.026562 0.020313
9 0.643750 0.364844 0.003125 0.067187
9 0.142187 0.364844 0.003125 0.067187
12 0.935937 0.367188 0.015625 0.028125
9 0.905469 0.342969 0.001563 0.051562
9 0.817969 0.342969 0.001563 0.051562
9 0.732031 0.342969 0.001563 0.051562
9 0.611719 0.342969 0.001563 0.051562
9 0.525781 0.342187 0.001563 0.053125
9 0.482031 0.342187 0.001563 0.053125
12 0.409375 0.367188 0.015625 0.028125
9 0.378906 0.342969 0.001563 0.051562
9 0.292969 0.342969 0.001563 0.051562
12 0.218750 0.367188 0.015625 0.028125
9 0.188281 0.342969 0.001563 0.051562
9 0.110156 0.342969 0.001563 0.051562
9 0.024219 0.342187 0.001563 0.053125
0 0.994531 0.373437 0.010937 0.018750
0 0.895312 0.373437 0.021875 0.018750
0 0.809375 0.373437 0.021875 0.018750
0 0.723437 0.373437 0.021875 0.018750
0 0.603125 0.373437 0.021875 0.018750
0 0.515625 0.373437 0.021875 0.018750
0 0.473438 0.373437 0.021875 0.018750
0 0.368750 0.373437 0.021875 0.018750
0 0.282813 0.373437 0.021875 0.018750
0 0.178125 0.373437 0.021875 0.018750
0 0.101562 0.373437 0.021875 0.018750
0 0.015625 0.373437 0.021875 0.018750
