10 0.711719 0.319531 0.048438 0.032813
10 0.576562 0.319531 0.046875 0.032813
10 0.277344 0.319531 0.048438 0.032813
10 0.038281 0.319531 0.076563 0.032813
14 0.860938 0.364844 0.003125 0.067187
14 0.428125 0.364844 0.003125 0.067187
11 0.771094 0.366406 0.023438 0.060937
9 0.735156 0.335938 0.001563 0.065625
9 0.688281 0.335938 0.001563 0.065625
11 0.635156 0.366406 0.023438 0.060937
9 0.597656 0.335938 0.001563 0.065625
9 0.553906 0.335938 0.001563 0.065625
11 0.462500 0.367188 0.015625 0.028125
11 0.338281 0.366406 0.023438 0.060937
9 0.302344 0.335938 0.001563 0.065625
9 0.253906 0.335938 0.001563 0.065625
11 0.200781 0.366406 0.023438 0.060937
14 0.172656 0.337500 0.017188 0.062500
9 0.164844 0.339062 0.001563 0.059375
11 0.111719 0.366406 0.023438 0.060937
9 0.075781 0.335938 0.001563 0.065625
9 0.030469 0.335938 0.001563 0.065625
0 0.725000 0.373437 0.021875 0.018750
0 0.678125 0.373437 0.021875 0.018750
0 0.589063 0.373437 0.021875 0.018750
0 0.543750 0.373437 0.021875 0.018750
0 0.292187 0.373437 0.021875 0.018750
0 0.245312 0.373437 0.021875 0.018750
0 0.156250 0.373437 0.021875 0.018750
0 0.067187 0.373437 0.021875 0.018750
0 0.021875 0.373437 0.021875 0.018750
