10 0.393750 0.325781 0.100000 0.020313
10 0.262500 0.325781 0.100000 0.020313
10 0.022656 0.325781 0.045312 0.020313
14 0.860938 0.364844 0.003125 0.067187
14 0.564063 0.364844 0.003125 0.067187
14 0.167187 0.364844 0.003125 0.067187
9 0.830469 0.342969 0.001563 0.051562
11 0.771875 0.367188 0.015625 0.028125
9 0.742969 0.342969 0.001563 0.051562
11 0.664844 0.364844 0.017188 0.048438
11 0.599219 0.364844 0.017188 0.048438
9 0.533594 0.342969 0.001563 0.051562
11 0.464062 0.367188 0.015625 0.028125
8 0.482812 0.356250 0.006250 0.006250
9 0.442969 0.342187 0.001563 0.053125
9 0.410156 0.342187 0.001563 0.053125
9 0.377344 0.342187 0.001563 0.053125
9 0.344531 0.342187 0.001563 0.053125
9 0.311719 0.342187 0.001563 0.053125
9 0.278906 0.342187 0.001563 0.053125
9 0.246094 0.342187 0.001563 0.053125
9 0.213281 0.342187 0.001563 0.053125
9 0.135156 0.342969 0.001563 0.051562
11 0.065625 0.367188 0.015625 0.028125
8 0.085938 0.356250 0.006250 0.006250
9 0.046094 0.342187 0.001563 0.053125
9 0.013281 0.342187 0.001563 0.053125
0 0.821875 0.373437 0.021875 0.018750
0 0.732812 0.373437 0.021875 0.018750
0 0.523438 0.373437 0.021875 0.018750
0 0.434375 0.373437 0.021875 0.018750
0 0.401562 0.373437 0.021875 0.018750
0 0.368750 0.373437 0.021875 0.018750
0 0.335938 0.373437 0.021875 0.018750
0 0.301563 0.373437 0.021875 0.018750
0 0.268750 0.373437 0.021875 0.018750
0 0.235937 0.373437 0.021875 0.018750
0 0.203125 0.373437 0.021875 0.018750
0 0.126562 0.373437 0.021875 0.018750
0 0.035937 0.373437 0.021875 0.018750
0 0.007031 0.373437 0.014063 0.018750
