10 0.632812 0.325781 0.034375 0.020313
10 0.262500 0.325781 0.034375 0.020313
10 0.103125 0.325781 0.034375 0.020313
9 0.771875 0.364844 0.003125 0.067187
9 0.401562 0.364844 0.003125 0.067187
9 0.040625 0.364844 0.003125 0.067187
12 0.954688 0.367188 0.015625 0.028125
9 0.892969 0.342969 0.001563 0.051562
9 0.817969 0.342969 0.001563 0.051562
9 0.739844 0.342969 0.001563 0.051562
12 0.670312 0.367188 0.015625 0.028125
8 0.690625 0.356250 0.006250 0.006250
9 0.649219 0.342187 0.001563 0.053125
9 0.616406 0.342187 0.001563 0.053125
12 0.557813 0.367188 0.015625 0.028125
9 0.494531 0.342969 0.001563 0.051562
12 0.435937 0.367188 0.015625 0.028125
9 0.371094 0.342969 0.001563 0.051562
12 0.300000 0.367188 0.015625 0.028125
8 0.320312 0.356250 0.006250 0.006250
9 0.280469 0.342187 0.001563 0.053125
9 0.246094 0.342187 0.001563 0.053125
12 0.187500 0.367188 0.015625 0.028125
12 0.140625 0.367188 0.015625 0.028125
9 0.119531 0.342187 0.001563 0.053125
9 0.086719 0.342187 0.001563 0.053125
9 0.008594 0.342969 0.001563 0.051562
0 0.882812 0.373437 0.021875 0.018750
0 0.807813 0.373437 0.021875 0.018750
0 0.731250 0.373437 0.021875 0.018750
0 0.640625 0.373437 0.021875 0.018750
0 0.607812 0.373437 0.021875 0.018750
0 0.485938 0.373437 0.021875 0.018750
0 0.360938 0.373437 0.021875 0.018750
0 0.270313 0.373437 0.021875 0.018750
0 0.237500 0.373437 0.021875 0.018750
0 0.110937 0.373437 0.021875 0.018750
0 0.076563 0.373437 0.021875 0.018750
0 0.005469 0.373437 0.010937 0.018750
