10 0.957812 0.319531 0.050000 0.032813
10 0.423438 0.319531 0.050000 0.032813
9 0.634375 0.364844 0.003125 0.067187
9 0.134375 0.364844 0.003125 0.067187
9 0.982031 0.335938 0.001563 0.065625
9 0.933594 0.335938 0.001563 0.065625
15 0.833594 0.337500 0.017188 0.062500
9 0.825781 0.339062 0.001563 0.059375
12 0.767969 0.366406 0.023438 0.060937
15 0.736719 0.337500 0.017188 0.062500
9 0.728906 0.339062 0.001563 0.059375
12 0.671094 0.366406 0.023438 0.060937
15 0.552344 0.337500 0.017188 0.062500
9 0.544531 0.339062 0.001563 0.059375
12 0.486719 0.366406 0.023438 0.060937
9 0.447656 0.335938 0.001563 0.065625
9 0.399219 0.335938 0.001563 0.065625
15 0.297656 0.337500 0.017188 0.062500
9 0.289844 0.339062 0.001563 0.059375
15 0.188281 0.337500 0.017188 0.062500
9 0.180469 0.339062 0.001563 0.059375
15 0.052344 0.337500 0.017188 0.062500
9 0.044531 0.339062 0.001563 0.059375
0 0.973437 0.373437 0.021875 0.018750
0 0.925000 0.373437 0.021875 0.018750
0 0.815625 0.373437 0.021875 0.018750
0 0.718750 0.373437 0.021875 0.018750
0 0.534375 0.373437 0.021875 0.018750
0 0.437500 0.373437 0.021875 0.018750
0 0.389062 0.373437 0.021875 0.018750
0 0.281250 0.373437 0.021875 0.018750
0 0.171875 0.373437 0.021875 0.018750
0 0.035937 0.373437 0.021875 0.018750
