7 0.232813 0.391406 0.043750 0.114062
7 0.232813 0.066406 0.043750 0.114062
7 0.232813 0.228906 0.043750 0.114062
10 0.905469 0.062500 0.064062 0.037500
10 0.727344 0.064062 0.064062 0.040625
10 0.519531 0.073438 0.064062 0.025000
10 0.341406 0.073438 0.064062 0.025000
10 0.914844 0.201563 0.082812 0.050000
10 0.737500 0.212500 0.084375 0.037500
10 0.529687 0.228906 0.084375 0.035937
10 0.351562 0.228906 0.084375 0.035937
10 0.889844 0.379688 0.032813 0.053125
10 0.712500 0.378906 0.034375 0.051562
10 0.504687 0.378906 0.034375 0.051562
10 0.326562 0.378906 0.034375 0.051562
9 0.201563 0.211719 0.003125 0.423438
9 0.650000 0.211719 0.003125 0.423438
12 0.973437 0.392188 0.015625 0.028125
9 0.905469 0.386719 0.001563 0.060937
9 0.874219 0.420312 0.001563 0.093750
12 0.795312 0.392188 0.015625 0.028125
9 0.727344 0.392188 0.001563 0.068750
9 0.696094 0.424219 0.001563 0.101562
12 0.589063 0.392188 0.015625 0.028125
9 0.521094 0.396875 0.001563 0.078125
9 0.488281 0.428125 0.001563 0.109375
12 0.410938 0.392188 0.015625 0.028125
9 0.342969 0.400781 0.001563 0.085938
9 0.310156 0.432031 0.001563 0.117188
12 0.973437 0.229687 0.015625 0.028125
9 0.953906 0.217188 0.001563 0.075000
9 0.874219 0.257031 0.001563 0.095312
12 0.795312 0.229687 0.015625 0.028125
9 0.777344 0.231250 0.001563 0.065625
9 0.696094 0.263281 0.001563 0.098437
12 0.589063 0.229687 0.015625 0.028125
9 0.571094 0.242969 0.001563 0.057813
9 0.488281 0.273438 0.001563 0.093750
12 0.410938 0.229687 0.015625 0.028125
9 0.392969 0.246875 0.001563 0.065625
9 0.310156 0.277344 0.001563 0.101562
12 0.973437 0.067187 0.015625 0.028125
9 0.935156 0.069531 0.001563 0.045312
9 0.874219 0.103125 0.001563 0.078125
12 0.795312 0.067187 0.015625 0.028125
9 0.758594 0.074219 0.001563 0.054688
9 0.696094 0.108594 0.001563 0.082812
12 0.589063 0.067187 0.015625 0.028125
9 0.550781 0.086719 0.001563 0.045312
9 0.488281 0.114062 0.001563 0.090625
12 0.410938 0.067187 0.015625 0.028125
9 0.372656 0.090625 0.001563 0.053125
9 0.310156 0.117969 0.001563 0.098437
0 0.895312 0.421875 0.021875 0.018750
0 0.864062 0.470313 0.021875 0.018750
0 0.718750 0.429688 0.021875 0.018750
0 0.685937 0.478125 0.021875 0.018750
0 0.510938 0.437500 0.021875 0.018750
0 0.479687 0.485938 0.021875 0.018750
0 0.332813 0.445312 0.021875 0.018750
0 0.301563 0.493750 0.021875 0.018750
0 0.945312 0.259375 0.021875 0.018750
0 0.864062 0.307812 0.021875 0.018750
0 0.768750 0.267188 0.021875 0.018750
0 0.685937 0.315625 0.021875 0.018750
0 0.560937 0.275000 0.021875 0.018750
0 0.479687 0.323437 0.021875 0.018750
0 0.382812 0.282813 0.021875 0.018750
0 0.301563 0.331250 0.021875 0.018750
0 0.926562 0.096875 0.021875 0.018750
0 0.864062 0.145313 0.021875 0.018750
0 0.750000 0.104688 0.021875 0.018750
0 0.685937 0.153125 0.021875 0.018750
0 0.542188 0.112500 0.021875 0.018750
0 0.479687 0.160938 0.021875 0.018750
0 0.364063 0.120313 0.021875 0.018750
0 0.301563 0.168750 0.021875 0.018750
0 0.479687 0.003906 0.021875 0.007812
0 0.301563 0.008594 0.021875 0.017188
