10 0.885938 0.319531 0.137500 0.032813
10 0.385937 0.319531 0.137500 0.032813
9 0.670312 0.364844 0.003125 0.067187
9 0.203125 0.364844 0.003125 0.067187
12 0.988281 0.366406 0.023438 0.060937
9 0.952344 0.335938 0.001563 0.065625
9 0.907031 0.335938 0.001563 0.065625
9 0.861719 0.335938 0.001563 0.065625
9 0.817969 0.335938 0.001563 0.065625
15 0.724219 0.337500 0.017188 0.062500
9 0.716406 0.339062 0.001563 0.059375
15 0.596094 0.337500 0.017188 0.062500
9 0.588281 0.339062 0.001563 0.059375
12 0.533594 0.366406 0.023438 0.060937
12 0.489844 0.366406 0.023438 0.060937
9 0.452344 0.335938 0.001563 0.065625
9 0.408594 0.335938 0.001563 0.065625
9 0.363281 0.335938 0.001563 0.065625
9 0.317969 0.335938 0.001563 0.065625
8 0.260937 0.356250 0.006250 0.006250
15 0.128906 0.337500 0.017188 0.062500
9 0.121094 0.339062 0.001563 0.059375
12 0.067969 0.366406 0.023438 0.060937
12 0.022656 0.366406 0.023438 0.060937
0 0.942187 0.373437 0.021875 0.018750
0 0.898438 0.373437 0.021875 0.018750
0 0.853125 0.373437 0.021875 0.018750
0 0.807813 0.373437 0.021875 0.018750
0 0.706250 0.373437 0.021875 0.018750
0 0.578125 0.373437 0.021875 0.018750
0 0.443750 0.373437 0.021875 0.018750
0 0.398438 0.373437 0.021875 0.018750
0 0.353125 0.373437 0.021875 0.018750
0 0.309375 0.373437 0.021875 0.018750
0 0.110937 0.373437 0.021875 0.018750
