7 0.262500 0.366406 0.043750 0.114062
10 0.520312 0.319531 0.096875 0.032813
14 0.748437 0.364844 0.003125 0.067187
9 0.994531 0.335938 0.001563 0.065625
11 0.939844 0.366406 0.023438 0.060937
11 0.833594 0.366406 0.023438 0.060937
14 0.802344 0.337500 0.017188 0.062500
9 0.794531 0.339062 0.001563 0.059375
14 0.669531 0.337500 0.017188 0.062500
9 0.661719 0.339062 0.001563 0.059375
11 0.605469 0.366406 0.023438 0.060937
9 0.566406 0.335938 0.001563 0.065625
9 0.519531 0.335938 0.001563 0.065625
9 0.472656 0.335938 0.001563 0.065625
11 0.416406 0.366406 0.023438 0.060937
11 0.329688 0.367188 0.015625 0.028125
0 0.985938 0.373437 0.021875 0.018750
0 0.785937 0.373437 0.021875 0.018750
0 0.651563 0.373437 0.021875 0.018750
0 0.557813 0.373437 0.021875 0.018750
0 0.509375 0.373437 0.021875 0.018750
0 0.462500 0.373437 0.021875 0.018750
