10 0.982812 0.319531 0.034375 0.032813
10 0.600781 0.319531 0.045312 0.032813
10 0.467969 0.319531 0.048438 0.032813
10 0.111719 0.319531 0.045312 0.032813
9 0.648438 0.364844 0.003125 0.067187
9 0.159375 0.364844 0.003125 0.067187
9 0.966406 0.335938 0.001563 0.065625
15 0.875781 0.337500 0.017188 0.062500
9 0.867969 0.339062 0.001563 0.059375
12 0.816406 0.366406 0.023438 0.060937
15 0.789844 0.337500 0.017188 0.062500
9 0.782031 0.339062 0.001563 0.059375
12 0.728906 0.366406 0.023438 0.060937
15 0.702344 0.337500 0.017188 0.062500
9 0.694531 0.339062 0.001563 0.059375
9 0.622656 0.335938 0.001563 0.065625
9 0.578906 0.335938 0.001563 0.065625
12 0.527344 0.366406 0.023438 0.060937
9 0.491406 0.335938 0.001563 0.065625
9 0.444531 0.335938 0.001563 0.065625
15 0.355469 0.337500 0.017188 0.062500
9 0.347656 0.339062 0.001563 0.059375
12 0.294531 0.366406 0.023438 0.060937
15 0.267969 0.337500 0.017188 0.062500
9 0.260156 0.339062 0.001563 0.059375
9 0.133594 0.335938 0.001563 0.065625
9 0.089844 0.335938 0.001563 0.065625
12 0.038281 0.366406 0.023438 0.060937
9 0.003906 0.335938 0.001563 0.065625
0 0.957812 0.373437 0.021875 0.018750
0 0.859375 0.373437 0.021875 0.018750
0 0.771875 0.373437 0.021875 0.018750
0 0.684375 0.373437 0.021875 0.018750
0 0.614062 0.373437 0.021875 0.018750
0 0.570312 0.373437 0.021875 0.018750
0 0.482812 0.373437 0.021875 0.018750
0 0.435937 0.373437 0.021875 0.018750
0 0.337500 0.373437 0.021875 0.018750
0 0.250000 0.373437 0.021875 0.018750
0 0.125000 0.373437 0.021875 0.018750
0 0.081250 0.373437 0.021875 0.018750
