7 0.262500 0.366406 0.043750 0.114062
9 0.795312 0.364844 0.003125 0.067187
12 0.985938 0.367188 0.015625 0.028125
12 0.920312 0.367188 0.015625 0.028125
9 0.886719 0.342969 0.001563 0.051562
12 0.735938 0.367188 0.015625 0.028125
9 0.702344 0.342969 0.001563 0.051562
9 0.564844 0.342969 0.001563 0.051562
12 0.485938 0.367188 0.015625 0.028125
12 0.421875 0.367188 0.015625 0.028125
9 0.341406 0.342969 0.001563 0.051562
0 0.878125 0.373437 0.021875 0.018750
0 0.693750 0.373437 0.021875 0.018750
0 0.554688 0.373437 0.021875 0.018750
0 0.332813 0.373437 0.021875 0.018750
