7 0.262500 0.366406 0.043750 0.114062
10 0.927344 0.319531 0.045312 0.032813
10 0.706250 0.319531 0.087500 0.032813
10 0.416406 0.319531 0.045312 0.032813
9 0.773438 0.364844 0.003125 0.067187
12 0.983594 0.366406 0.023438 0.060937
9 0.949219 0.335938 0.001563 0.065625
9 0.905469 0.335938 0.001563 0.065625
12 0.853906 0.366406 0.023438 0.060937
15 0.827344 0.337500 0.017188 0.062500
9 0.819531 0.339062 0.001563 0.059375
9 0.749219 0.335938 0.001563 0.065625
9 0.707031 0.335938 0.001563 0.065625
9 0.663281 0.335938 0.001563 0.065625
12 0.611719 0.366406 0.023438 0.060937
15 0.532031 0.337500 0.017188 0.062500
9 0.524219 0.339062 0.001563 0.059375
12 0.472656 0.366406 0.023438 0.060937
9 0.438281 0.335938 0.001563 0.065625
9 0.394531 0.335938 0.001563 0.065625
0 0.939063 0.373437 0.021875 0.018750
0 0.896875 0.373437 0.021875 0.018750
0 0.810937 0.373437 0.021875 0.018750
0 0.740625 0.373437 0.021875 0.018750
0 0.696875 0.373437 0.021875 0.018750
0 0.654687 0.373437 0.021875 0.018750
0 0.514062 0.373437 0.021875 0.018750
0 0.428125 0.373437 0.021875 0.018750
0 0.385937 0.373437 0.021875 0.018750
