10 0.614844 0.325781 0.035937 0.020313
14 0.856250 0.364844 0.003125 0.067187
14 0.551562 0.364844 0.003125 0.067187
14 0.239063 0.364844 0.003125 0.067187
9 0.952344 0.342969 0.001563 0.051562
11 0.890625 0.367188 0.015625 0.028125
11 0.780469 0.364844 0.017188 0.048438
8 0.800000 0.356250 0.006250 0.006250
9 0.714844 0.342969 0.001563 0.051562
11 0.654687 0.367188 0.015625 0.028125
9 0.632031 0.342187 0.001563 0.053125
9 0.597656 0.342187 0.001563 0.053125
11 0.474219 0.364844 0.017188 0.048438
8 0.495312 0.356250 0.006250 0.006250
9 0.410156 0.342969 0.001563 0.051562
11 0.348438 0.367188 0.015625 0.028125
9 0.319531 0.342969 0.001563 0.051562
11 0.161719 0.364844 0.017188 0.048438
8 0.182812 0.356250 0.006250 0.006250
9 0.097656 0.342969 0.001563 0.051562
11 0.035937 0.367188 0.015625 0.028125
0 0.942187 0.373437 0.021875 0.018750
0 0.706250 0.373437 0.021875 0.018750
0 0.623437 0.373437 0.021875 0.018750
0 0.589063 0.373437 0.021875 0.018750
0 0.401562 0.373437 0.021875 0.018750
0 0.310937 0.373437 0.021875 0.018750
0 0.089063 0.373437 0.021875 0.018750
