10 0.514062 0.319531 0.134375 0.032813
10 0.062500 0.319531 0.125000 0.032813
9 0.648438 0.364844 0.003125 0.067187
9 0.192188 0.364844 0.003125 0.067187
9 0.967969 0.335938 0.001563 0.065625
12 0.916406 0.366406 0.023438 0.060937
15 0.888281 0.337500 0.017188 0.062500
9 0.880469 0.339062 0.001563 0.059375
12 0.828906 0.366406 0.023438 0.060937
12 0.728906 0.366406 0.023438 0.060937
15 0.702344 0.337500 0.017188 0.062500
9 0.694531 0.339062 0.001563 0.059375
12 0.614844 0.366406 0.023438 0.060937
9 0.578906 0.335938 0.001563 0.065625
9 0.535156 0.335938 0.001563 0.065625
9 0.491406 0.335938 0.001563 0.065625
9 0.447656 0.335938 0.001563 0.065625
12 0.394531 0.366406 0.023438 0.060937
15 0.367969 0.337500 0.017188 0.062500
9 0.360156 0.339062 0.001563 0.059375
12 0.307031 0.366406 0.023438 0.060937
12 0.225000 0.367188 0.015625 0.028125
12 0.158594 0.366406 0.023438 0.060937
9 0.122656 0.335938 0.001563 0.065625
9 0.078906 0.335938 0.001563 0.065625
9 0.035156 0.335938 0.001563 0.065625
0 0.996094 0.373437 0.007812 0.018750
0 0.959375 0.373437 0.021875 0.018750
0 0.871875 0.373437 0.021875 0.018750
0 0.684375 0.373437 0.021875 0.018750
0 0.570312 0.373437 0.021875 0.018750
0 0.525000 0.373437 0.021875 0.018750
0 0.481250 0.373437 0.021875 0.018750
0 0.437500 0.373437 0.021875 0.018750
0 0.350000 0.373437 0.021875 0.018750
0 0.114062 0.373437 0.021875 0.018750
0 0.068750 0.373437 0.021875 0.018750
0 0.025000 0.373437 0.021875 0.018750
