10 0.740625 0.319531 0.050000 0.032813
9 0.670312 0.364844 0.003125 0.067187
9 0.170313 0.364844 0.003125 0.067187
12 0.913281 0.366406 0.023438 0.060937
15 0.880469 0.337500 0.017188 0.062500
9 0.872656 0.339062 0.001563 0.059375
9 0.764844 0.335938 0.001563 0.065625
9 0.716406 0.335938 0.001563 0.065625
15 0.586719 0.337500 0.017188 0.062500
9 0.578906 0.339062 0.001563 0.059375
12 0.522656 0.366406 0.023438 0.060937
12 0.413281 0.366406 0.023438 0.060937
15 0.382031 0.337500 0.017188 0.062500
9 0.374219 0.339062 0.001563 0.059375
15 0.272656 0.337500 0.017188 0.062500
9 0.264844 0.339062 0.001563 0.059375
12 0.207031 0.366406 0.023438 0.060937
15 0.088281 0.337500 0.017188 0.062500
9 0.080469 0.339062 0.001563 0.059375
12 0.022656 0.366406 0.023438 0.060937
0 0.864062 0.373437 0.021875 0.018750
0 0.754687 0.373437 0.021875 0.018750
0 0.706250 0.373437 0.021875 0.018750
0 0.570312 0.373437 0.021875 0.018750
0 0.364063 0.373437 0.021875 0.018750
0 0.254688 0.373437 0.021875 0.018750
0 0.070312 0.373437 0.021875 0.018750
