7 0.262500 0.366406 0.043750 0.114062
10 0.935937 0.325781 0.046875 0.020313
10 0.756250 0.325781 0.046875 0.020313
10 0.542188 0.325781 0.046875 0.020313
10 0.364063 0.325781 0.046875 0.020313
9 0.803125 0.364844 0.003125 0.067187
9 0.957031 0.342187 0.001563 0.053125
9 0.913281 0.342187 0.001563 0.053125
12 0.837500 0.367188 0.015625 0.028125
9 0.777344 0.342187 0.001563 0.053125
9 0.733594 0.342187 0.001563 0.053125
12 0.657813 0.367188 0.015625 0.028125
12 0.595313 0.367188 0.015625 0.028125
9 0.563281 0.342187 0.001563 0.053125
9 0.519531 0.342187 0.001563 0.053125
9 0.474219 0.342969 0.001563 0.051562
9 0.385156 0.342187 0.001563 0.053125
9 0.341406 0.342187 0.001563 0.053125
0 0.990625 0.373437 0.018750 0.018750
0 0.948438 0.373437 0.021875 0.018750
0 0.903125 0.373437 0.021875 0.018750
0 0.768750 0.373437 0.021875 0.018750
0 0.725000 0.373437 0.021875 0.018750
0 0.554688 0.373437 0.021875 0.018750
0 0.509375 0.373437 0.021875 0.018750
0 0.465625 0.373437 0.021875 0.018750
0 0.376563 0.373437 0.021875 0.018750
0 0.332813 0.373437 0.021875 0.018750
