7 0.262500 0.366406 0.043750 0.114062
10 0.840625 0.325781 0.040625 0.020313
10 0.468750 0.325781 0.040625 0.020313
9 0.637500 0.364844 0.003125 0.067187
12 0.939844 0.364844 0.017188 0.048438
12 0.885938 0.367188 0.015625 0.028125
9 0.860156 0.342187 0.001563 0.053125
9 0.821094 0.342187 0.001563 0.053125
9 0.778906 0.342969 0.001563 0.051562
12 0.712500 0.367188 0.015625 0.028125
9 0.683594 0.342969 0.001563 0.051562
12 0.567969 0.364844 0.017188 0.048438
12 0.514062 0.367188 0.015625 0.028125
9 0.488281 0.342187 0.001563 0.053125
9 0.449219 0.342187 0.001563 0.053125
9 0.407031 0.342969 0.001563 0.051562
12 0.329688 0.367188 0.015625 0.028125
8 0.348438 0.356250 0.006250 0.006250
0 0.850000 0.373437 0.021875 0.018750
0 0.812500 0.373437 0.021875 0.018750
0 0.770312 0.373437 0.021875 0.018750
0 0.675000 0.373437 0.021875 0.018750
0 0.478125 0.373437 0.021875 0.018750
0 0.440625 0.373437 0.021875 0.018750
0 0.398438 0.373437 0.021875 0.018750
