10 0.942969 0.319531 0.114062 0.032813
10 0.568750 0.319531 0.106250 0.032813
10 0.334375 0.319531 0.159375 0.032813
10 0.041406 0.319531 0.082812 0.032813
9 0.746875 0.364844 0.003125 0.067187
9 0.209375 0.364844 0.003125 0.067187
9 0.991406 0.335938 0.001563 0.065625
9 0.938281 0.335938 0.001563 0.065625
9 0.886719 0.335938 0.001563 0.065625
12 0.781250 0.367188 0.015625 0.028125
12 0.660937 0.367188 0.015625 0.028125
9 0.621094 0.335938 0.001563 0.065625
9 0.569531 0.335938 0.001563 0.065625
9 0.516406 0.335938 0.001563 0.065625
12 0.455469 0.366406 0.023438 0.060937
9 0.411719 0.335938 0.001563 0.065625
9 0.360156 0.335938 0.001563 0.065625
9 0.307031 0.335938 0.001563 0.065625
9 0.255469 0.335938 0.001563 0.065625
12 0.123438 0.367188 0.015625 0.028125
9 0.082031 0.335938 0.001563 0.065625
9 0.030469 0.335938 0.001563 0.065625
0 0.981250 0.373437 0.021875 0.018750
0 0.929688 0.373437 0.021875 0.018750
0 0.876563 0.373437 0.021875 0.018750
0 0.612500 0.373437 0.021875 0.018750
0 0.559375 0.373437 0.021875 0.018750
0 0.507812 0.373437 0.021875 0.018750
0 0.403125 0.373437 0.021875 0.018750
0 0.350000 0.373437 0.021875 0.018750
0 0.298438 0.373437 0.021875 0.018750
0 0.245312 0.373437 0.021875 0.018750
0 0.073438 0.373437 0.021875 0.018750
0 0.021875 0.373437 0.021875 0.018750
