7 0.262500 0.366406 0.043750 0.114062
10 0.977344 0.325781 0.045312 0.020313
10 0.797656 0.325781 0.067187 0.020313
10 0.621875 0.325781 0.100000 0.020313
10 0.432812 0.325781 0.034375 0.020313
9 0.685937 0.364844 0.003125 0.067187
9 0.988281 0.342187 0.001563 0.053125
9 0.955469 0.342187 0.001563 0.053125
12 0.896875 0.367188 0.015625 0.028125
12 0.850000 0.367188 0.015625 0.028125
9 0.830469 0.342187 0.001563 0.053125
9 0.797656 0.342187 0.001563 0.053125
9 0.764844 0.342187 0.001563 0.053125
9 0.671094 0.342187 0.001563 0.053125
9 0.638281 0.342187 0.001563 0.053125
9 0.605469 0.342187 0.001563 0.053125
9 0.572656 0.342187 0.001563 0.053125
12 0.514062 0.367188 0.015625 0.028125
12 0.468750 0.367188 0.015625 0.028125
9 0.449219 0.342187 0.001563 0.053125
9 0.416406 0.342187 0.001563 0.053125
9 0.341406 0.342969 0.001563 0.051562
0 0.978125 0.373437 0.021875 0.018750
0 0.945312 0.373437 0.021875 0.018750
0 0.820312 0.373437 0.021875 0.018750
0 0.787500 0.373437 0.021875 0.018750
0 0.756250 0.373437 0.021875 0.018750
0 0.662500 0.373437 0.021875 0.018750
0 0.629687 0.373437 0.021875 0.018750
0 0.596875 0.373437 0.021875 0.018750
0 0.564063 0.373437 0.021875 0.018750
0 0.439063 0.373437 0.021875 0.018750
0 0.406250 0.373437 0.021875 0.018750
0 0.332813 0.373437 0.021875 0.018750
