10 0.710938 0.319531 0.146875 0.032813
10 0.432812 0.319531 0.050000 0.032813
10 0.212500 0.319531 0.146875 0.032813
9 0.860938 0.364844 0.003125 0.067187
9 0.362500 0.364844 0.003125 0.067187
12 0.824219 0.366406 0.023438 0.060937
9 0.783594 0.335938 0.001563 0.065625
9 0.735156 0.335938 0.001563 0.065625
9 0.686719 0.335938 0.001563 0.065625
9 0.638281 0.335938 0.001563 0.065625
8 0.576562 0.356250 0.006250 0.006250
9 0.457031 0.335938 0.001563 0.065625
9 0.408594 0.335938 0.001563 0.065625
12 0.324219 0.366406 0.023438 0.060937
9 0.283594 0.335938 0.001563 0.065625
9 0.235156 0.335938 0.001563 0.065625
9 0.186719 0.335938 0.001563 0.065625
9 0.139844 0.335938 0.001563 0.065625
8 0.076563 0.356250 0.006250 0.006250
0 0.775000 0.373437 0.021875 0.018750
0 0.726562 0.373437 0.021875 0.018750
0 0.678125 0.373437 0.021875 0.018750
0 0.629687 0.373437 0.021875 0.018750
0 0.446875 0.373437 0.021875 0.018750
0 0.398438 0.373437 0.021875 0.018750
0 0.275000 0.373437 0.021875 0.018750
0 0.226562 0.373437 0.021875 0.018750
0 0.178125 0.373437 0.021875 0.018750
0 0.129688 0.373437 0.021875 0.018750
