10 0.970313 0.325781 0.040625 0.020313
10 0.756250 0.325781 0.078125 0.020313
10 0.473438 0.325781 0.040625 0.020313
10 0.278125 0.325781 0.040625 0.020313
9 0.671875 0.364844 0.003125 0.067187
9 0.175000 0.364844 0.003125 0.067187
9 0.989844 0.342187 0.001563 0.053125
9 0.950781 0.342187 0.001563 0.053125
9 0.871094 0.342969 0.001563 0.051562
9 0.794531 0.342187 0.001563 0.053125
9 0.757031 0.342187 0.001563 0.053125
9 0.717969 0.342187 0.001563 0.053125
9 0.610156 0.342969 0.001563 0.051562
9 0.530469 0.342969 0.001563 0.051562
9 0.492969 0.342187 0.001563 0.053125
9 0.453906 0.342187 0.001563 0.053125
9 0.374219 0.342969 0.001563 0.051562
9 0.297656 0.342187 0.001563 0.053125
9 0.258594 0.342187 0.001563 0.053125
9 0.113281 0.342969 0.001563 0.051562
9 0.033594 0.342969 0.001563 0.051562
0 0.979688 0.373437 0.021875 0.018750
0 0.942187 0.373437 0.021875 0.018750
0 0.862500 0.373437 0.021875 0.018750
0 0.785937 0.373437 0.021875 0.018750
0 0.746875 0.373437 0.021875 0.018750
0 0.709375 0.373437 0.021875 0.018750
0 0.601562 0.373437 0.021875 0.018750
0 0.521875 0.373437 0.021875 0.018750
0 0.482812 0.373437 0.021875 0.018750
0 0.445312 0.373437 0.021875 0.018750
0 0.364063 0.373437 0.021875 0.018750
0 0.287500 0.373437 0.021875 0.018750
0 0.250000 0.373437 0.021875 0.018750
0 0.103125 0.373437 0.021875 0.018750
0 0.023438 0.373437 0.021875 0.018750
