10 0.953906 0.325781 0.042188 0.020313
10 0.872656 0.325781 0.042188 0.020313
10 0.508594 0.325781 0.042188 0.020313
10 0.303906 0.325781 0.123438 0.020313
9 0.725000 0.364844 0.003125 0.067187
9 0.196875 0.364844 0.003125 0.067187
9 0.974219 0.342187 0.001563 0.053125
9 0.933594 0.342187 0.001563 0.053125
9 0.892969 0.342187 0.001563 0.053125
9 0.852344 0.342187 0.001563 0.053125
12 0.758594 0.364844 0.017188 0.048438
9 0.692969 0.342969 0.001563 0.051562
9 0.611719 0.342969 0.001563 0.051562
9 0.530469 0.342187 0.001563 0.053125
9 0.488281 0.342187 0.001563 0.053125
9 0.447656 0.342969 0.001563 0.051562
9 0.366406 0.342187 0.001563 0.053125
9 0.325781 0.342187 0.001563 0.053125
9 0.285156 0.342187 0.001563 0.053125
9 0.242969 0.342187 0.001563 0.053125
9 0.166406 0.342969 0.001563 0.051562
9 0.083594 0.342969 0.001563 0.051562
9 0.002344 0.342187 0.001563 0.053125
0 0.965625 0.373437 0.021875 0.018750
0 0.925000 0.373437 0.021875 0.018750
0 0.884375 0.373437 0.021875 0.018750
0 0.842187 0.373437 0.021875 0.018750
0 0.684375 0.373437 0.021875 0.018750
0 0.601562 0.373437 0.021875 0.018750
0 0.520312 0.373437 0.021875 0.018750
0 0.479687 0.373437 0.021875 0.018750
0 0.437500 0.373437 0.021875 0.018750
0 0.356250 0.373437 0.021875 0.018750
0 0.315625 0.373437 0.021875 0.018750
0 0.275000 0.373437 0.021875 0.018750
0 0.234375 0.373437 0.021875 0.018750
0 0.157812 0.373437 0.021875 0.018750
0 0.075000 0.373437 0.021875 0.018750
