7 0.262500 0.366406 0.043750 0.114062
10 0.881250 0.319531 0.056250 0.032813
10 0.679688 0.319531 0.056250 0.032813
14 0.807813 0.364844 0.003125 0.067187
11 0.953906 0.366406 0.023438 0.060937
9 0.908594 0.335938 0.001563 0.065625
9 0.853906 0.335938 0.001563 0.065625
9 0.705469 0.335938 0.001563 0.065625
9 0.652344 0.335938 0.001563 0.065625
11 0.543750 0.367188 0.015625 0.028125
14 0.510156 0.337500 0.017188 0.062500
9 0.502344 0.339062 0.001563 0.059375
11 0.441406 0.366406 0.023438 0.060937
14 0.403906 0.337500 0.017188 0.062500
9 0.396094 0.339062 0.001563 0.059375
11 0.333594 0.366406 0.023438 0.060937
0 0.898438 0.373437 0.021875 0.018750
0 0.845313 0.373437 0.021875 0.018750
0 0.696875 0.373437 0.021875 0.018750
0 0.642188 0.373437 0.021875 0.018750
0 0.493750 0.373437 0.021875 0.018750
0 0.385937 0.373437 0.021875 0.018750
