10 0.532813 0.319531 0.059375 0.032813
10 0.075000 0.319531 0.059375 0.032813
9 0.670312 0.364844 0.003125 0.067187
9 0.212500 0.364844 0.003125 0.067187
12 0.889062 0.367188 0.015625 0.028125
15 0.852344 0.337500 0.017188 0.062500
9 0.844531 0.339062 0.001563 0.059375
15 0.724219 0.337500 0.017188 0.062500
9 0.716406 0.339062 0.001563 0.059375
9 0.560156 0.335938 0.001563 0.065625
9 0.503906 0.335938 0.001563 0.065625
12 0.390625 0.367188 0.015625 0.028125
15 0.353906 0.337500 0.017188 0.062500
9 0.346094 0.339062 0.001563 0.059375
8 0.270313 0.356250 0.006250 0.006250
9 0.102344 0.335938 0.001563 0.065625
9 0.046094 0.335938 0.001563 0.065625
0 0.991406 0.373437 0.017188 0.018750
0 0.835938 0.373437 0.021875 0.018750
0 0.707812 0.373437 0.021875 0.018750
0 0.551562 0.373437 0.021875 0.018750
0 0.493750 0.373437 0.021875 0.018750
0 0.335938 0.373437 0.021875 0.018750
0 0.093750 0.373437 0.021875 0.018750
0 0.035937 0.373437 0.021875 0.018750
