7 0.262500 0.366406 0.043750 0.114062
10 0.984375 0.319531 0.031250 0.007812
10 0.739844 0.319531 0.048438 0.007812
10 0.617969 0.319531 0.048438 0.007812
10 0.364844 0.319531 0.048438 0.007812
9 0.670312 0.364844 0.003125 0.067187
9 0.969531 0.342187 0.001563 0.053125
12 0.909375 0.367188 0.015625 0.028125
15 0.883594 0.342187 0.017188 0.053125
9 0.875781 0.343750 0.001563 0.053125
12 0.797656 0.364844 0.017188 0.048438
9 0.763281 0.342187 0.001563 0.053125
9 0.716406 0.342187 0.001563 0.053125
9 0.641406 0.342187 0.001563 0.053125
9 0.594531 0.342187 0.001563 0.053125
15 0.555469 0.342187 0.017188 0.053125
9 0.547656 0.343750 0.001563 0.053125
12 0.489063 0.367188 0.015625 0.028125
12 0.422656 0.364844 0.017188 0.048438
9 0.388281 0.342187 0.001563 0.053125
9 0.341406 0.342187 0.001563 0.053125
0 0.959375 0.373437 0.021875 0.018750
0 0.865625 0.373437 0.021875 0.018750
0 0.753125 0.373437 0.021875 0.018750
0 0.706250 0.373437 0.021875 0.018750
0 0.632812 0.373437 0.021875 0.018750
0 0.585938 0.373437 0.021875 0.018750
0 0.539062 0.373437 0.021875 0.018750
0 0.379688 0.373437 0.021875 0.018750
0 0.332813 0.373437 0.021875 0.018750
