10 0.362500 0.319531 0.096875 0.007812
10 0.078125 0.319531 0.096875 0.007812
14 0.705469 0.389062 0.048438 0.009375
9 0.860938 0.364844 0.003125 0.067187
9 0.579688 0.364844 0.003125 0.067187
9 0.268750 0.364844 0.003125 0.067187
12 0.820312 0.367188 0.015625 0.028125
12 0.773438 0.367188 0.015625 0.028125
15 0.746094 0.342187 0.017188 0.053125
9 0.738281 0.343750 0.001563 0.053125
15 0.699219 0.342187 0.017188 0.053125
9 0.691406 0.343750 0.001563 0.053125
9 0.625781 0.345313 0.001563 0.050000
12 0.537500 0.367188 0.015625 0.028125
15 0.511719 0.342187 0.017188 0.053125
9 0.503906 0.343750 0.001563 0.053125
12 0.443750 0.367188 0.015625 0.028125
9 0.408594 0.342187 0.001563 0.053125
9 0.361719 0.342187 0.001563 0.053125
9 0.314844 0.342187 0.001563 0.053125
15 0.246094 0.342187 0.017188 0.053125
9 0.238281 0.343750 0.001563 0.053125
12 0.160156 0.364844 0.017188 0.048438
9 0.124219 0.342187 0.001563 0.053125
9 0.077344 0.342187 0.001563 0.053125
9 0.030469 0.342187 0.001563 0.053125
0 0.729688 0.373437 0.021875 0.018750
0 0.682813 0.373437 0.021875 0.018750
0 0.615625 0.373437 0.021875 0.018750
0 0.493750 0.373437 0.021875 0.018750
0 0.400000 0.373437 0.021875 0.018750
0 0.353125 0.373437 0.021875 0.018750
0 0.306250 0.373437 0.021875 0.018750
0 0.229687 0.373437 0.021875 0.018750
0 0.115625 0.373437 0.021875 0.018750
0 0.068750 0.373437 0.021875 0.018750
0 0.021875 0.373437 0.021875 0.018750
