10 0.548438 0.319531 0.131250 0.032813
10 0.090625 0.319531 0.087500 0.032813
14 0.860938 0.364844 0.003125 0.067187
14 0.382812 0.364844 0.003125 0.067187
11 0.828906 0.366406 0.023438 0.060937
14 0.802344 0.337500 0.017188 0.062500
9 0.794531 0.339062 0.001563 0.059375
14 0.705469 0.337500 0.017188 0.062500
9 0.697656 0.339062 0.001563 0.059375
11 0.646094 0.366406 0.023438 0.060937
9 0.611719 0.335938 0.001563 0.065625
9 0.569531 0.335938 0.001563 0.065625
9 0.525781 0.335938 0.001563 0.065625
9 0.483594 0.335938 0.001563 0.065625
11 0.350781 0.366406 0.023438 0.060937
14 0.324219 0.337500 0.017188 0.062500
9 0.316406 0.339062 0.001563 0.059375
14 0.227344 0.337500 0.017188 0.062500
9 0.219531 0.339062 0.001563 0.059375
11 0.167969 0.366406 0.023438 0.060937
9 0.133594 0.335938 0.001563 0.065625
9 0.091406 0.335938 0.001563 0.065625
9 0.047656 0.335938 0.001563 0.065625
11 0.003906 0.366406 0.007812 0.060937
0 0.784375 0.373437 0.021875 0.018750
0 0.689063 0.373437 0.021875 0.018750
0 0.603125 0.373437 0.021875 0.018750
0 0.559375 0.373437 0.021875 0.018750
0 0.517188 0.373437 0.021875 0.018750
0 0.473438 0.373437 0.021875 0.018750
0 0.306250 0.373437 0.021875 0.018750
0 0.210938 0.373437 0.021875 0.018750
0 0.125000 0.373437 0.021875 0.018750
0 0.081250 0.373437 0.021875 0.018750
0 0.039062 0.373437 0.021875 0.018750
