10 0.821875 0.325781 0.040625 0.020313
10 0.500000 0.325781 0.040625 0.020313
10 0.312500 0.325781 0.040625 0.020313
10 0.006250 0.325781 0.012500 0.020313
9 0.860938 0.364844 0.003125 0.067187
9 0.353125 0.364844 0.003125 0.067187
9 0.841406 0.342187 0.001563 0.053125
9 0.802344 0.342187 0.001563 0.053125
9 0.721094 0.342969 0.001563 0.051562
9 0.639844 0.342969 0.001563 0.051562
9 0.597656 0.342969 0.001563 0.051562
9 0.519531 0.342187 0.001563 0.053125
9 0.480469 0.342187 0.001563 0.053125
9 0.399219 0.342969 0.001563 0.051562
9 0.333594 0.342187 0.001563 0.053125
9 0.292969 0.342187 0.001563 0.053125
9 0.213281 0.342969 0.001563 0.051562
9 0.132031 0.342969 0.001563 0.051562
9 0.089844 0.342969 0.001563 0.051562
9 0.011719 0.342187 0.001563 0.053125
0 0.831250 0.373437 0.021875 0.018750
0 0.792188 0.373437 0.021875 0.018750
0 0.710938 0.373437 0.021875 0.018750
0 0.631250 0.373437 0.021875 0.018750
0 0.589063 0.373437 0.021875 0.018750
0 0.510938 0.373437 0.021875 0.018750
0 0.471875 0.373437 0.021875 0.018750
0 0.390625 0.373437 0.021875 0.018750
0 0.323437 0.373437 0.021875 0.018750
0 0.284375 0.373437 0.021875 0.018750
0 0.203125 0.373437 0.021875 0.018750
0 0.121875 0.373437 0.021875 0.018750
0 0.081250 0.373437 0.021875 0.018750
0 0.006250 0.373437 0.012500 0.018750
