10 0.685937 0.319531 0.050000 0.032813
10 0.540625 0.319531 0.050000 0.032813
10 0.185938 0.319531 0.050000 0.032813
10 0.042188 0.319531 0.050000 0.032813
9 0.860938 0.364844 0.003125 0.067187
9 0.362500 0.364844 0.003125 0.067187
15 0.839844 0.337500 0.017188 0.062500
9 0.832031 0.339062 0.001563 0.059375
8 0.770312 0.356250 0.006250 0.006250
9 0.710156 0.335938 0.001563 0.065625
9 0.661719 0.335938 0.001563 0.065625
12 0.605469 0.366406 0.023438 0.060937
9 0.564844 0.335938 0.001563 0.065625
9 0.516406 0.335938 0.001563 0.065625
15 0.416406 0.337500 0.017188 0.062500
9 0.408594 0.339062 0.001563 0.059375
15 0.339844 0.337500 0.017188 0.062500
9 0.332031 0.339062 0.001563 0.059375
8 0.270313 0.356250 0.006250 0.006250
9 0.210156 0.335938 0.001563 0.065625
9 0.161719 0.335938 0.001563 0.065625
12 0.105469 0.366406 0.023438 0.060937
9 0.066406 0.335938 0.001563 0.065625
9 0.017969 0.335938 0.001563 0.065625
0 0.821875 0.373437 0.021875 0.018750
0 0.700000 0.373437 0.021875 0.018750
0 0.651563 0.373437 0.021875 0.018750
0 0.556250 0.373437 0.021875 0.018750
0 0.507812 0.373437 0.021875 0.018750
0 0.400000 0.373437 0.021875 0.018750
0 0.323437 0.373437 0.021875 0.018750
0 0.201563 0.373437 0.021875 0.018750
0 0.153125 0.373437 0.021875 0.018750
0 0.056250 0.373437 0.021875 0.018750
0 0.009375 0.373437 0.018750 0.018750
