9 0.860938 0.364844 0.003125 0.067187
9 0.350000 0.364844 0.003125 0.067187
9 0.791406 0.342969 0.001563 0.051562
9 0.700781 0.342969 0.001563 0.051562
9 0.611719 0.342969 0.001563 0.051562
12 0.535937 0.367188 0.015625 0.028125
12 0.473438 0.367188 0.015625 0.028125
9 0.396094 0.342969 0.001563 0.051562
9 0.278906 0.342969 0.001563 0.051562
9 0.189844 0.342969 0.001563 0.051562
9 0.099219 0.342969 0.001563 0.051562
12 0.023438 0.367188 0.015625 0.028125
0 0.781250 0.373437 0.021875 0.018750
0 0.692187 0.373437 0.021875 0.018750
0 0.603125 0.373437 0.021875 0.018750
0 0.385937 0.373437 0.021875 0.018750
0 0.268750 0.373437 0.021875 0.018750
0 0.179688 0.373437 0.021875 0.018750
0 0.090625 0.373437 0.021875 0.018750
