10 0.773438 0.319531 0.115625 0.032813
10 0.510156 0.319531 0.048438 0.032813
10 0.293750 0.319531 0.078125 0.032813
10 0.017969 0.319531 0.035937 0.032813
9 0.670312 0.364844 0.003125 0.067187
9 0.171875 0.364844 0.003125 0.067187
9 0.986719 0.335938 0.001563 0.065625
12 0.939844 0.366406 0.023438 0.060937
15 0.914844 0.337500 0.017188 0.062500
9 0.907031 0.339062 0.001563 0.059375
12 0.860156 0.366406 0.023438 0.060937
9 0.830469 0.335938 0.001563 0.065625
9 0.792969 0.335938 0.001563 0.065625
9 0.755469 0.335938 0.001563 0.065625
9 0.716406 0.335938 0.001563 0.065625
12 0.642969 0.366406 0.023438 0.060937
15 0.617969 0.337500 0.017188 0.062500
9 0.610156 0.339062 0.001563 0.059375
12 0.563281 0.366406 0.023438 0.060937
9 0.533594 0.335938 0.001563 0.065625
9 0.486719 0.335938 0.001563 0.065625
12 0.439844 0.366406 0.023438 0.060937
15 0.416406 0.337500 0.017188 0.062500
9 0.408594 0.339062 0.001563 0.059375
12 0.361719 0.366406 0.023438 0.060937
9 0.332031 0.335938 0.001563 0.065625
9 0.294531 0.335938 0.001563 0.065625
9 0.255469 0.335938 0.001563 0.065625
12 0.208594 0.366406 0.023438 0.060937
12 0.142969 0.366406 0.023438 0.060937
15 0.119531 0.337500 0.017188 0.062500
9 0.111719 0.339062 0.001563 0.059375
12 0.064844 0.366406 0.023438 0.060937
9 0.035156 0.335938 0.001563 0.065625
0 0.976562 0.373437 0.021875 0.018750
0 0.898438 0.373437 0.021875 0.018750
0 0.821875 0.373437 0.021875 0.018750
0 0.782813 0.373437 0.021875 0.018750
0 0.745313 0.373437 0.021875 0.018750
0 0.707812 0.373437 0.021875 0.018750
0 0.601562 0.373437 0.021875 0.018750
0 0.525000 0.373437 0.021875 0.018750
0 0.478125 0.373437 0.021875 0.018750
0 0.398438 0.373437 0.021875 0.018750
0 0.323437 0.373437 0.021875 0.018750
0 0.284375 0.373437 0.021875 0.018750
0 0.246875 0.373437 0.021875 0.018750
0 0.101562 0.373437 0.021875 0.018750
0 0.026562 0.373437 0.021875 0.018750
