10 0.729688 0.325781 0.040625 0.020313
10 0.625000 0.325781 0.040625 0.020313
10 0.115625 0.325781 0.040625 0.020313
9 0.664062 0.364844 0.003125 0.067187
9 0.156250 0.364844 0.003125 0.067187
9 0.949219 0.342969 0.001563 0.051562
9 0.867969 0.342969 0.001563 0.051562
9 0.827344 0.342969 0.001563 0.051562
9 0.749219 0.342187 0.001563 0.053125
9 0.710156 0.342187 0.001563 0.053125
9 0.642969 0.342187 0.001563 0.053125
9 0.605469 0.342187 0.001563 0.053125
9 0.524219 0.342969 0.001563 0.051562
9 0.442969 0.342969 0.001563 0.051562
9 0.363281 0.342969 0.001563 0.051562
9 0.321094 0.342969 0.001563 0.051562
9 0.241406 0.342969 0.001563 0.051562
9 0.135156 0.342187 0.001563 0.053125
9 0.096094 0.342187 0.001563 0.053125
9 0.016406 0.342969 0.001563 0.051562
0 0.939063 0.373437 0.021875 0.018750
0 0.859375 0.373437 0.021875 0.018750
0 0.817187 0.373437 0.021875 0.018750
0 0.739062 0.373437 0.021875 0.018750
0 0.700000 0.373437 0.021875 0.018750
0 0.634375 0.373437 0.021875 0.018750
0 0.595313 0.373437 0.021875 0.018750
0 0.515625 0.373437 0.021875 0.018750
0 0.434375 0.373437 0.021875 0.018750
0 0.353125 0.373437 0.021875 0.018750
0 0.312500 0.373437 0.021875 0.018750
0 0.231250 0.373437 0.021875 0.018750
0 0.126562 0.373437 0.021875 0.018750
0 0.087500 0.373437 0.021875 0.018750
0 0.008594 0.373437 0.017188 0.018750
