10 0.675000 0.319531 0.159375 0.032813
10 0.478125 0.319531 0.081250 0.032813
10 0.165625 0.319531 0.159375 0.032813
9 0.860938 0.364844 0.003125 0.067187
9 0.353125 0.364844 0.003125 0.067187
15 0.839844 0.337500 0.017188 0.062500
9 0.832031 0.339062 0.001563 0.059375
12 0.783594 0.366406 0.023438 0.060937
9 0.752344 0.335938 0.001563 0.065625
9 0.713281 0.335938 0.001563 0.065625
9 0.674219 0.335938 0.001563 0.065625
9 0.635156 0.335938 0.001563 0.065625
9 0.596094 0.335938 0.001563 0.065625
12 0.547656 0.366406 0.023438 0.060937
9 0.516406 0.335938 0.001563 0.065625
9 0.477344 0.335938 0.001563 0.065625
9 0.438281 0.335938 0.001563 0.065625
12 0.389844 0.366406 0.023438 0.060937
15 0.330469 0.337500 0.017188 0.062500
9 0.322656 0.339062 0.001563 0.059375
12 0.274219 0.366406 0.023438 0.060937
9 0.244531 0.335938 0.001563 0.065625
9 0.203906 0.335938 0.001563 0.065625
9 0.164844 0.335938 0.001563 0.065625
9 0.125781 0.335938 0.001563 0.065625
9 0.086719 0.335938 0.001563 0.065625
12 0.038281 0.366406 0.023438 0.060937
9 0.007031 0.335938 0.001563 0.065625
0 0.821875 0.373437 0.021875 0.018750
0 0.743750 0.373437 0.021875 0.018750
0 0.704688 0.373437 0.021875 0.018750
0 0.665625 0.373437 0.021875 0.018750
0 0.625000 0.373437 0.021875 0.018750
0 0.585938 0.373437 0.021875 0.018750
0 0.507812 0.373437 0.021875 0.018750
0 0.468750 0.373437 0.021875 0.018750
0 0.428125 0.373437 0.021875 0.018750
0 0.312500 0.373437 0.021875 0.018750
0 0.234375 0.373437 0.021875 0.018750
0 0.195312 0.373437 0.021875 0.018750
0 0.156250 0.373437 0.021875 0.018750
0 0.115625 0.373437 0.021875 0.018750
0 0.076563 0.373437 0.021875 0.018750
0 0.004687 0.373437 0.009375 0.018750
