10 0.726562 0.319531 0.043750 0.032813
10 0.511719 0.319531 0.048438 0.032813
10 0.012500 0.319531 0.025000 0.032813
9 0.659375 0.364844 0.003125 0.067187
9 0.148438 0.364844 0.003125 0.067187
9 0.997656 0.335938 0.001563 0.065625
12 0.947656 0.366406 0.023438 0.060937
15 0.922656 0.337500 0.017188 0.062500
9 0.914844 0.339062 0.001563 0.059375
12 0.864844 0.366406 0.023438 0.060937
15 0.838281 0.337500 0.017188 0.062500
9 0.830469 0.339062 0.001563 0.059375
12 0.780469 0.366406 0.023438 0.060937
9 0.747656 0.335938 0.001563 0.065625
9 0.705469 0.335938 0.001563 0.065625
15 0.636719 0.337500 0.017188 0.062500
9 0.628906 0.339062 0.001563 0.059375
9 0.535156 0.335938 0.001563 0.065625
9 0.488281 0.335938 0.001563 0.065625
12 0.438281 0.366406 0.023438 0.060937
15 0.411719 0.337500 0.017188 0.062500
9 0.403906 0.339062 0.001563 0.059375
12 0.353906 0.366406 0.023438 0.060937
15 0.328906 0.337500 0.017188 0.062500
9 0.321094 0.339062 0.001563 0.059375
12 0.271094 0.366406 0.023438 0.060937
15 0.244531 0.337500 0.017188 0.062500
9 0.236719 0.339062 0.001563 0.059375
12 0.186719 0.366406 0.023438 0.060937
15 0.127344 0.337500 0.017188 0.062500
9 0.119531 0.339062 0.001563 0.059375
9 0.024219 0.335938 0.001563 0.065625
0 0.989062 0.373437 0.021875 0.018750
0 0.904687 0.373437 0.021875 0.018750
0 0.821875 0.373437 0.021875 0.018750
0 0.737500 0.373437 0.021875 0.018750
0 0.695312 0.373437 0.021875 0.018750
0 0.620313 0.373437 0.021875 0.018750
0 0.526563 0.373437 0.021875 0.018750
0 0.478125 0.373437 0.021875 0.018750
0 0.395313 0.373437 0.021875 0.018750
0 0.310937 0.373437 0.021875 0.018750
0 0.228125 0.373437 0.021875 0.018750
0 0.109375 0.373437 0.021875 0.018750
0 0.015625 0.373437 0.021875 0.018750
