10 0.970313 0.325781 0.046875 0.020313
10 0.796875 0.325781 0.090625 0.020313
10 0.462500 0.325781 0.046875 0.020313
10 0.310937 0.325781 0.046875 0.020313
9 0.660937 0.364844 0.003125 0.067187
9 0.153125 0.364844 0.003125 0.067187
9 0.991406 0.342187 0.001563 0.053125
9 0.947656 0.342187 0.001563 0.053125
12 0.871875 0.367188 0.015625 0.028125
9 0.839844 0.342187 0.001563 0.053125
9 0.796094 0.342187 0.001563 0.053125
9 0.752344 0.342187 0.001563 0.053125
9 0.591406 0.342969 0.001563 0.051562
12 0.515625 0.367188 0.015625 0.028125
9 0.483594 0.342187 0.001563 0.053125
9 0.439844 0.342187 0.001563 0.053125
12 0.364063 0.367188 0.015625 0.028125
9 0.332031 0.342187 0.001563 0.053125
9 0.288281 0.342187 0.001563 0.053125
9 0.199219 0.342969 0.001563 0.051562
9 0.082031 0.342969 0.001563 0.051562
12 0.007812 0.367188 0.015625 0.028125
0 0.982812 0.373437 0.021875 0.018750
0 0.939063 0.373437 0.021875 0.018750
0 0.831250 0.373437 0.021875 0.018750
0 0.785937 0.373437 0.021875 0.018750
0 0.742188 0.373437 0.021875 0.018750
0 0.581250 0.373437 0.021875 0.018750
0 0.475000 0.373437 0.021875 0.018750
0 0.429688 0.373437 0.021875 0.018750
0 0.323437 0.373437 0.021875 0.018750
0 0.278125 0.373437 0.021875 0.018750
0 0.189062 0.373437 0.021875 0.018750
0 0.073438 0.373437 0.021875 0.018750
