10 0.768750 0.325781 0.040625 0.020313
10 0.604688 0.325781 0.081250 0.020313
10 0.095312 0.325781 0.081250 0.020313
9 0.664062 0.364844 0.003125 0.067187
9 0.154688 0.364844 0.003125 0.067187
9 0.949219 0.342969 0.001563 0.051562
9 0.907031 0.342969 0.001563 0.051562
9 0.789844 0.342187 0.001563 0.053125
9 0.749219 0.342187 0.001563 0.053125
9 0.642969 0.342187 0.001563 0.053125
9 0.603906 0.342187 0.001563 0.053125
9 0.564844 0.342187 0.001563 0.053125
9 0.444531 0.342969 0.001563 0.051562
9 0.402344 0.342969 0.001563 0.051562
9 0.282031 0.342969 0.001563 0.051562
9 0.200781 0.342969 0.001563 0.051562
9 0.133594 0.342187 0.001563 0.053125
9 0.094531 0.342187 0.001563 0.053125
9 0.055469 0.342187 0.001563 0.053125
0 0.940625 0.373437 0.021875 0.018750
0 0.898438 0.373437 0.021875 0.018750
0 0.779687 0.373437 0.021875 0.018750
0 0.740625 0.373437 0.021875 0.018750
0 0.634375 0.373437 0.021875 0.018750
0 0.595313 0.373437 0.021875 0.018750
0 0.554688 0.373437 0.021875 0.018750
0 0.434375 0.373437 0.021875 0.018750
0 0.393750 0.373437 0.021875 0.018750
0 0.271875 0.373437 0.021875 0.018750
0 0.192188 0.373437 0.021875 0.018750
0 0.125000 0.373437 0.021875 0.018750
0 0.084375 0.373437 0.021875 0.018750
0 0.045312 0.373437 0.021875 0.018750
