7 0.262500 0.366406 0.043750 0.114062
10 0.928125 0.325781 0.034375 0.020313
10 0.551562 0.325781 0.034375 0.020313
9 0.671875 0.364844 0.003125 0.067187
12 0.964063 0.367188 0.015625 0.028125
9 0.944531 0.342187 0.001563 0.053125
9 0.911719 0.342187 0.001563 0.053125
9 0.838281 0.342969 0.001563 0.051562
12 0.779687 0.367188 0.015625 0.028125
9 0.750781 0.342969 0.001563 0.051562
12 0.632812 0.367188 0.015625 0.028125
12 0.587500 0.367188 0.015625 0.028125
9 0.567969 0.342187 0.001563 0.053125
9 0.535156 0.342187 0.001563 0.053125
9 0.461719 0.342969 0.001563 0.051562
12 0.403125 0.367188 0.015625 0.028125
9 0.341406 0.342969 0.001563 0.051562
0 0.935937 0.373437 0.021875 0.018750
0 0.903125 0.373437 0.021875 0.018750
0 0.829688 0.373437 0.021875 0.018750
0 0.742188 0.373437 0.021875 0.018750
0 0.557813 0.373437 0.021875 0.018750
0 0.526563 0.373437 0.021875 0.018750
0 0.451562 0.373437 0.021875 0.018750
0 0.332813 0.373437 0.021875 0.018750
