10 0.966406 0.319531 0.067187 0.032813
10 0.459375 0.319531 0.103125 0.032813
9 0.645312 0.364844 0.003125 0.067187
9 0.120313 0.364844 0.003125 0.067187
9 0.985156 0.335938 0.001563 0.065625
9 0.933594 0.335938 0.001563 0.065625
8 0.867188 0.356250 0.006250 0.006250
15 0.749219 0.337500 0.017188 0.062500
9 0.741406 0.339062 0.001563 0.059375
12 0.682031 0.366406 0.023438 0.060937
15 0.619531 0.337500 0.017188 0.062500
9 0.611719 0.339062 0.001563 0.059375
12 0.552344 0.366406 0.023438 0.060937
9 0.510156 0.335938 0.001563 0.065625
9 0.460156 0.335938 0.001563 0.065625
9 0.408594 0.335938 0.001563 0.065625
8 0.342187 0.356250 0.006250 0.006250
12 0.208594 0.366406 0.023438 0.060937
15 0.174219 0.337500 0.017188 0.062500
9 0.166406 0.339062 0.001563 0.059375
15 0.096094 0.337500 0.017188 0.062500
9 0.088281 0.339062 0.001563 0.059375
12 0.028906 0.366406 0.023438 0.060937
0 0.975000 0.373437 0.021875 0.018750
0 0.925000 0.373437 0.021875 0.018750
0 0.732812 0.373437 0.021875 0.018750
0 0.603125 0.373437 0.021875 0.018750
0 0.501563 0.373437 0.021875 0.018750
0 0.450000 0.373437 0.021875 0.018750
0 0.400000 0.373437 0.021875 0.018750
0 0.156250 0.373437 0.021875 0.018750
0 0.078125 0.373437 0.021875 0.018750
