10 0.528125 0.319531 0.087500 0.032813
10 0.072656 0.319531 0.048438 0.032813
9 0.860938 0.364844 0.003125 0.067187
9 0.385937 0.364844 0.003125 0.067187
12 0.828906 0.366406 0.023438 0.060937
15 0.802344 0.337500 0.017188 0.062500
9 0.794531 0.339062 0.001563 0.059375
12 0.744531 0.366406 0.023438 0.060937
15 0.717969 0.337500 0.017188 0.062500
9 0.710156 0.339062 0.001563 0.059375
12 0.605469 0.366406 0.023438 0.060937
9 0.571094 0.335938 0.001563 0.065625
9 0.528906 0.335938 0.001563 0.065625
9 0.485156 0.335938 0.001563 0.065625
12 0.353906 0.366406 0.023438 0.060937
15 0.327344 0.337500 0.017188 0.062500
9 0.319531 0.339062 0.001563 0.059375
12 0.267969 0.366406 0.023438 0.060937
15 0.241406 0.337500 0.017188 0.062500
9 0.233594 0.339062 0.001563 0.059375
12 0.130469 0.366406 0.023438 0.060937
9 0.096094 0.335938 0.001563 0.065625
9 0.049219 0.335938 0.001563 0.065625
12 0.004687 0.366406 0.009375 0.060937
0 0.785937 0.373437 0.021875 0.018750
0 0.700000 0.373437 0.021875 0.018750
0 0.560937 0.373437 0.021875 0.018750
0 0.518750 0.373437 0.021875 0.018750
0 0.476562 0.373437 0.021875 0.018750
0 0.310937 0.373437 0.021875 0.018750
0 0.225000 0.373437 0.021875 0.018750
0 0.085938 0.373437 0.021875 0.018750
0 0.039062 0.373437 0.021875 0.018750
