10 0.786719 0.319531 0.095312 0.032813
10 0.332031 0.319531 0.095312 0.032813
9 0.860938 0.364844 0.003125 0.067187
9 0.407813 0.364844 0.003125 0.067187
9 0.833594 0.335938 0.001563 0.065625
9 0.786719 0.335938 0.001563 0.065625
9 0.739844 0.335938 0.001563 0.065625
12 0.683594 0.366406 0.023438 0.060937
15 0.652344 0.337500 0.017188 0.062500
9 0.644531 0.339062 0.001563 0.059375
8 0.584375 0.356250 0.006250 0.006250
15 0.533594 0.337500 0.017188 0.062500
9 0.525781 0.339062 0.001563 0.059375
8 0.465625 0.356250 0.006250 0.006250
9 0.378906 0.335938 0.001563 0.065625
9 0.332031 0.335938 0.001563 0.065625
9 0.285156 0.335938 0.001563 0.065625
12 0.230469 0.366406 0.023438 0.060937
15 0.199219 0.337500 0.017188 0.062500
9 0.191406 0.339062 0.001563 0.059375
8 0.131250 0.356250 0.006250 0.006250
12 0.063281 0.366406 0.023438 0.060937
9 0.025781 0.335938 0.001563 0.065625
0 0.823438 0.373437 0.021875 0.018750
0 0.776563 0.373437 0.021875 0.018750
0 0.729688 0.373437 0.021875 0.018750
0 0.635938 0.373437 0.021875 0.018750
0 0.517188 0.373437 0.021875 0.018750
0 0.370312 0.373437 0.021875 0.018750
0 0.323437 0.373437 0.021875 0.018750
0 0.276562 0.373437 0.021875 0.018750
0 0.182812 0.373437 0.021875 0.018750
0 0.015625 0.373437 0.021875 0.018750
