10 0.730469 0.276562 0.032813 0.021875
10 0.663281 0.284375 0.032813 0.021875
10 0.597656 0.292187 0.032813 0.021875
10 0.538281 0.300000 0.032813 0.021875
10 0.371094 0.307812 0.032813 0.021875
10 0.303906 0.317188 0.032813 0.021875
10 0.238281 0.323437 0.032813 0.021875
10 0.172656 0.326562 0.032813 0.021875
10 0.757031 0.445312 0.023438 0.031250
10 0.691406 0.453125 0.023438 0.031250
10 0.624219 0.462500 0.023438 0.031250
10 0.564844 0.470313 0.023438 0.031250
10 0.397656 0.478125 0.023438 0.031250
10 0.332031 0.478906 0.023438 0.029687
10 0.266406 0.493750 0.023438 0.031250
10 0.199219 0.499219 0.023438 0.023438
10 0.021094 0.509375 0.023438 0.031250
10 0.779687 0.607812 0.021875 0.040625
10 0.712500 0.615625 0.021875 0.040625
10 0.646875 0.623437 0.021875 0.040625
10 0.585938 0.630469 0.018750 0.042188
10 0.418750 0.639844 0.018750 0.042188
10 0.351562 0.648438 0.018750 0.040625
10 0.285938 0.655469 0.018750 0.039062
10 0.220312 0.664062 0.018750 0.043750
10 0.040625 0.671094 0.018750 0.054688
9 0.860938 0.531250 0.003125 0.400000
9 0.495312 0.531250 0.003125 0.400000
9 0.126562 0.531250 0.003125 0.400000
9 0.789844 0.610156 0.001563 0.042188
9 0.769531 0.647656 0.001563 0.082812
9 0.814844 0.678125 0.001563 0.050000
9 0.722656 0.619531 0.001563 0.042188
9 0.702344 0.655469 0.001563 0.082812
9 0.747656 0.678125 0.001563 0.050000
9 0.657031 0.627344 0.001563 0.042188
9 0.636719 0.663281 0.001563 0.082812
9 0.682031 0.678125 0.001563 0.050000
9 0.594531 0.634375 0.001563 0.043750
9 0.577344 0.670312 0.001563 0.084375
9 0.614844 0.678125 0.001563 0.050000
9 0.427344 0.642188 0.001563 0.043750
9 0.410156 0.678125 0.001563 0.084375
9 0.447656 0.678125 0.001563 0.050000
9 0.361719 0.650781 0.001563 0.042188
9 0.342969 0.686719 0.001563 0.082812
9 0.382031 0.678125 0.001563 0.050000
9 0.296094 0.660156 0.001563 0.042188
9 0.277344 0.694531 0.001563 0.082812
9 0.316406 0.678125 0.001563 0.050000
9 0.228906 0.665625 0.001563 0.043750
9 0.211719 0.703125 0.001563 0.084375
9 0.249219 0.678125 0.001563 0.050000
9 0.050781 0.671875 0.001563 0.050000
9 0.032031 0.711719 0.001563 0.082812
9 0.078906 0.678125 0.001563 0.050000
9 0.013281 0.678125 0.001563 0.050000
9 0.769531 0.449219 0.001563 0.032813
9 0.746094 0.485156 0.001563 0.073438
9 0.814844 0.512500 0.001563 0.050000
9 0.702344 0.457031 0.001563 0.032813
9 0.680469 0.492969 0.001563 0.073438
9 0.747656 0.512500 0.001563 0.050000
9 0.636719 0.464844 0.001563 0.032813
9 0.613281 0.500781 0.001563 0.073438
9 0.682031 0.512500 0.001563 0.050000
9 0.577344 0.472656 0.001563 0.032813
9 0.553906 0.510156 0.001563 0.073438
9 0.614844 0.512500 0.001563 0.050000
9 0.410156 0.480469 0.001563 0.032813
9 0.386719 0.517969 0.001563 0.073438
9 0.447656 0.512500 0.001563 0.050000
9 0.342969 0.486719 0.001563 0.039062
9 0.321094 0.521094 0.001563 0.079687
9 0.382031 0.512500 0.001563 0.050000
9 0.277344 0.496094 0.001563 0.032813
9 0.255469 0.533594 0.001563 0.073438
9 0.316406 0.512500 0.001563 0.050000
9 0.211719 0.506250 0.001563 0.031250
9 0.188281 0.539062 0.001563 0.078125
9 0.249219 0.512500 0.001563 0.050000
9 0.032031 0.513281 0.001563 0.032813
9 0.010156 0.549219 0.001563 0.073438
9 0.078906 0.512500 0.001563 0.050000
9 0.013281 0.512500 0.001563 0.050000
9 0.746094 0.282031 0.001563 0.029687
9 0.714844 0.319531 0.001563 0.070312
9 0.814844 0.345313 0.001563 0.050000
9 0.680469 0.289844 0.001563 0.029687
9 0.647656 0.327344 0.001563 0.070312
9 0.747656 0.345313 0.001563 0.050000
9 0.613281 0.299219 0.001563 0.029687
9 0.582031 0.335156 0.001563 0.070312
9 0.682031 0.345313 0.001563 0.050000
9 0.553906 0.307031 0.001563 0.029687
9 0.522656 0.342969 0.001563 0.070312
9 0.614844 0.345313 0.001563 0.050000
9 0.386719 0.314844 0.001563 0.029687
9 0.355469 0.350781 0.001563 0.070312
9 0.447656 0.345313 0.001563 0.050000
9 0.321094 0.322656 0.001563 0.029687
9 0.288281 0.358594 0.001563 0.070312
9 0.382031 0.345313 0.001563 0.050000
9 0.255469 0.331250 0.001563 0.031250
9 0.222656 0.367188 0.001563 0.071875
9 0.316406 0.345313 0.001563 0.050000
9 0.188281 0.335156 0.001563 0.035937
9 0.157031 0.372656 0.001563 0.076563
9 0.249219 0.345313 0.001563 0.050000
9 0.010156 0.346875 0.001563 0.031250
9 0.078906 0.345313 0.001563 0.050000
9 0.013281 0.345313 0.001563 0.050000
0 0.782813 0.633594 0.012500 0.010937
0 0.762500 0.689844 0.012500 0.010937
0 0.804688 0.706250 0.021875 0.018750
0 0.717187 0.641406 0.012500 0.010937
0 0.696875 0.697656 0.012500 0.010937
0 0.739062 0.706250 0.021875 0.018750
0 0.651563 0.649219 0.012500 0.010937
0 0.629687 0.705469 0.012500 0.010937
0 0.671875 0.706250 0.021875 0.018750
0 0.589063 0.657031 0.012500 0.010937
0 0.570312 0.714844 0.012500 0.010937
0 0.606250 0.706250 0.021875 0.018750
0 0.421875 0.666406 0.012500 0.010937
0 0.403125 0.722656 0.012500 0.010937
0 0.439063 0.706250 0.021875 0.018750
0 0.354687 0.674219 0.012500 0.010937
0 0.337500 0.730469 0.012500 0.010937
0 0.373437 0.706250 0.021875 0.018750
0 0.289062 0.682031 0.012500 0.010937
0 0.270313 0.738281 0.012500 0.010937
0 0.306250 0.706250 0.021875 0.018750
0 0.223438 0.689844 0.012500 0.010937
0 0.204687 0.746094 0.012500 0.010937
0 0.240625 0.706250 0.021875 0.018750
0 0.043750 0.697656 0.012500 0.010937
0 0.026562 0.753906 0.012500 0.010937
0 0.070312 0.706250 0.021875 0.018750
0 0.007031 0.706250 0.014063 0.018750
0 0.762500 0.466406 0.012500 0.010937
0 0.740625 0.522656 0.012500 0.010937
0 0.804688 0.539062 0.021875 0.018750
0 0.696875 0.474219 0.012500 0.010937
0 0.673438 0.532031 0.012500 0.010937
0 0.739062 0.539062 0.021875 0.018750
0 0.629687 0.483594 0.012500 0.010937
0 0.607812 0.539844 0.012500 0.010937
0 0.671875 0.539062 0.021875 0.018750
0 0.570312 0.491406 0.012500 0.010937
0 0.548438 0.547656 0.012500 0.010937
0 0.606250 0.539062 0.021875 0.018750
0 0.403125 0.499219 0.012500 0.010937
0 0.381250 0.555469 0.012500 0.010937
0 0.439063 0.539062 0.021875 0.018750
0 0.337500 0.507031 0.012500 0.010937
0 0.314063 0.563281 0.012500 0.010937
0 0.373437 0.539062 0.021875 0.018750
0 0.270313 0.514844 0.012500 0.010937
0 0.248438 0.571094 0.012500 0.010937
0 0.306250 0.539062 0.021875 0.018750
0 0.204687 0.522656 0.012500 0.010937
0 0.182812 0.580469 0.012500 0.010937
0 0.240625 0.539062 0.021875 0.018750
0 0.026562 0.532031 0.012500 0.010937
0 0.004687 0.588281 0.009375 0.010937
0 0.070312 0.539062 0.021875 0.018750
0 0.007031 0.539062 0.014063 0.018750
0 0.740625 0.299219 0.012500 0.010937
0 0.707812 0.357031 0.012500 0.010937
0 0.804688 0.373437 0.021875 0.018750
0 0.673438 0.308594 0.012500 0.010937
0 0.642188 0.364844 0.012500 0.010937
0 0.739062 0.373437 0.021875 0.018750
0 0.607812 0.316406 0.012500 0.010937
0 0.575000 0.372656 0.012500 0.010937
0 0.671875 0.373437 0.021875 0.018750
0 0.548438 0.324219 0.012500 0.010937
0 0.515625 0.380469 0.012500 0.010937
0 0.606250 0.373437 0.021875 0.018750
0 0.381250 0.332031 0.012500 0.010937
0 0.348438 0.388281 0.012500 0.010937
0 0.439063 0.373437 0.021875 0.018750
0 0.314063 0.339844 0.012500 0.010937
0 0.282813 0.396094 0.012500 0.010937
0 0.373437 0.373437 0.021875 0.018750
0 0.248438 0.347656 0.012500 0.010937
0 0.217188 0.405469 0.012500 0.010937
0 0.306250 0.373437 0.021875 0.018750
0 0.182812 0.357031 0.012500 0.010937
0 0.150000 0.413281 0.012500 0.010937
0 0.240625 0.373437 0.021875 0.018750
0 0.004687 0.364844 0.009375 0.010937
0 0.070312 0.373437 0.021875 0.018750
0 0.007031 0.373437 0.014063 0.018750
