7 0.262500 0.366406 0.043750 0.114062
10 0.925000 0.325781 0.040625 0.020313
10 0.651563 0.325781 0.040625 0.020313
10 0.573438 0.325781 0.040625 0.020313
10 0.415625 0.325781 0.040625 0.020313
9 0.778125 0.364844 0.003125 0.067187
9 0.983594 0.342969 0.001563 0.051562
9 0.944531 0.342187 0.001563 0.053125
9 0.905469 0.342187 0.001563 0.053125
9 0.825781 0.342969 0.001563 0.051562
9 0.747656 0.342969 0.001563 0.051562
9 0.671094 0.342187 0.001563 0.053125
9 0.632031 0.342187 0.001563 0.053125
9 0.592969 0.342187 0.001563 0.053125
9 0.553906 0.342187 0.001563 0.053125
9 0.474219 0.342969 0.001563 0.051562
9 0.435156 0.342187 0.001563 0.053125
9 0.396094 0.342187 0.001563 0.053125
12 0.329688 0.367188 0.015625 0.028125
0 0.973437 0.373437 0.021875 0.018750
0 0.934375 0.373437 0.021875 0.018750
0 0.896875 0.373437 0.021875 0.018750
0 0.815625 0.373437 0.021875 0.018750
0 0.739062 0.373437 0.021875 0.018750
0 0.660937 0.373437 0.021875 0.018750
0 0.621875 0.373437 0.021875 0.018750
0 0.582812 0.373437 0.021875 0.018750
0 0.545312 0.373437 0.021875 0.018750
0 0.464062 0.373437 0.021875 0.018750
0 0.425000 0.373437 0.021875 0.018750
0 0.387500 0.373437 0.021875 0.018750
