10 0.978906 0.300000 0.032813 0.021875
10 0.913281 0.307812 0.032813 0.021875
10 0.847656 0.317188 0.032813 0.021875
10 0.680469 0.323437 0.032813 0.021875
10 0.614844 0.326562 0.032813 0.021875
10 0.541406 0.340625 0.032813 0.021875
10 0.475781 0.348438 0.032813 0.009375
10 0.305469 0.356250 0.032813 0.021875
10 0.239844 0.364063 0.032813 0.009375
10 0.166406 0.371875 0.032813 0.021875
10 0.100781 0.379688 0.032813 0.009375
10 0.939844 0.478125 0.023438 0.031250
10 0.874219 0.478906 0.023438 0.029687
10 0.708594 0.493750 0.023438 0.031250
10 0.642969 0.499219 0.023438 0.023438
10 0.569531 0.509375 0.023438 0.031250
10 0.503906 0.509375 0.023438 0.031250
10 0.332031 0.525000 0.023438 0.031250
10 0.266406 0.525000 0.023438 0.031250
10 0.192969 0.542188 0.023438 0.031250
10 0.127344 0.542188 0.023438 0.031250
10 0.960938 0.639844 0.018750 0.042188
10 0.895312 0.648438 0.018750 0.040625
10 0.728125 0.655469 0.018750 0.039062
10 0.662500 0.664062 0.018750 0.043750
10 0.589063 0.671094 0.018750 0.054688
10 0.523438 0.678125 0.018750 0.046875
10 0.353125 0.677344 0.018750 0.042188
10 0.287500 0.695312 0.018750 0.046875
10 0.214062 0.695312 0.018750 0.046875
10 0.148438 0.695312 0.018750 0.046875
9 0.806250 0.531250 0.003125 0.400000
9 0.429688 0.531250 0.003125 0.400000
9 0.054688 0.531250 0.003125 0.400000
9 0.971094 0.642188 0.001563 0.043750
9 0.952344 0.669531 0.001563 0.067187
9 0.991406 0.678125 0.001563 0.050000
9 0.905469 0.650781 0.001563 0.042188
9 0.886719 0.678906 0.001563 0.067187
9 0.925781 0.678125 0.001563 0.050000
9 0.738281 0.660156 0.001563 0.042188
9 0.719531 0.686719 0.001563 0.067187
9 0.758594 0.678125 0.001563 0.050000
9 0.672656 0.665625 0.001563 0.043750
9 0.653906 0.694531 0.001563 0.067187
9 0.692969 0.678125 0.001563 0.050000
9 0.599219 0.671875 0.001563 0.050000
9 0.580469 0.703906 0.001563 0.067187
9 0.627344 0.678125 0.001563 0.050000
9 0.533594 0.681250 0.001563 0.046875
9 0.514844 0.710938 0.001563 0.068750
9 0.561719 0.678125 0.001563 0.050000
9 0.363281 0.685937 0.001563 0.053125
9 0.344531 0.714063 0.001563 0.078125
9 0.383594 0.707812 0.001563 0.053125
9 0.296094 0.696875 0.001563 0.046875
9 0.278906 0.726562 0.001563 0.068750
9 0.317969 0.707812 0.001563 0.053125
9 0.222656 0.700781 0.001563 0.054688
9 0.205469 0.730469 0.001563 0.076563
9 0.252344 0.707812 0.001563 0.053125
9 0.157031 0.704688 0.001563 0.062500
9 0.139844 0.734375 0.001563 0.084375
9 0.186719 0.707812 0.001563 0.053125
9 0.007031 0.678125 0.001563 0.050000
9 0.996094 0.501563 0.001563 0.056250
9 0.952344 0.480469 0.001563 0.032813
9 0.928906 0.509375 0.001563 0.056250
9 0.991406 0.512500 0.001563 0.050000
9 0.886719 0.486719 0.001563 0.039062
9 0.863281 0.513281 0.001563 0.064062
9 0.925781 0.512500 0.001563 0.050000
9 0.719531 0.496094 0.001563 0.032813
9 0.697656 0.525781 0.001563 0.057813
9 0.758594 0.512500 0.001563 0.050000
9 0.653906 0.506250 0.001563 0.031250
9 0.632031 0.530469 0.001563 0.060937
9 0.692969 0.512500 0.001563 0.050000
9 0.580469 0.513281 0.001563 0.032813
9 0.558594 0.541406 0.001563 0.057813
9 0.627344 0.512500 0.001563 0.050000
9 0.514844 0.517188 0.001563 0.040625
9 0.492969 0.545312 0.001563 0.065625
9 0.561719 0.512500 0.001563 0.050000
9 0.344531 0.528906 0.001563 0.032813
9 0.321094 0.557031 0.001563 0.057813
9 0.383594 0.542188 0.001563 0.053125
9 0.278906 0.532813 0.001563 0.040625
9 0.255469 0.560937 0.001563 0.065625
9 0.317969 0.542188 0.001563 0.053125
9 0.205469 0.544531 0.001563 0.032813
9 0.182031 0.574219 0.001563 0.057813
9 0.252344 0.542188 0.001563 0.053125
9 0.139844 0.548438 0.001563 0.040625
9 0.116406 0.578125 0.001563 0.065625
9 0.186719 0.542188 0.001563 0.053125
9 0.007031 0.512500 0.001563 0.050000
9 0.996094 0.307031 0.001563 0.029687
9 0.963281 0.335156 0.001563 0.054688
9 0.928906 0.314844 0.001563 0.029687
9 0.897656 0.342969 0.001563 0.054688
9 0.991406 0.345313 0.001563 0.050000
9 0.863281 0.322656 0.001563 0.029687
9 0.832031 0.350781 0.001563 0.054688
9 0.925781 0.345313 0.001563 0.050000
9 0.697656 0.331250 0.001563 0.031250
9 0.664844 0.358594 0.001563 0.054688
9 0.758594 0.345313 0.001563 0.050000
9 0.632031 0.335156 0.001563 0.035937
9 0.599219 0.364844 0.001563 0.060937
9 0.692969 0.345313 0.001563 0.050000
9 0.558594 0.346875 0.001563 0.031250
9 0.525781 0.374219 0.001563 0.054688
9 0.627344 0.345313 0.001563 0.050000
9 0.492969 0.357812 0.001563 0.025000
9 0.460156 0.380469 0.001563 0.060937
9 0.561719 0.345313 0.001563 0.050000
9 0.321094 0.362500 0.001563 0.031250
9 0.289844 0.391406 0.001563 0.054688
9 0.383594 0.375000 0.001563 0.053125
9 0.255469 0.375000 0.001563 0.025000
9 0.224219 0.397656 0.001563 0.060937
9 0.317969 0.375000 0.001563 0.053125
9 0.182031 0.379688 0.001563 0.031250
9 0.150781 0.407031 0.001563 0.054688
9 0.252344 0.375000 0.001563 0.053125
9 0.116406 0.390625 0.001563 0.025000
9 0.085156 0.413281 0.001563 0.060937
9 0.186719 0.375000 0.001563 0.053125
9 0.007031 0.345313 0.001563 0.050000
0 0.964063 0.666406 0.012500 0.010937
0 0.945312 0.705469 0.012500 0.010937
0 0.981250 0.706250 0.021875 0.018750
0 0.898438 0.674219 0.012500 0.010937
0 0.879687 0.714844 0.012500 0.010937
0 0.915625 0.706250 0.021875 0.018750
0 0.731250 0.682031 0.012500 0.010937
0 0.714063 0.722656 0.012500 0.010937
0 0.750000 0.706250 0.021875 0.018750
0 0.665625 0.689844 0.012500 0.010937
0 0.648438 0.730469 0.012500 0.010937
0 0.684375 0.706250 0.021875 0.018750
0 0.592187 0.697656 0.012500 0.010937
0 0.575000 0.738281 0.012500 0.010937
0 0.618750 0.706250 0.021875 0.018750
0 0.526563 0.705469 0.012500 0.010937
0 0.509375 0.746094 0.012500 0.010937
0 0.551562 0.706250 0.021875 0.018750
0 0.356250 0.714844 0.012500 0.010937
0 0.337500 0.753906 0.012500 0.010937
0 0.373437 0.739062 0.021875 0.018750
0 0.290625 0.722656 0.012500 0.010937
0 0.271875 0.763281 0.012500 0.010937
0 0.307812 0.739062 0.021875 0.018750
0 0.217188 0.730469 0.012500 0.010937
0 0.198437 0.771094 0.012500 0.010937
0 0.242188 0.739062 0.021875 0.018750
0 0.151562 0.738281 0.012500 0.010937
0 0.132812 0.778906 0.012500 0.010937
0 0.176563 0.739062 0.021875 0.018750
0 0.004687 0.706250 0.009375 0.018750
0 0.989062 0.532031 0.012500 0.010937
0 0.945312 0.499219 0.012500 0.010937
0 0.923438 0.539844 0.012500 0.010937
0 0.981250 0.539062 0.021875 0.018750
0 0.879687 0.507031 0.012500 0.010937
0 0.857812 0.547656 0.012500 0.010937
0 0.915625 0.539062 0.021875 0.018750
0 0.714063 0.514844 0.012500 0.010937
0 0.690625 0.555469 0.012500 0.010937
0 0.750000 0.539062 0.021875 0.018750
0 0.648438 0.522656 0.012500 0.010937
0 0.625000 0.563281 0.012500 0.010937
0 0.684375 0.539062 0.021875 0.018750
0 0.575000 0.532031 0.012500 0.010937
0 0.551562 0.571094 0.012500 0.010937
0 0.618750 0.539062 0.021875 0.018750
0 0.509375 0.539844 0.012500 0.010937
0 0.485938 0.580469 0.012500 0.010937
0 0.551562 0.539062 0.021875 0.018750
0 0.337500 0.547656 0.012500 0.010937
0 0.315625 0.588281 0.012500 0.010937
0 0.373437 0.571875 0.021875 0.018750
0 0.271875 0.555469 0.012500 0.010937
0 0.250000 0.596094 0.012500 0.010937
0 0.307812 0.571875 0.021875 0.018750
0 0.198437 0.563281 0.012500 0.010937
0 0.176563 0.603906 0.012500 0.010937
0 0.242188 0.571875 0.021875 0.018750
0 0.132812 0.571094 0.012500 0.010937
0 0.110937 0.611719 0.012500 0.010937
0 0.176563 0.571875 0.021875 0.018750
0 0.004687 0.539062 0.009375 0.018750
0 0.989062 0.324219 0.012500 0.010937
0 0.957812 0.364844 0.012500 0.010937
0 0.923438 0.332031 0.012500 0.010937
0 0.892188 0.372656 0.012500 0.010937
0 0.981250 0.373437 0.021875 0.018750
0 0.857812 0.339844 0.012500 0.010937
0 0.826562 0.380469 0.012500 0.010937
0 0.915625 0.373437 0.021875 0.018750
0 0.690625 0.347656 0.012500 0.010937
0 0.659375 0.388281 0.012500 0.010937
0 0.750000 0.373437 0.021875 0.018750
0 0.625000 0.357031 0.012500 0.010937
0 0.593750 0.396094 0.012500 0.010937
0 0.684375 0.373437 0.021875 0.018750
0 0.551562 0.364844 0.012500 0.010937
0 0.520312 0.405469 0.012500 0.010937
0 0.618750 0.373437 0.021875 0.018750
0 0.485938 0.372656 0.012500 0.010937
0 0.454688 0.413281 0.012500 0.010937
0 0.551562 0.373437 0.021875 0.018750
0 0.315625 0.380469 0.012500 0.010937
0 0.284375 0.421094 0.012500 0.010937
0 0.373437 0.404687 0.021875 0.018750
0 0.250000 0.388281 0.012500 0.010937
0 0.217188 0.428906 0.012500 0.010937
0 0.307812 0.404687 0.021875 0.018750
0 0.176563 0.396094 0.012500 0.010937
0 0.143750 0.436719 0.012500 0.010937
0 0.242188 0.404687 0.021875 0.018750
0 0.110937 0.405469 0.012500 0.010937
0 0.078125 0.444531 0.012500 0.010937
0 0.176563 0.404687 0.021875 0.018750
0 0.004687 0.373437 0.009375 0.018750
