7 0.232813 0.386719 0.043750 0.114062
7 0.232813 0.063281 0.043750 0.114062
7 0.232813 0.225781 0.043750 0.114062
10 0.878125 0.065625 0.062500 0.037500
10 0.701562 0.078906 0.062500 0.042188
10 0.498437 0.081250 0.062500 0.037500
10 0.321875 0.093750 0.062500 0.037500
10 0.888281 0.234375 0.082812 0.053125
10 0.711719 0.234375 0.082812 0.053125
10 0.508594 0.250000 0.082812 0.053125
10 0.332031 0.250000 0.082812 0.053125
10 0.863281 0.410938 0.032813 0.053125
10 0.686719 0.425000 0.032813 0.046875
10 0.483594 0.430469 0.032813 0.042188
10 0.307031 0.438281 0.032813 0.042188
9 0.201563 0.209375 0.003125 0.418750
9 0.645312 0.209375 0.003125 0.418750
12 0.967187 0.387500 0.015625 0.028125
9 0.878906 0.383594 0.001563 0.070312
9 0.847656 0.403125 0.001563 0.062500
12 0.790625 0.387500 0.015625 0.028125
9 0.702344 0.394531 0.001563 0.076563
9 0.671094 0.411719 0.001563 0.064062
12 0.585938 0.387500 0.015625 0.028125
9 0.499219 0.401562 0.001563 0.075000
9 0.467969 0.417187 0.001563 0.059375
12 0.409375 0.387500 0.015625 0.028125
9 0.322656 0.409375 0.001563 0.075000
9 0.291406 0.426563 0.001563 0.059375
12 0.967187 0.226562 0.015625 0.028125
9 0.928906 0.203906 0.001563 0.067187
9 0.847656 0.225000 0.001563 0.062500
12 0.790625 0.226562 0.015625 0.028125
9 0.752344 0.207031 0.001563 0.057813
9 0.671094 0.230469 0.001563 0.054688
12 0.585938 0.226562 0.015625 0.028125
9 0.547656 0.219531 0.001563 0.067187
9 0.467969 0.242188 0.001563 0.062500
12 0.409375 0.226562 0.015625 0.028125
9 0.371094 0.222656 0.001563 0.057813
9 0.291406 0.246094 0.001563 0.054688
12 0.967187 0.065625 0.015625 0.028125
9 0.910156 0.036719 0.001563 0.054688
9 0.847656 0.056250 0.001563 0.046875
12 0.790625 0.065625 0.015625 0.028125
9 0.733594 0.046875 0.001563 0.059375
9 0.671094 0.067969 0.001563 0.054688
12 0.585938 0.065625 0.015625 0.028125
9 0.528906 0.052344 0.001563 0.054688
9 0.467969 0.071875 0.001563 0.046875
12 0.409375 0.065625 0.015625 0.028125
9 0.352344 0.061719 0.001563 0.057813
9 0.291406 0.082812 0.001563 0.050000
0 0.889062 0.345313 0.021875 0.018750
0 0.857812 0.368750 0.021875 0.018750
0 0.712500 0.353125 0.021875 0.018750
0 0.681250 0.378125 0.021875 0.018750
0 0.509375 0.360938 0.021875 0.018750
0 0.478125 0.385937 0.021875 0.018750
0 0.332813 0.368750 0.021875 0.018750
0 0.301563 0.393750 0.021875 0.018750
0 0.939063 0.167187 0.021875 0.018750
0 0.857812 0.192188 0.021875 0.018750
0 0.762500 0.175000 0.021875 0.018750
0 0.681250 0.200000 0.021875 0.018750
0 0.557813 0.184375 0.021875 0.018750
0 0.478125 0.207813 0.021875 0.018750
0 0.381250 0.192188 0.021875 0.018750
0 0.301563 0.215625 0.021875 0.018750
0 0.920312 0.007812 0.021875 0.015625
0 0.857812 0.029687 0.021875 0.018750
0 0.743750 0.014063 0.021875 0.018750
0 0.681250 0.039062 0.021875 0.018750
0 0.539062 0.021875 0.021875 0.018750
0 0.478125 0.046875 0.021875 0.018750
0 0.362500 0.029687 0.021875 0.018750
0 0.301563 0.054688 0.021875 0.018750
