7 0.262500 0.366406 0.043750 0.114062
10 0.952344 0.319531 0.095312 0.032813
10 0.684375 0.319531 0.087500 0.032813
10 0.512500 0.319531 0.087500 0.032813
10 0.363281 0.319531 0.045312 0.032813
9 0.806250 0.364844 0.003125 0.067187
9 0.991406 0.335938 0.001563 0.065625
9 0.949219 0.335938 0.001563 0.065625
9 0.905469 0.335938 0.001563 0.065625
9 0.727344 0.335938 0.001563 0.065625
9 0.685156 0.335938 0.001563 0.065625
9 0.641406 0.335938 0.001563 0.065625
12 0.589844 0.366406 0.023438 0.060937
9 0.555469 0.335938 0.001563 0.065625
9 0.513281 0.335938 0.001563 0.065625
9 0.469531 0.335938 0.001563 0.065625
12 0.419531 0.366406 0.023438 0.060937
9 0.385156 0.335938 0.001563 0.065625
9 0.341406 0.335938 0.001563 0.065625
0 0.982812 0.373437 0.021875 0.018750
0 0.939063 0.373437 0.021875 0.018750
0 0.896875 0.373437 0.021875 0.018750
0 0.718750 0.373437 0.021875 0.018750
0 0.675000 0.373437 0.021875 0.018750
0 0.632812 0.373437 0.021875 0.018750
0 0.546875 0.373437 0.021875 0.018750
0 0.504687 0.373437 0.021875 0.018750
0 0.460938 0.373437 0.021875 0.018750
0 0.375000 0.373437 0.021875 0.018750
0 0.332813 0.373437 0.021875 0.018750
