10 0.844531 0.078906 0.064062 0.042188
10 0.638281 0.081250 0.064062 0.037500
10 0.460156 0.093750 0.064062 0.037500
10 0.257031 0.096875 0.064062 0.037500
10 0.078906 0.104688 0.064062 0.037500
10 0.853906 0.234375 0.082812 0.053125
10 0.647656 0.234375 0.082812 0.053125
10 0.469531 0.250000 0.082812 0.053125
10 0.266406 0.250000 0.082812 0.053125
10 0.088281 0.260156 0.082812 0.048438
10 0.994531 0.395313 0.010937 0.053125
10 0.828906 0.410938 0.032813 0.053125
10 0.622656 0.410938 0.032813 0.053125
10 0.444531 0.425000 0.032813 0.046875
10 0.241406 0.430469 0.032813 0.042188
10 0.063281 0.438281 0.032813 0.042188
9 0.785937 0.209375 0.003125 0.418750
9 0.403125 0.209375 0.003125 0.418750
9 0.021875 0.209375 0.003125 0.418750
9 0.989844 0.387500 0.001563 0.062500
12 0.931250 0.387500 0.015625 0.028125
9 0.842969 0.374219 0.001563 0.085938
9 0.813281 0.399219 0.001563 0.070312
12 0.725000 0.387500 0.015625 0.028125
9 0.638281 0.378125 0.001563 0.078125
9 0.607031 0.403125 0.001563 0.062500
12 0.548438 0.387500 0.015625 0.028125
9 0.460156 0.390625 0.001563 0.084375
9 0.428906 0.411719 0.001563 0.064062
12 0.343750 0.387500 0.015625 0.028125
9 0.255469 0.397656 0.001563 0.082812
9 0.225781 0.417187 0.001563 0.059375
12 0.167187 0.387500 0.015625 0.028125
9 0.078906 0.405469 0.001563 0.082812
9 0.047656 0.426563 0.001563 0.059375
9 0.989844 0.225000 0.001563 0.062500
12 0.931250 0.226562 0.015625 0.028125
9 0.892969 0.203906 0.001563 0.067187
9 0.813281 0.230469 0.001563 0.054688
12 0.725000 0.226562 0.015625 0.028125
9 0.686719 0.207031 0.001563 0.057813
9 0.607031 0.234375 0.001563 0.046875
12 0.548438 0.226562 0.015625 0.028125
9 0.510156 0.219531 0.001563 0.067187
9 0.428906 0.246094 0.001563 0.054688
12 0.343750 0.226562 0.015625 0.028125
9 0.305469 0.222656 0.001563 0.057813
9 0.225781 0.250000 0.001563 0.046875
12 0.167187 0.226562 0.015625 0.028125
9 0.128906 0.234375 0.001563 0.062500
9 0.047656 0.257812 0.001563 0.046875
9 0.989844 0.056250 0.001563 0.046875
12 0.931250 0.065625 0.015625 0.028125
9 0.874219 0.042969 0.001563 0.067187
9 0.813281 0.067969 0.001563 0.054688
12 0.725000 0.065625 0.015625 0.028125
9 0.667969 0.048438 0.001563 0.062500
9 0.607031 0.071875 0.001563 0.046875
12 0.548438 0.065625 0.015625 0.028125
9 0.491406 0.057813 0.001563 0.065625
9 0.428906 0.082812 0.001563 0.050000
12 0.343750 0.065625 0.015625 0.028125
9 0.286719 0.064062 0.001563 0.062500
9 0.225781 0.089063 0.001563 0.046875
12 0.167187 0.065625 0.015625 0.028125
9 0.110156 0.071875 0.001563 0.062500
9 0.047656 0.096875 0.001563 0.046875
0 0.994531 0.353125 0.010937 0.018750
0 0.853125 0.329688 0.021875 0.018750
0 0.823438 0.360938 0.021875 0.018750
0 0.648438 0.337500 0.021875 0.018750
0 0.617188 0.368750 0.021875 0.018750
0 0.470313 0.345313 0.021875 0.018750
0 0.439063 0.378125 0.021875 0.018750
0 0.265625 0.353125 0.021875 0.018750
0 0.235937 0.385937 0.021875 0.018750
0 0.089063 0.360938 0.021875 0.018750
0 0.057813 0.393750 0.021875 0.018750
0 0.994531 0.192188 0.010937 0.018750
0 0.903125 0.167187 0.021875 0.018750
0 0.823438 0.200000 0.021875 0.018750
0 0.696875 0.175000 0.021875 0.018750
0 0.617188 0.207813 0.021875 0.018750
0 0.520312 0.184375 0.021875 0.018750
0 0.439063 0.215625 0.021875 0.018750
0 0.315625 0.192188 0.021875 0.018750
0 0.235937 0.223438 0.021875 0.018750
0 0.139063 0.200000 0.021875 0.018750
0 0.057813 0.232813 0.021875 0.018750
0 0.994531 0.029687 0.010937 0.018750
0 0.884375 0.007812 0.021875 0.015625
0 0.823438 0.039062 0.021875 0.018750
0 0.678125 0.014063 0.021875 0.018750
0 0.617188 0.046875 0.021875 0.018750
0 0.501563 0.021875 0.021875 0.018750
0 0.439063 0.054688 0.021875 0.018750
0 0.296875 0.029687 0.021875 0.018750
0 0.235937 0.062500 0.021875 0.018750
0 0.120313 0.039062 0.021875 0.018750
0 0.057813 0.070312 0.021875 0.018750
