10 0.735156 0.319531 0.092188 0.032813
10 0.498437 0.319531 0.181250 0.032813
10 0.235156 0.319531 0.092188 0.032813
10 0.045312 0.319531 0.090625 0.032813
9 0.860938 0.364844 0.003125 0.067187
9 0.362500 0.364844 0.003125 0.067187
9 0.778906 0.335938 0.001563 0.065625
9 0.733594 0.335938 0.001563 0.065625
9 0.689844 0.335938 0.001563 0.065625
9 0.588281 0.335938 0.001563 0.065625
9 0.542969 0.335938 0.001563 0.065625
9 0.497656 0.335938 0.001563 0.065625
9 0.452344 0.335938 0.001563 0.065625
9 0.408594 0.335938 0.001563 0.065625
9 0.278906 0.335938 0.001563 0.065625
9 0.235156 0.335938 0.001563 0.065625
9 0.189844 0.335938 0.001563 0.065625
9 0.088281 0.335938 0.001563 0.065625
9 0.042969 0.335938 0.001563 0.065625
0 0.770312 0.373437 0.021875 0.018750
0 0.725000 0.373437 0.021875 0.018750
0 0.679688 0.373437 0.021875 0.018750
0 0.578125 0.373437 0.021875 0.018750
0 0.534375 0.373437 0.021875 0.018750
0 0.489063 0.373437 0.021875 0.018750
0 0.443750 0.373437 0.021875 0.018750
0 0.398438 0.373437 0.021875 0.018750
0 0.270313 0.373437 0.021875 0.018750
0 0.225000 0.373437 0.021875 0.018750
0 0.179688 0.373437 0.021875 0.018750
0 0.079687 0.373437 0.021875 0.018750
0 0.034375 0.373437 0.021875 0.018750
