10 0.932813 0.325781 0.040625 0.020313
10 0.775781 0.325781 0.120313 0.020313
10 0.571875 0.325781 0.081250 0.020313
10 0.434375 0.325781 0.040625 0.020313
10 0.296875 0.325781 0.081250 0.020313
10 0.072656 0.325781 0.079687 0.020313
14 0.670312 0.364844 0.003125 0.067187
14 0.171875 0.364844 0.003125 0.067187
9 0.952344 0.342187 0.001563 0.053125
9 0.913281 0.342187 0.001563 0.053125
9 0.835156 0.342187 0.001563 0.053125
9 0.794531 0.342187 0.001563 0.053125
9 0.755469 0.342187 0.001563 0.053125
9 0.716406 0.342187 0.001563 0.053125
9 0.610156 0.342187 0.001563 0.053125
9 0.571094 0.342187 0.001563 0.053125
9 0.532031 0.342187 0.001563 0.053125
9 0.453906 0.342187 0.001563 0.053125
9 0.414844 0.342187 0.001563 0.053125
9 0.335156 0.342187 0.001563 0.053125
9 0.296094 0.342187 0.001563 0.053125
9 0.257031 0.342187 0.001563 0.053125
9 0.111719 0.342187 0.001563 0.053125
9 0.072656 0.342187 0.001563 0.053125
9 0.033594 0.342187 0.001563 0.053125
0 0.943750 0.373437 0.021875 0.018750
0 0.903125 0.373437 0.021875 0.018750
0 0.825000 0.373437 0.021875 0.018750
0 0.785937 0.373437 0.021875 0.018750
0 0.746875 0.373437 0.021875 0.018750
0 0.707812 0.373437 0.021875 0.018750
0 0.601562 0.373437 0.021875 0.018750
0 0.562500 0.373437 0.021875 0.018750
0 0.523438 0.373437 0.021875 0.018750
0 0.443750 0.373437 0.021875 0.018750
0 0.404687 0.373437 0.021875 0.018750
0 0.326562 0.373437 0.021875 0.018750
0 0.287500 0.373437 0.021875 0.018750
0 0.248438 0.373437 0.021875 0.018750
0 0.103125 0.373437 0.021875 0.018750
0 0.062500 0.373437 0.021875 0.018750
0 0.023438 0.373437 0.021875 0.018750
