9 0.643750 0.364844 0.003125 0.067187
9 0.120313 0.364844 0.003125 0.067187
15 0.978906 0.337500 0.017188 0.062500
9 0.971094 0.339062 0.001563 0.059375
15 0.864844 0.337500 0.017188 0.062500
9 0.857031 0.339062 0.001563 0.059375
15 0.749219 0.337500 0.017188 0.062500
9 0.741406 0.339062 0.001563 0.059375
12 0.682031 0.366406 0.023438 0.060937
12 0.603906 0.366406 0.023438 0.060937
15 0.569531 0.337500 0.017188 0.062500
9 0.561719 0.339062 0.001563 0.059375
15 0.453906 0.337500 0.017188 0.062500
9 0.446094 0.339062 0.001563 0.059375
15 0.339844 0.337500 0.017188 0.062500
9 0.332031 0.339062 0.001563 0.059375
12 0.208594 0.366406 0.023438 0.060937
15 0.174219 0.337500 0.017188 0.062500
9 0.166406 0.339062 0.001563 0.059375
12 0.078906 0.366406 0.023438 0.060937
15 0.044531 0.337500 0.017188 0.062500
9 0.036719 0.339062 0.001563 0.059375
0 0.962500 0.373437 0.021875 0.018750
0 0.846875 0.373437 0.021875 0.018750
0 0.732812 0.373437 0.021875 0.018750
0 0.551562 0.373437 0.021875 0.018750
0 0.437500 0.373437 0.021875 0.018750
0 0.321875 0.373437 0.021875 0.018750
0 0.156250 0.373437 0.021875 0.018750
0 0.026562 0.373437 0.021875 0.018750
