10 0.542188 0.319531 0.084375 0.032813
10 0.043750 0.319531 0.084375 0.032813
14 0.860938 0.364844 0.003125 0.067187
14 0.362500 0.364844 0.003125 0.067187
14 0.839844 0.337500 0.017188 0.062500
9 0.832031 0.339062 0.001563 0.059375
11 0.782031 0.366406 0.023438 0.060937
14 0.757031 0.337500 0.017188 0.062500
9 0.749219 0.339062 0.001563 0.059375
11 0.699219 0.366406 0.023438 0.060937
14 0.674219 0.337500 0.017188 0.062500
9 0.666406 0.339062 0.001563 0.059375
11 0.616406 0.366406 0.023438 0.060937
9 0.583594 0.335938 0.001563 0.065625
9 0.542969 0.335938 0.001563 0.065625
9 0.500781 0.335938 0.001563 0.065625
14 0.416406 0.337500 0.017188 0.062500
9 0.408594 0.339062 0.001563 0.059375
14 0.339844 0.337500 0.017188 0.062500
9 0.332031 0.339062 0.001563 0.059375
11 0.282031 0.366406 0.023438 0.060937
14 0.257031 0.337500 0.017188 0.062500
9 0.249219 0.339062 0.001563 0.059375
11 0.199219 0.366406 0.023438 0.060937
14 0.175781 0.337500 0.017188 0.062500
9 0.167969 0.339062 0.001563 0.059375
11 0.117969 0.366406 0.023438 0.060937
9 0.085156 0.335938 0.001563 0.065625
9 0.042969 0.335938 0.001563 0.065625
9 0.002344 0.335938 0.001563 0.065625
0 0.821875 0.373437 0.021875 0.018750
0 0.739062 0.373437 0.021875 0.018750
0 0.657813 0.373437 0.021875 0.018750
0 0.575000 0.373437 0.021875 0.018750
0 0.532813 0.373437 0.021875 0.018750
0 0.492188 0.373437 0.021875 0.018750
0 0.398438 0.373437 0.021875 0.018750
0 0.323437 0.373437 0.021875 0.018750
0 0.240625 0.373437 0.021875 0.018750
0 0.157812 0.373437 0.021875 0.018750
0 0.075000 0.373437 0.021875 0.018750
0 0.034375 0.373437 0.021875 0.018750
