10 0.798438 0.319531 0.084375 0.032813
10 0.634375 0.319531 0.084375 0.032813
10 0.339062 0.319531 0.084375 0.032813
10 0.175000 0.319531 0.084375 0.032813
9 0.860938 0.364844 0.003125 0.067187
9 0.401562 0.364844 0.003125 0.067187
9 0.839844 0.335938 0.001563 0.065625
9 0.797656 0.335938 0.001563 0.065625
9 0.757031 0.335938 0.001563 0.065625
12 0.707031 0.366406 0.023438 0.060937
9 0.675781 0.335938 0.001563 0.065625
9 0.633594 0.335938 0.001563 0.065625
9 0.592969 0.335938 0.001563 0.065625
12 0.542969 0.366406 0.023438 0.060937
15 0.519531 0.337500 0.017188 0.062500
9 0.511719 0.339062 0.001563 0.059375
8 0.459375 0.356250 0.006250 0.006250
9 0.380469 0.335938 0.001563 0.065625
9 0.338281 0.335938 0.001563 0.065625
9 0.297656 0.335938 0.001563 0.065625
12 0.247656 0.366406 0.023438 0.060937
9 0.216406 0.335938 0.001563 0.065625
9 0.174219 0.335938 0.001563 0.065625
9 0.133594 0.335938 0.001563 0.065625
12 0.083594 0.366406 0.023438 0.060937
12 0.042969 0.366406 0.023438 0.060937
9 0.010156 0.335938 0.001563 0.065625
0 0.829688 0.373437 0.021875 0.018750
0 0.789062 0.373437 0.021875 0.018750
0 0.748437 0.373437 0.021875 0.018750
0 0.665625 0.373437 0.021875 0.018750
0 0.625000 0.373437 0.021875 0.018750
0 0.584375 0.373437 0.021875 0.018750
0 0.501563 0.373437 0.021875 0.018750
0 0.370312 0.373437 0.021875 0.018750
0 0.329688 0.373437 0.021875 0.018750
0 0.289062 0.373437 0.021875 0.018750
0 0.206250 0.373437 0.021875 0.018750
0 0.165625 0.373437 0.021875 0.018750
0 0.125000 0.373437 0.021875 0.018750
0 0.006250 0.373437 0.012500 0.018750
