10 0.795312 0.325781 0.062500 0.020313
10 0.525781 0.325781 0.182812 0.020313
10 0.052344 0.325781 0.104688 0.020313
9 0.657813 0.364844 0.003125 0.067187
9 0.146875 0.364844 0.003125 0.067187
9 0.946094 0.342187 0.001563 0.053125
9 0.825781 0.342187 0.001563 0.053125
9 0.764844 0.342187 0.001563 0.053125
9 0.616406 0.342187 0.001563 0.053125
9 0.555469 0.342187 0.001563 0.053125
9 0.494531 0.342187 0.001563 0.053125
9 0.435156 0.342187 0.001563 0.053125
9 0.313281 0.342969 0.001563 0.051562
9 0.192969 0.342969 0.001563 0.051562
9 0.103906 0.342187 0.001563 0.053125
9 0.044531 0.342187 0.001563 0.053125
0 0.992969 0.373437 0.014063 0.018750
0 0.937500 0.373437 0.021875 0.018750
0 0.815625 0.373437 0.021875 0.018750
0 0.754687 0.373437 0.021875 0.018750
0 0.606250 0.373437 0.021875 0.018750
0 0.546875 0.373437 0.021875 0.018750
0 0.485938 0.373437 0.021875 0.018750
0 0.425000 0.373437 0.021875 0.018750
0 0.304688 0.373437 0.021875 0.018750
0 0.182812 0.373437 0.021875 0.018750
0 0.095312 0.373437 0.021875 0.018750
0 0.034375 0.373437 0.021875 0.018750
