14 0.668750 0.364844 0.003125 0.067187
14 0.198437 0.364844 0.003125 0.067187
9 0.938281 0.342969 0.001563 0.051562
11 0.859375 0.367188 0.015625 0.028125
9 0.825781 0.342969 0.001563 0.051562
11 0.748437 0.367188 0.015625 0.028125
9 0.714844 0.342969 0.001563 0.051562
11 0.609375 0.367188 0.015625 0.028125
9 0.528906 0.342969 0.001563 0.051562
9 0.436719 0.342969 0.001563 0.051562
11 0.359375 0.367188 0.015625 0.028125
9 0.324219 0.342969 0.001563 0.051562
11 0.232813 0.367188 0.015625 0.028125
8 0.251563 0.356250 0.006250 0.006250
11 0.139063 0.367188 0.015625 0.028125
9 0.060156 0.342969 0.001563 0.051562
0 0.928125 0.373437 0.021875 0.018750
0 0.817187 0.373437 0.021875 0.018750
0 0.704688 0.373437 0.021875 0.018750
0 0.520312 0.373437 0.021875 0.018750
0 0.426563 0.373437 0.021875 0.018750
0 0.315625 0.373437 0.021875 0.018750
0 0.050000 0.373437 0.021875 0.018750
