10 0.375781 0.325781 0.067187 0.020313
10 0.260937 0.325781 0.100000 0.020313
9 0.860938 0.364844 0.003125 0.067187
9 0.562500 0.364844 0.003125 0.067187
9 0.165625 0.364844 0.003125 0.067187
9 0.830469 0.342969 0.001563 0.051562
12 0.760938 0.367188 0.015625 0.028125
8 0.781250 0.356250 0.006250 0.006250
9 0.732031 0.342969 0.001563 0.051562
12 0.662500 0.367188 0.015625 0.028125
8 0.681250 0.356250 0.006250 0.006250
12 0.597656 0.364844 0.017188 0.048438
9 0.532031 0.342969 0.001563 0.051562
12 0.462500 0.367188 0.015625 0.028125
8 0.481250 0.356250 0.006250 0.006250
9 0.408594 0.342187 0.001563 0.053125
9 0.375781 0.342187 0.001563 0.053125
9 0.342969 0.342187 0.001563 0.053125
9 0.310156 0.342187 0.001563 0.053125
9 0.277344 0.342187 0.001563 0.053125
9 0.244531 0.342187 0.001563 0.053125
9 0.211719 0.342187 0.001563 0.053125
9 0.135156 0.342969 0.001563 0.051562
12 0.065625 0.367188 0.015625 0.028125
8 0.084375 0.356250 0.006250 0.006250
9 0.011719 0.342187 0.001563 0.053125
0 0.821875 0.373437 0.021875 0.018750
0 0.721875 0.373437 0.021875 0.018750
0 0.521875 0.373437 0.021875 0.018750
0 0.400000 0.373437 0.021875 0.018750
0 0.367188 0.373437 0.021875 0.018750
0 0.334375 0.373437 0.021875 0.018750
0 0.301563 0.373437 0.021875 0.018750
0 0.268750 0.373437 0.021875 0.018750
0 0.235937 0.373437 0.021875 0.018750
0 0.203125 0.373437 0.021875 0.018750
0 0.125000 0.373437 0.021875 0.018750
0 0.007031 0.373437 0.014063 0.018750
