10 0.610156 0.319531 0.054688 0.032813
10 0.242969 0.319531 0.054688 0.032813
10 0.110156 0.319531 0.054688 0.032813
9 0.670312 0.364844 0.003125 0.067187
9 0.170313 0.364844 0.003125 0.067187
15 0.974219 0.337500 0.017188 0.062500
9 0.966406 0.339062 0.001563 0.059375
8 0.896875 0.356250 0.006250 0.006250
12 0.825781 0.366406 0.023438 0.060937
15 0.789844 0.337500 0.017188 0.062500
9 0.782031 0.339062 0.001563 0.059375
9 0.636719 0.335938 0.001563 0.065625
9 0.583594 0.335938 0.001563 0.065625
15 0.474219 0.337500 0.017188 0.062500
9 0.466406 0.339062 0.001563 0.059375
8 0.398438 0.356250 0.006250 0.006250
9 0.267969 0.335938 0.001563 0.065625
9 0.216406 0.335938 0.001563 0.065625
9 0.136719 0.335938 0.001563 0.065625
9 0.083594 0.335938 0.001563 0.065625
0 0.956250 0.373437 0.021875 0.018750
0 0.771875 0.373437 0.021875 0.018750
0 0.626563 0.373437 0.021875 0.018750
0 0.575000 0.373437 0.021875 0.018750
0 0.456250 0.373437 0.021875 0.018750
0 0.259375 0.373437 0.021875 0.018750
0 0.206250 0.373437 0.021875 0.018750
0 0.126562 0.373437 0.021875 0.018750
0 0.075000 0.373437 0.021875 0.018750
