10 0.482031 0.319531 0.060937 0.007812
9 0.670312 0.364844 0.003125 0.067187
9 0.170313 0.364844 0.003125 0.067187
12 0.939063 0.367188 0.015625 0.028125
12 0.881250 0.367188 0.015625 0.028125
15 0.841406 0.342187 0.017188 0.053125
9 0.833594 0.343750 0.001563 0.053125
15 0.782031 0.342187 0.017188 0.053125
9 0.774219 0.343750 0.001563 0.053125
12 0.703125 0.367188 0.015625 0.028125
12 0.617188 0.367188 0.015625 0.028125
15 0.578906 0.342187 0.017188 0.053125
9 0.571094 0.343750 0.001563 0.053125
9 0.511719 0.342187 0.001563 0.053125
9 0.452344 0.342187 0.001563 0.053125
15 0.400781 0.342187 0.017188 0.053125
9 0.392969 0.343750 0.001563 0.053125
12 0.321875 0.367188 0.015625 0.028125
15 0.283594 0.342187 0.017188 0.053125
9 0.275781 0.343750 0.001563 0.053125
12 0.203125 0.367188 0.015625 0.028125
15 0.138281 0.342187 0.017188 0.053125
9 0.130469 0.343750 0.001563 0.053125
12 0.057813 0.367188 0.015625 0.028125
9 0.011719 0.342187 0.001563 0.053125
0 0.995313 0.373437 0.009375 0.018750
0 0.825000 0.373437 0.021875 0.018750
0 0.765625 0.373437 0.021875 0.018750
0 0.560937 0.373437 0.021875 0.018750
0 0.501563 0.373437 0.021875 0.018750
0 0.443750 0.373437 0.021875 0.018750
0 0.384375 0.373437 0.021875 0.018750
0 0.265625 0.373437 0.021875 0.018750
0 0.120313 0.373437 0.021875 0.018750
0 0.006250 0.373437 0.012500 0.018750
