10 0.710938 0.319531 0.106250 0.032813
10 0.171875 0.319531 0.106250 0.032813
9 0.860938 0.364844 0.003125 0.067187
9 0.323437 0.364844 0.003125 0.067187
9 0.763281 0.335938 0.001563 0.065625
9 0.710156 0.335938 0.001563 0.065625
9 0.658594 0.335938 0.001563 0.065625
8 0.590625 0.356250 0.006250 0.006250
15 0.533594 0.337500 0.017188 0.062500
9 0.525781 0.339062 0.001563 0.059375
12 0.464844 0.366406 0.023438 0.060937
15 0.428906 0.337500 0.017188 0.062500
9 0.421094 0.339062 0.001563 0.059375
12 0.361719 0.366406 0.023438 0.060937
9 0.224219 0.335938 0.001563 0.065625
9 0.172656 0.335938 0.001563 0.065625
9 0.119531 0.335938 0.001563 0.065625
8 0.051562 0.356250 0.006250 0.006250
0 0.753125 0.373437 0.021875 0.018750
0 0.701562 0.373437 0.021875 0.018750
0 0.648438 0.373437 0.021875 0.018750
0 0.517188 0.373437 0.021875 0.018750
0 0.412500 0.373437 0.021875 0.018750
0 0.215625 0.373437 0.021875 0.018750
0 0.162500 0.373437 0.021875 0.018750
0 0.110937 0.373437 0.021875 0.018750
