15 0.959375 0.364063 0.018750 0.025000
15 0.840625 0.357812 0.018750 0.025000
15 0.703125 0.356250 0.018750 0.025000
15 0.010937 0.364063 0.018750 0.025000
10 0.959375 0.356250 0.078125 0.025000
10 0.839844 0.395313 0.067187 0.037500
10 0.703906 0.407813 0.067187 0.037500
10 0.028906 0.373437 0.057813 0.025000
15 0.959375 0.585938 0.018750 0.025000
15 0.554688 0.601562 0.018750 0.025000
15 0.456250 0.585938 0.018750 0.025000
15 0.256250 0.585938 0.018750 0.025000
15 0.156250 0.585938 0.018750 0.025000
10 0.959375 0.578125 0.078125 0.025000
10 0.553906 0.537500 0.067187 0.040625
10 0.455469 0.536719 0.067187 0.020313
10 0.246094 0.644531 0.067187 0.020313
10 0.157031 0.536719 0.067187 0.020313
10 0.019531 0.623437 0.039062 0.025000
9 0.617188 0.475781 0.034375 0.289062
9 0.770312 0.475781 0.003125 0.289062
9 0.362500 0.475781 0.034375 0.289062
9 0.078125 0.475781 0.003125 0.289062
9 0.997656 0.550000 0.001563 0.065625
9 0.960156 0.558594 0.001563 0.051562
9 0.921094 0.563281 0.001563 0.045312
2 0.907813 0.538281 0.015625 0.045312
15 0.835156 0.531250 0.017188 0.053125
9 0.827344 0.560937 0.001563 0.109375
15 0.697656 0.587500 0.017188 0.053125
9 0.689844 0.617188 0.001563 0.109375
9 0.586719 0.569531 0.001563 0.057813
9 0.553906 0.557813 0.001563 0.053125
9 0.521094 0.543750 0.001563 0.046875
9 0.488281 0.567187 0.001563 0.081250
9 0.455469 0.551562 0.001563 0.050000
9 0.422656 0.571094 0.001563 0.089063
9 0.278906 0.610938 0.001563 0.090625
9 0.246094 0.629687 0.001563 0.050000
9 0.213281 0.614062 0.001563 0.081250
4 0.202344 0.570312 0.010937 0.043750
9 0.189844 0.567187 0.001563 0.081250
9 0.157031 0.551562 0.001563 0.050000
9 0.124219 0.571094 0.001563 0.089063
9 0.036719 0.600000 0.001563 0.053125
2 0.023438 0.569531 0.015625 0.045312
9 0.997656 0.328125 0.001563 0.065625
9 0.960156 0.336719 0.001563 0.051562
9 0.921094 0.341406 0.001563 0.045312
2 0.907813 0.316406 0.015625 0.045312
9 0.872656 0.363281 0.001563 0.057813
9 0.839844 0.376563 0.001563 0.050000
9 0.807031 0.384375 0.001563 0.050000
2 0.795312 0.355469 0.015625 0.045312
9 0.736719 0.378906 0.001563 0.054688
9 0.703906 0.389844 0.001563 0.045312
9 0.671094 0.397656 0.001563 0.045312
2 0.657813 0.372656 0.015625 0.045312
12 0.509375 0.367188 0.015625 0.028125
15 0.430469 0.390625 0.017188 0.053125
9 0.422656 0.400000 0.001563 0.068750
12 0.220312 0.367188 0.015625 0.028125
15 0.132031 0.390625 0.017188 0.053125
9 0.124219 0.400000 0.001563 0.068750
9 0.057031 0.397656 0.001563 0.057813
9 0.008594 0.391406 0.001563 0.051562
15 0.930469 0.485156 0.029687 0.026562
15 0.680469 0.480469 0.032813 0.039062
15 0.413281 0.485156 0.029687 0.026562
15 0.113281 0.485156 0.029687 0.026562
0 0.970313 0.529687 0.021875 0.018750
0 0.931250 0.537500 0.021875 0.018750
0 0.817187 0.562500 0.021875 0.018750
0 0.817187 0.618750 0.021875 0.018750
0 0.681250 0.618750 0.021875 0.018750
0 0.681250 0.675000 0.021875 0.018750
0 0.578125 0.603125 0.021875 0.018750
0 0.545312 0.585938 0.021875 0.018750
0 0.512500 0.570312 0.021875 0.018750
0 0.479687 0.610938 0.021875 0.018750
0 0.446875 0.578125 0.021875 0.018750
0 0.414062 0.618750 0.021875 0.018750
0 0.289062 0.562500 0.021875 0.018750
0 0.256250 0.603125 0.021875 0.018750
0 0.223438 0.570312 0.021875 0.018750
0 0.181250 0.610938 0.021875 0.018750
0 0.148438 0.578125 0.021875 0.018750
0 0.115625 0.618750 0.021875 0.018750
0 0.046875 0.570312 0.021875 0.018750
0 0.005469 0.570312 0.010937 0.018750
0 0.970313 0.307812 0.021875 0.018750
0 0.931250 0.315625 0.021875 0.018750
0 0.882812 0.332813 0.021875 0.018750
0 0.850000 0.348438 0.021875 0.018750
0 0.817187 0.356250 0.021875 0.018750
0 0.746875 0.348438 0.021875 0.018750
0 0.714063 0.364063 0.021875 0.018750
0 0.681250 0.373437 0.021875 0.018750
0 0.414062 0.437500 0.021875 0.018750
0 0.115625 0.437500 0.021875 0.018750
0 0.046875 0.429688 0.021875 0.018750
0 0.005469 0.421875 0.010937 0.018750
