10 0.741406 0.596094 0.145313 0.020313
10 0.549219 0.578906 0.145313 0.020313
10 0.358594 0.578125 0.145313 0.025000
10 0.166406 0.601562 0.145313 0.025000
10 0.741406 0.706250 0.145313 0.025000
10 0.549219 0.723437 0.145313 0.025000
10 0.358594 0.721094 0.145313 0.020313
10 0.166406 0.703906 0.145313 0.020313
9 0.860938 0.634375 0.003125 0.228125
9 0.068750 0.634375 0.003125 0.228125
9 0.813281 0.682031 0.001563 0.057813
9 0.764844 0.678906 0.001563 0.067187
9 0.717969 0.683594 0.001563 0.060937
9 0.669531 0.687500 0.001563 0.053125
9 0.621094 0.697656 0.001563 0.057813
9 0.574219 0.694531 0.001563 0.067187
9 0.525781 0.699219 0.001563 0.060937
9 0.477344 0.703125 0.001563 0.053125
9 0.430469 0.699219 0.001563 0.060937
9 0.382031 0.703125 0.001563 0.053125
9 0.333594 0.699219 0.001563 0.060937
9 0.286719 0.696094 0.001563 0.070312
9 0.238281 0.683594 0.001563 0.060937
9 0.191406 0.687500 0.001563 0.053125
9 0.142969 0.683594 0.001563 0.060937
9 0.094531 0.680469 0.001563 0.070312
9 0.019531 0.682031 0.001563 0.057813
9 0.813281 0.577344 0.001563 0.057813
9 0.764844 0.581250 0.001563 0.050000
9 0.717969 0.577344 0.001563 0.057813
9 0.669531 0.573438 0.001563 0.065625
9 0.621094 0.560156 0.001563 0.057813
9 0.574219 0.565625 0.001563 0.050000
9 0.525781 0.560156 0.001563 0.057813
9 0.477344 0.556250 0.001563 0.065625
9 0.430469 0.556250 0.001563 0.050000
9 0.382031 0.553125 0.001563 0.059375
9 0.333594 0.557031 0.001563 0.051562
9 0.286719 0.563281 0.001563 0.045312
9 0.238281 0.577344 0.001563 0.057813
9 0.191406 0.574219 0.001563 0.067187
9 0.142969 0.578906 0.001563 0.060937
9 0.094531 0.582812 0.001563 0.053125
9 0.019531 0.577344 0.001563 0.057813
0 0.823438 0.650000 0.021875 0.018750
0 0.775000 0.642188 0.021875 0.018750
0 0.728125 0.650000 0.021875 0.018750
0 0.679688 0.657813 0.021875 0.018750
0 0.631250 0.667188 0.021875 0.018750
0 0.584375 0.657813 0.021875 0.018750
0 0.535937 0.667188 0.021875 0.018750
0 0.487500 0.675000 0.021875 0.018750
0 0.440625 0.667188 0.021875 0.018750
0 0.392188 0.675000 0.021875 0.018750
0 0.343750 0.667188 0.021875 0.018750
0 0.296875 0.657813 0.021875 0.018750
0 0.248438 0.650000 0.021875 0.018750
0 0.201563 0.657813 0.021875 0.018750
0 0.153125 0.650000 0.021875 0.018750
0 0.104688 0.642188 0.021875 0.018750
0 0.029687 0.650000 0.021875 0.018750
0 0.823438 0.545312 0.021875 0.018750
0 0.775000 0.553125 0.021875 0.018750
0 0.728125 0.545312 0.021875 0.018750
0 0.679688 0.537500 0.021875 0.018750
0 0.631250 0.529687 0.021875 0.018750
0 0.584375 0.537500 0.021875 0.018750
0 0.535937 0.529687 0.021875 0.018750
0 0.487500 0.521875 0.021875 0.018750
0 0.440625 0.529687 0.021875 0.018750
0 0.392188 0.521875 0.021875 0.018750
0 0.343750 0.529687 0.021875 0.018750
0 0.296875 0.537500 0.021875 0.018750
0 0.248438 0.545312 0.021875 0.018750
0 0.201563 0.537500 0.021875 0.018750
0 0.153125 0.545312 0.021875 0.018750
0 0.104688 0.553125 0.021875 0.018750
0 0.029687 0.545312 0.021875 0.018750
