10 0.678125 0.316406 0.103125 0.032813
10 0.248438 0.413281 0.103125 0.032813
10 0.033594 0.268750 0.067187 0.043750
10 0.886719 0.531250 0.145313 0.043750
10 0.511719 0.543750 0.145313 0.043750
10 0.288281 0.592187 0.145313 0.043750
10 0.678906 0.689063 0.145313 0.043750
9 0.385937 0.483594 0.003125 0.304688
9 0.982031 0.629687 0.001563 0.065625
9 0.958594 0.550000 0.001563 0.081250
9 0.914844 0.546094 0.001563 0.073438
9 0.794531 0.636719 0.001563 0.045312
9 0.814844 0.550000 0.001563 0.081250
9 0.750781 0.674219 0.001563 0.073438
9 0.708594 0.670312 0.001563 0.081250
9 0.607031 0.674219 0.001563 0.073438
9 0.627344 0.567969 0.001563 0.045312
9 0.583594 0.564844 0.001563 0.085938
9 0.541406 0.560937 0.001563 0.078125
9 0.421094 0.674219 0.001563 0.042188
9 0.439844 0.564844 0.001563 0.085938
9 0.360156 0.617188 0.001563 0.093750
9 0.317969 0.613281 0.001563 0.085938
9 0.216406 0.617188 0.001563 0.093750
9 0.108594 0.586719 0.001563 0.092188
9 0.022656 0.576562 0.001563 0.109375
9 0.982031 0.446094 0.001563 0.060937
9 0.814844 0.353906 0.001563 0.079687
9 0.727344 0.346875 0.001563 0.093750
9 0.627344 0.346875 0.001563 0.093750
9 0.421094 0.376563 0.001563 0.100000
3 0.408594 0.356250 0.014063 0.040625
9 0.297656 0.377344 0.001563 0.101562
9 0.197656 0.377344 0.001563 0.101562
3 0.185156 0.356250 0.014063 0.040625
9 0.089844 0.374219 0.001563 0.079687
9 0.066406 0.287500 0.001563 0.081250
9 0.003906 0.390625 0.001563 0.078125
9 0.022656 0.283594 0.001563 0.073438
0 0.990625 0.595313 0.018750 0.018750
0 0.990625 0.578125 0.018750 0.018750
0 0.948438 0.595313 0.021875 0.018750
0 0.906250 0.585938 0.021875 0.018750
0 0.804688 0.610938 0.021875 0.018750
0 0.804688 0.595313 0.021875 0.018750
0 0.760938 0.634375 0.021875 0.018750
0 0.718750 0.626563 0.021875 0.018750
0 0.617188 0.634375 0.021875 0.018750
0 0.617188 0.595313 0.021875 0.018750
0 0.575000 0.610938 0.021875 0.018750
0 0.531250 0.603125 0.021875 0.018750
0 0.431250 0.651563 0.021875 0.018750
0 0.431250 0.610938 0.021875 0.018750
0 0.351562 0.667188 0.021875 0.018750
0 0.307812 0.659375 0.021875 0.018750
0 0.207813 0.667188 0.021875 0.018750
0 0.100000 0.618750 0.021875 0.018750
0 0.100000 0.603125 0.021875 0.018750
0 0.100000 0.585938 0.021875 0.018750
0 0.100000 0.634375 0.021875 0.018750
0 0.014063 0.634375 0.021875 0.018750
0 0.014063 0.618750 0.021875 0.018750
0 0.014063 0.585938 0.021875 0.018750
0 0.014063 0.603125 0.021875 0.018750
0 0.990625 0.412500 0.018750 0.018750
0 0.990625 0.364063 0.018750 0.018750
0 0.804688 0.364063 0.021875 0.018750
0 0.804688 0.396875 0.021875 0.018750
0 0.804688 0.381250 0.021875 0.018750
0 0.718750 0.364063 0.021875 0.018750
0 0.718750 0.396875 0.021875 0.018750
0 0.718750 0.381250 0.021875 0.018750
0 0.617188 0.396875 0.021875 0.018750
0 0.617188 0.381250 0.021875 0.018750
0 0.617188 0.364063 0.021875 0.018750
0 0.431250 0.381250 0.021875 0.018750
0 0.431250 0.325000 0.021875 0.018750
0 0.431250 0.364063 0.021875 0.018750
0 0.307812 0.325000 0.021875 0.018750
0 0.307812 0.340625 0.021875 0.018750
0 0.307812 0.364063 0.021875 0.018750
0 0.207813 0.340625 0.021875 0.018750
0 0.207813 0.325000 0.021875 0.018750
0 0.207813 0.364063 0.021875 0.018750
0 0.100000 0.332813 0.021875 0.018750
0 0.100000 0.364063 0.021875 0.018750
0 0.100000 0.348438 0.021875 0.018750
0 0.056250 0.332813 0.021875 0.018750
0 0.014063 0.364063 0.021875 0.018750
0 0.014063 0.348438 0.021875 0.018750
0 0.014063 0.325000 0.021875 0.018750
