10 0.861719 0.397656 0.120313 0.032813
10 0.660156 0.212500 0.198437 0.043750
10 0.382031 0.364844 0.120313 0.032813
10 0.208594 0.220312 0.170313 0.043750
10 0.027344 0.388281 0.054688 0.048438
10 0.581250 0.367969 0.081250 0.007812
10 0.880469 0.453906 0.120313 0.032813
10 0.402344 0.510156 0.120313 0.032813
10 0.036719 0.482031 0.073438 0.032813
9 0.492188 0.445312 0.003125 0.228125
9 0.989844 0.534375 0.001563 0.106250
4 0.960156 0.532813 0.010937 0.043750
4 0.960156 0.590625 0.010937 0.043750
9 0.939844 0.496875 0.001563 0.118750
9 0.821094 0.496875 0.001563 0.118750
9 0.538281 0.527344 0.001563 0.104688
9 0.461719 0.557031 0.001563 0.126562
9 0.342969 0.557031 0.001563 0.126562
9 0.124219 0.564063 0.001563 0.109375
9 0.072656 0.526563 0.001563 0.121875
9 0.971094 0.350000 0.001563 0.093750
4 0.960156 0.300000 0.010937 0.043750
9 0.919531 0.361719 0.001563 0.101562
9 0.802344 0.361719 0.001563 0.101562
4 0.774219 0.307812 0.010937 0.043750
9 0.758594 0.231250 0.001563 0.081250
9 0.707031 0.227344 0.001563 0.073438
9 0.621094 0.345313 0.001563 0.053125
3 0.608594 0.307812 0.014063 0.040625
9 0.541406 0.345313 0.001563 0.053125
9 0.561719 0.231250 0.001563 0.081250
9 0.538281 0.307812 0.001563 0.040625
9 0.441406 0.328906 0.001563 0.101562
9 0.322656 0.338281 0.001563 0.085938
9 0.292969 0.239063 0.001563 0.081250
9 0.241406 0.235156 0.001563 0.073438
9 0.136719 0.346094 0.001563 0.070312
9 0.124219 0.247656 0.001563 0.098437
2 0.090625 0.299219 0.015625 0.045312
9 0.052344 0.339062 0.001563 0.106250
3 0.022656 0.300000 0.014063 0.040625
15 0.528906 0.444531 0.032813 0.039062
0 0.981250 0.534375 0.021875 0.018750
0 0.981250 0.590625 0.021875 0.018750
0 0.929688 0.501563 0.021875 0.018750
0 0.929688 0.557813 0.021875 0.018750
0 0.812500 0.557813 0.021875 0.018750
0 0.812500 0.501563 0.021875 0.018750
0 0.529687 0.582812 0.021875 0.018750
0 0.529687 0.526563 0.021875 0.018750
0 0.451562 0.567187 0.021875 0.018750
0 0.451562 0.623437 0.021875 0.018750
0 0.332813 0.623437 0.021875 0.018750
0 0.332813 0.567187 0.021875 0.018750
0 0.114062 0.567187 0.021875 0.018750
0 0.114062 0.623437 0.021875 0.018750
0 0.062500 0.590625 0.021875 0.018750
0 0.062500 0.534375 0.021875 0.018750
0 0.981250 0.300000 0.021875 0.018750
0 0.981250 0.340625 0.021875 0.018750
0 0.981250 0.325000 0.021875 0.018750
0 0.929688 0.348438 0.021875 0.018750
0 0.929688 0.325000 0.021875 0.018750
0 0.929688 0.307812 0.021875 0.018750
0 0.910937 0.332813 0.021875 0.018750
0 0.812500 0.325000 0.021875 0.018750
0 0.812500 0.348438 0.021875 0.018750
0 0.812500 0.307812 0.021875 0.018750
0 0.792188 0.332813 0.021875 0.018750
0 0.748437 0.276562 0.021875 0.018750
0 0.698438 0.267188 0.021875 0.018750
0 0.631250 0.315625 0.021875 0.018750
0 0.551562 0.315625 0.021875 0.018750
0 0.551562 0.276562 0.021875 0.018750
0 0.529687 0.332813 0.021875 0.018750
0 0.451562 0.276562 0.021875 0.018750
0 0.451562 0.315625 0.021875 0.018750
0 0.332813 0.315625 0.021875 0.018750
0 0.332813 0.292187 0.021875 0.018750
0 0.282813 0.284375 0.021875 0.018750
0 0.232813 0.276562 0.021875 0.018750
0 0.146875 0.325000 0.021875 0.018750
0 0.146875 0.307812 0.021875 0.018750
0 0.114062 0.300000 0.021875 0.018750
0 0.114062 0.284375 0.021875 0.018750
0 0.062500 0.325000 0.021875 0.018750
0 0.062500 0.284375 0.021875 0.018750
0 0.062500 0.300000 0.021875 0.018750
0 0.043750 0.307812 0.021875 0.018750
