3 0.364844 0.554688 0.014063 0.040625
3 0.346094 0.521875 0.014063 0.040625
3 0.327344 0.546875 0.014063 0.040625
13 0.282031 0.533594 0.045312 0.057813
3 0.364844 0.364063 0.014063 0.040625
3 0.346094 0.331250 0.014063 0.040625
3 0.327344 0.356250 0.014063 0.040625
7 0.281250 0.366406 0.043750 0.114062
15 0.596094 0.364063 0.020313 0.025000
14 0.652344 0.357812 0.073438 0.012500
14 0.538281 0.357812 0.076563 0.012500
10 0.815625 0.373437 0.243750 0.043750
10 0.555469 0.380469 0.223438 0.032813
10 0.589063 0.446094 0.250000 0.007812
14 0.960156 0.274219 0.032813 0.010937
14 0.432031 0.310937 0.035937 0.065625
14 0.566406 0.296875 0.220312 0.037500
14 0.485938 0.299219 0.062500 0.010937
9 0.248438 0.451562 0.003125 0.240625
9 0.966406 0.579688 0.001563 0.043750
9 0.986719 0.508594 0.001563 0.085938
3 0.953906 0.546875 0.014063 0.040625
15 0.725781 0.576562 0.020313 0.053125
9 0.716406 0.575781 0.001563 0.051562
9 0.713281 0.489063 0.001563 0.093750
9 0.525781 0.481250 0.001563 0.078125
2 0.479687 0.522656 0.015625 0.045312
4 0.496094 0.506250 0.010937 0.043750
9 0.444531 0.565625 0.001563 0.046875
9 0.464844 0.489063 0.001563 0.093750
9 0.999219 0.343750 0.001563 0.081250
9 0.966406 0.336719 0.001563 0.082812
9 0.935156 0.346094 0.001563 0.101562
9 0.902344 0.357812 0.001563 0.078125
9 0.871094 0.353906 0.001563 0.085938
9 0.839844 0.350000 0.001563 0.093750
9 0.807031 0.357812 0.001563 0.078125
9 0.775781 0.353906 0.001563 0.085938
3 0.763281 0.300000 0.014063 0.040625
9 0.725781 0.350000 0.001563 0.093750
9 0.694531 0.357812 0.001563 0.078125
9 0.666406 0.364844 0.001563 0.060937
9 0.638281 0.361719 0.001563 0.070312
9 0.610156 0.357812 0.001563 0.078125
9 0.582031 0.364844 0.001563 0.060937
2 0.570312 0.332031 0.015625 0.045312
9 0.535156 0.361719 0.001563 0.070312
9 0.507031 0.357812 0.001563 0.078125
15 0.413281 0.338281 0.010937 0.032813
9 0.411719 0.338281 0.014063 0.032813
9 0.444531 0.357812 0.001563 0.078125
4 0.435156 0.315625 0.010937 0.043750
0 0.976562 0.554688 0.021875 0.018750
0 0.976562 0.554688 0.021875 0.018750
0 0.726562 0.546875 0.021875 0.018750
0 0.704688 0.523438 0.021875 0.018750
0 0.704688 0.539062 0.021875 0.018750
0 0.704688 0.506250 0.021875 0.018750
0 0.517188 0.490625 0.021875 0.018750
0 0.517188 0.506250 0.021875 0.018750
0 0.517188 0.523438 0.021875 0.018750
0 0.454688 0.539062 0.021875 0.018750
0 0.454688 0.539062 0.021875 0.018750
0 0.976562 0.292187 0.021875 0.018750
0 0.945312 0.292187 0.021875 0.018750
0 0.912500 0.315625 0.021875 0.018750
0 0.881250 0.307812 0.021875 0.018750
0 0.850000 0.300000 0.021875 0.018750
0 0.817187 0.315625 0.021875 0.018750
0 0.785937 0.307812 0.021875 0.018750
0 0.735938 0.300000 0.021875 0.018750
0 0.704688 0.315625 0.021875 0.018750
0 0.676562 0.332813 0.021875 0.018750
0 0.648438 0.325000 0.021875 0.018750
0 0.620313 0.315625 0.021875 0.018750
0 0.592187 0.332813 0.021875 0.018750
0 0.545312 0.325000 0.021875 0.018750
0 0.517188 0.315625 0.021875 0.018750
0 0.403125 0.357031 0.012500 0.010937
0 0.454688 0.315625 0.021875 0.018750
