10 0.714844 0.402344 0.148438 0.020313
10 0.519531 0.386719 0.148438 0.020313
10 0.324219 0.389062 0.148438 0.025000
10 0.127344 0.401562 0.148438 0.025000
10 0.735156 0.513281 0.148438 0.020313
10 0.538281 0.528906 0.148438 0.020313
10 0.342969 0.531250 0.148438 0.025000
10 0.147656 0.515625 0.148438 0.025000
9 0.860938 0.452344 0.003125 0.242188
9 0.017188 0.452344 0.003125 0.242188
9 0.808594 0.532031 0.001563 0.057813
9 0.758594 0.528125 0.001563 0.050000
9 0.710156 0.532031 0.001563 0.057813
9 0.661719 0.535937 0.001563 0.065625
9 0.611719 0.547656 0.001563 0.057813
9 0.563281 0.543750 0.001563 0.050000
9 0.514844 0.547656 0.001563 0.057813
9 0.464844 0.551562 0.001563 0.065625
9 0.416406 0.553125 0.001563 0.050000
9 0.367969 0.556250 0.001563 0.059375
2 0.334375 0.588281 0.015625 0.045312
9 0.319531 0.550781 0.001563 0.051562
9 0.269531 0.546094 0.001563 0.045312
9 0.221094 0.535937 0.001563 0.050000
9 0.172656 0.539062 0.001563 0.059375
9 0.122656 0.535156 0.001563 0.051562
9 0.074219 0.530469 0.001563 0.045312
13 0.837500 0.531250 0.031250 0.037500
9 0.788281 0.382031 0.001563 0.060937
9 0.739844 0.385937 0.001563 0.053125
9 0.691406 0.382031 0.001563 0.060937
9 0.641406 0.378906 0.001563 0.070312
9 0.592969 0.364844 0.001563 0.060937
9 0.544531 0.370312 0.001563 0.053125
9 0.494531 0.364844 0.001563 0.060937
9 0.446094 0.361719 0.001563 0.070312
9 0.397656 0.363281 0.001563 0.057813
9 0.347656 0.360156 0.001563 0.067187
9 0.299219 0.364844 0.001563 0.060937
9 0.250781 0.370312 0.001563 0.053125
9 0.200781 0.378125 0.001563 0.053125
9 0.152344 0.375000 0.001563 0.062500
9 0.103906 0.379688 0.001563 0.056250
9 0.053906 0.384375 0.001563 0.050000
2 0.042188 0.355469 0.015625 0.045312
0 0.798438 0.564063 0.021875 0.018750
0 0.750000 0.556250 0.021875 0.018750
0 0.701562 0.564063 0.021875 0.018750
0 0.651563 0.571875 0.021875 0.018750
0 0.603125 0.579688 0.021875 0.018750
0 0.554688 0.571875 0.021875 0.018750
0 0.504687 0.579688 0.021875 0.018750
0 0.456250 0.589063 0.021875 0.018750
0 0.407813 0.579688 0.021875 0.018750
0 0.357812 0.589063 0.021875 0.018750
0 0.309375 0.579688 0.021875 0.018750
0 0.260937 0.571875 0.021875 0.018750
0 0.210938 0.564063 0.021875 0.018750
0 0.162500 0.571875 0.021875 0.018750
0 0.114062 0.564063 0.021875 0.018750
0 0.064062 0.556250 0.021875 0.018750
0 0.798438 0.348438 0.021875 0.018750
0 0.750000 0.356250 0.021875 0.018750
0 0.701562 0.348438 0.021875 0.018750
0 0.651563 0.340625 0.021875 0.018750
0 0.603125 0.332813 0.021875 0.018750
0 0.554688 0.340625 0.021875 0.018750
0 0.504687 0.332813 0.021875 0.018750
0 0.456250 0.325000 0.021875 0.018750
0 0.407813 0.332813 0.021875 0.018750
0 0.357812 0.325000 0.021875 0.018750
0 0.309375 0.332813 0.021875 0.018750
0 0.260937 0.340625 0.021875 0.018750
0 0.210938 0.348438 0.021875 0.018750
0 0.162500 0.340625 0.021875 0.018750
0 0.114062 0.348438 0.021875 0.018750
0 0.064062 0.356250 0.021875 0.018750
