10 0.972656 0.389062 0.054688 0.025000
10 0.711719 0.373437 0.282813 0.025000
10 0.277344 0.399219 0.282813 0.035937
10 0.946094 0.638281 0.095312 0.035937
10 0.664844 0.634375 0.282813 0.043750
10 0.250781 0.492188 0.282813 0.043750
14 0.037500 0.435937 0.075000 0.021875
9 0.482812 0.467969 0.034375 0.273438
9 0.992969 0.600781 0.001563 0.101562
9 0.899219 0.582031 0.001563 0.110937
9 0.805469 0.600781 0.001563 0.101562
9 0.711719 0.568750 0.001563 0.150000
9 0.617969 0.568750 0.001563 0.134375
9 0.524219 0.557031 0.001563 0.142187
9 0.389844 0.561719 0.001563 0.126562
9 0.297656 0.553906 0.001563 0.126562
9 0.203906 0.542188 0.001563 0.118750
9 0.110156 0.525781 0.001563 0.101562
9 0.946094 0.350000 0.001563 0.093750
9 0.852344 0.338281 0.001563 0.085938
4 0.841406 0.307812 0.010937 0.043750
9 0.758594 0.332031 0.001563 0.092188
9 0.664844 0.328125 0.001563 0.100000
9 0.571094 0.331250 0.001563 0.090625
9 0.417969 0.369531 0.001563 0.085938
3 0.405469 0.356250 0.014063 0.040625
9 0.324219 0.367188 0.001563 0.081250
9 0.230469 0.373437 0.001563 0.059375
9 0.136719 0.350000 0.001563 0.093750
9 0.042969 0.338281 0.001563 0.085938
4 0.033594 0.331250 0.010937 0.043750
15 0.533594 0.439844 0.032813 0.039062
15 0.099219 0.444531 0.029687 0.026562
0 0.996094 0.546875 0.007812 0.018750
0 0.996094 0.604688 0.007812 0.018750
0 0.909375 0.523438 0.021875 0.018750
0 0.909375 0.579688 0.021875 0.018750
0 0.815625 0.546875 0.021875 0.018750
0 0.815625 0.604688 0.021875 0.018750
0 0.721875 0.490625 0.021875 0.018750
0 0.721875 0.546875 0.021875 0.018750
0 0.628125 0.498437 0.021875 0.018750
0 0.628125 0.556250 0.021875 0.018750
0 0.534375 0.482812 0.021875 0.018750
0 0.534375 0.539062 0.021875 0.018750
0 0.381250 0.571875 0.021875 0.018750
0 0.381250 0.628125 0.021875 0.018750
0 0.287500 0.564063 0.021875 0.018750
0 0.287500 0.620313 0.021875 0.018750
0 0.193750 0.546875 0.021875 0.018750
0 0.193750 0.604688 0.021875 0.018750
0 0.100000 0.523438 0.021875 0.018750
0 0.100000 0.579688 0.021875 0.018750
0 0.008594 0.546875 0.017188 0.018750
0 0.008594 0.604688 0.017188 0.018750
0 0.956250 0.340625 0.021875 0.018750
0 0.956250 0.300000 0.021875 0.018750
0 0.862500 0.292187 0.021875 0.018750
0 0.862500 0.307812 0.021875 0.018750
0 0.862500 0.332813 0.021875 0.018750
0 0.768750 0.284375 0.021875 0.018750
0 0.768750 0.300000 0.021875 0.018750
0 0.768750 0.325000 0.021875 0.018750
0 0.675000 0.276562 0.021875 0.018750
0 0.675000 0.300000 0.021875 0.018750
0 0.675000 0.315625 0.021875 0.018750
0 0.581250 0.284375 0.021875 0.018750
0 0.581250 0.300000 0.021875 0.018750
0 0.581250 0.315625 0.021875 0.018750
0 0.428125 0.325000 0.021875 0.018750
0 0.428125 0.340625 0.021875 0.018750
0 0.428125 0.364063 0.021875 0.018750
0 0.334375 0.325000 0.021875 0.018750
0 0.334375 0.340625 0.021875 0.018750
0 0.240625 0.340625 0.021875 0.018750
0 0.146875 0.300000 0.021875 0.018750
0 0.146875 0.340625 0.021875 0.018750
0 0.053125 0.292187 0.021875 0.018750
0 0.053125 0.307812 0.021875 0.018750
0 0.053125 0.332813 0.021875 0.018750
