10 0.684375 0.386719 0.268750 0.020313
10 0.332031 0.399219 0.264062 0.035937
10 0.040625 0.371094 0.081250 0.020313
10 0.640625 0.592969 0.268750 0.020313
10 0.288281 0.600781 0.264062 0.020313
14 0.860938 0.445312 0.003125 0.228125
14 0.125000 0.445312 0.003125 0.228125
9 0.772656 0.540625 0.001563 0.121875
2 0.759375 0.477344 0.015625 0.045312
2 0.759375 0.533594 0.015625 0.045312
9 0.682031 0.550000 0.001563 0.106250
9 0.594531 0.546094 0.001563 0.114062
9 0.507031 0.540625 0.001563 0.121875
9 0.419531 0.550000 0.001563 0.121875
9 0.332031 0.557813 0.001563 0.106250
9 0.244531 0.553906 0.001563 0.114062
9 0.157031 0.550000 0.001563 0.121875
4 0.146094 0.484375 0.010937 0.043750
4 0.146094 0.542188 0.010937 0.043750
14 0.046094 0.564063 0.020313 0.053125
9 0.036719 0.533594 0.001563 0.107813
12 0.010937 0.517188 0.021875 0.037500
9 0.816406 0.340625 0.001563 0.109375
9 0.725781 0.340625 0.001563 0.109375
9 0.638281 0.340625 0.001563 0.109375
9 0.550781 0.340625 0.001563 0.109375
9 0.463281 0.340625 0.001563 0.109375
9 0.375781 0.343750 0.001563 0.115625
9 0.288281 0.346094 0.001563 0.120313
9 0.200781 0.361719 0.001563 0.101562
4 0.189844 0.364063 0.010937 0.043750
4 0.189844 0.307812 0.010937 0.043750
9 0.080469 0.346094 0.001563 0.070312
9 0.036719 0.349219 0.001563 0.060937
0 0.782813 0.478125 0.021875 0.018750
0 0.782813 0.534375 0.021875 0.018750
0 0.692187 0.550000 0.021875 0.018750
0 0.692187 0.493750 0.021875 0.018750
0 0.604688 0.542188 0.021875 0.018750
0 0.604688 0.485938 0.021875 0.018750
0 0.517188 0.534375 0.021875 0.018750
0 0.517188 0.478125 0.021875 0.018750
0 0.429688 0.485938 0.021875 0.018750
0 0.429688 0.542188 0.021875 0.018750
0 0.342187 0.557813 0.021875 0.018750
0 0.342187 0.501563 0.021875 0.018750
0 0.254688 0.550000 0.021875 0.018750
0 0.254688 0.493750 0.021875 0.018750
0 0.167187 0.485938 0.021875 0.018750
0 0.167187 0.518750 0.021875 0.018750
0 0.167187 0.501563 0.021875 0.018750
0 0.167187 0.542188 0.021875 0.018750
0 0.046875 0.478125 0.021875 0.018750
0 0.046875 0.501563 0.021875 0.018750
0 0.046875 0.518750 0.021875 0.018750
0 0.046875 0.534375 0.021875 0.018750
0 0.826562 0.325000 0.021875 0.018750
0 0.826562 0.340625 0.021875 0.018750
0 0.826562 0.284375 0.021875 0.018750
0 0.735938 0.325000 0.021875 0.018750
0 0.735938 0.284375 0.021875 0.018750
0 0.735938 0.340625 0.021875 0.018750
0 0.648438 0.325000 0.021875 0.018750
0 0.648438 0.284375 0.021875 0.018750
0 0.648438 0.340625 0.021875 0.018750
0 0.560937 0.325000 0.021875 0.018750
0 0.560937 0.340625 0.021875 0.018750
0 0.560937 0.284375 0.021875 0.018750
0 0.473438 0.340625 0.021875 0.018750
0 0.473438 0.325000 0.021875 0.018750
0 0.473438 0.284375 0.021875 0.018750
0 0.385937 0.284375 0.021875 0.018750
0 0.385937 0.340625 0.021875 0.018750
0 0.385937 0.325000 0.021875 0.018750
0 0.298438 0.325000 0.021875 0.018750
0 0.298438 0.284375 0.021875 0.018750
0 0.298438 0.340625 0.021875 0.018750
0 0.210938 0.325000 0.021875 0.018750
0 0.210938 0.364063 0.021875 0.018750
0 0.210938 0.340625 0.021875 0.018750
0 0.210938 0.307812 0.021875 0.018750
0 0.090625 0.307812 0.021875 0.018750
0 0.046875 0.315625 0.021875 0.018750
0 0.005469 0.325000 0.010937 0.018750
