3 0.364844 0.606250 0.014063 0.040625
3 0.346094 0.573438 0.014063 0.040625
3 0.327344 0.598437 0.014063 0.040625
13 0.282031 0.586719 0.045312 0.057813
3 0.364844 0.364063 0.014063 0.040625
3 0.346094 0.331250 0.014063 0.040625
3 0.327344 0.356250 0.014063 0.040625
7 0.281250 0.366406 0.043750 0.114062
10 0.821875 0.414062 0.356250 0.043750
10 0.485938 0.475000 0.203125 0.043750
10 0.762500 0.622656 0.237500 0.032813
10 0.407031 0.526563 0.045312 0.025000
9 0.248438 0.477344 0.003125 0.292187
9 0.878906 0.595313 0.001563 0.053125
9 0.644531 0.610938 0.001563 0.050000
9 0.428906 0.542969 0.001563 0.042188
9 0.997656 0.394531 0.001563 0.085938
9 0.938281 0.390625 0.001563 0.093750
9 0.878906 0.398438 0.001563 0.078125
9 0.821094 0.394531 0.001563 0.085938
9 0.761719 0.390625 0.001563 0.093750
9 0.702344 0.385156 0.001563 0.101562
4 0.692969 0.331250 0.010937 0.043750
9 0.644531 0.381250 0.001563 0.109375
9 0.585156 0.460156 0.001563 0.073438
9 0.527344 0.456250 0.001563 0.081250
9 0.467969 0.453125 0.001563 0.090625
9 0.408594 0.460156 0.001563 0.073438
4 0.399219 0.420312 0.010937 0.043750
0 0.889062 0.567187 0.021875 0.018750
0 0.654687 0.582812 0.021875 0.018750
0 0.418750 0.567187 0.021875 0.018750
0 0.948438 0.340625 0.021875 0.018750
0 0.889062 0.356250 0.021875 0.018750
0 0.831250 0.348438 0.021875 0.018750
0 0.771875 0.340625 0.021875 0.018750
0 0.712500 0.332813 0.021875 0.018750
0 0.654687 0.325000 0.021875 0.018750
0 0.595313 0.421875 0.021875 0.018750
0 0.537500 0.412500 0.021875 0.018750
0 0.478125 0.404687 0.021875 0.018750
0 0.418750 0.421875 0.021875 0.018750
