3 0.363281 0.525000 0.014063 0.040625
3 0.344531 0.493750 0.014063 0.040625
3 0.325781 0.517188 0.014063 0.040625
7 0.281250 0.527344 0.043750 0.114062
3 0.363281 0.364063 0.014063 0.040625
3 0.344531 0.331250 0.014063 0.040625
3 0.325781 0.356250 0.014063 0.040625
7 0.281250 0.366406 0.043750 0.114062
10 0.717969 0.238281 0.026562 0.023438
10 0.617188 0.356250 0.043750 0.025000
10 0.535156 0.356250 0.048438 0.025000
10 0.443750 0.356250 0.062500 0.025000
10 0.870313 0.475000 0.231250 0.068750
3 0.654687 0.322656 0.009375 0.026562
14 0.654687 0.352344 0.034375 0.026562
14 0.612500 0.352344 0.034375 0.026562
4 0.574219 0.320312 0.007812 0.028125
14 0.575000 0.352344 0.034375 0.026562
14 0.528125 0.352344 0.034375 0.026562
14 0.490625 0.352344 0.034375 0.026562
14 0.429688 0.352344 0.034375 0.026562
9 0.248438 0.445312 0.003125 0.228125
14 0.995313 0.571875 0.009375 0.053125
9 0.991406 0.571094 0.001563 0.051562
9 0.983594 0.507812 0.001563 0.078125
9 0.957031 0.502344 0.001563 0.073438
9 0.928906 0.496094 0.001563 0.067187
9 0.902344 0.503906 0.001563 0.085938
9 0.874219 0.498437 0.001563 0.081250
9 0.847656 0.492969 0.001563 0.076563
3 0.814844 0.525000 0.014063 0.040625
9 0.800781 0.486719 0.001563 0.073438
3 0.769531 0.517188 0.014063 0.040625
9 0.755469 0.480469 0.001563 0.070312
9 0.658594 0.496875 0.001563 0.084375
4 0.628906 0.525000 0.010937 0.043750
9 0.558594 0.550781 0.001563 0.092188
9 0.492969 0.496875 0.001563 0.100000
4 0.444531 0.532813 0.010937 0.043750
3 0.461719 0.493750 0.014063 0.040625
2 0.460938 0.549219 0.015625 0.045312
9 0.730469 0.246875 0.001563 0.037500
9 0.705469 0.253125 0.001563 0.040625
2 0.684375 0.275781 0.009375 0.026562
11 0.742188 0.367188 0.015625 0.028125
9 0.638281 0.315625 0.001563 0.090625
9 0.596094 0.325000 0.001563 0.078125
9 0.558594 0.322656 0.001563 0.073438
3 0.546094 0.275000 0.014063 0.040625
9 0.511719 0.333594 0.001563 0.060937
9 0.474219 0.332031 0.001563 0.057813
9 0.413281 0.337500 0.001563 0.053125
4 0.402344 0.307812 0.010937 0.043750
0 0.995313 0.542188 0.009375 0.018750
0 0.995313 0.542188 0.009375 0.018750
0 0.975000 0.550000 0.021875 0.018750
0 0.946875 0.542188 0.021875 0.018750
0 0.920312 0.534375 0.021875 0.018750
0 0.892188 0.550000 0.021875 0.018750
0 0.865625 0.542188 0.021875 0.018750
0 0.837500 0.534375 0.021875 0.018750
0 0.792188 0.526563 0.021875 0.018750
0 0.745313 0.518750 0.021875 0.018750
0 0.648438 0.542188 0.021875 0.018750
0 0.648438 0.526563 0.021875 0.018750
0 0.648438 0.509375 0.021875 0.018750
0 0.568750 0.501563 0.021875 0.018750
0 0.568750 0.542188 0.021875 0.018750
0 0.568750 0.518750 0.021875 0.018750
0 0.484375 0.501563 0.021875 0.018750
0 0.484375 0.534375 0.021875 0.018750
0 0.484375 0.550000 0.021875 0.018750
0 0.995313 0.267188 0.009375 0.018750
0 0.725000 0.267969 0.012500 0.010937
0 0.700000 0.275781 0.012500 0.010937
0 0.648438 0.267188 0.021875 0.018750
0 0.606250 0.284375 0.021875 0.018750
0 0.568750 0.284375 0.021875 0.018750
0 0.521875 0.300000 0.021875 0.018750
0 0.484375 0.300000 0.021875 0.018750
0 0.423438 0.307812 0.021875 0.018750
