10 0.678906 0.064062 0.145313 0.043750
9 0.982031 0.018750 0.001563 0.037500
9 0.794531 0.017188 0.001563 0.034375
9 0.750781 0.049219 0.001563 0.073438
9 0.708594 0.045312 0.001563 0.081250
9 0.607031 0.049219 0.001563 0.073438
9 0.421094 0.049219 0.001563 0.042188
9 0.360156 0.019531 0.001563 0.039062
9 0.317969 0.015625 0.001563 0.031250
9 0.216406 0.019531 0.001563 0.039062
0 0.760938 0.009375 0.021875 0.018750
0 0.718750 0.005469 0.021875 0.010937
0 0.617188 0.009375 0.021875 0.018750
0 0.431250 0.026562 0.021875 0.018750
0 0.351562 0.042188 0.021875 0.018750
0 0.307812 0.034375 0.021875 0.018750
0 0.207813 0.042188 0.021875 0.018750
0 0.100000 0.009375 0.021875 0.018750
0 0.014063 0.009375 0.021875 0.018750
