15 0.779687 0.362500 0.018750 0.025000
15 0.459375 0.364063 0.018750 0.025000
15 0.281250 0.364063 0.018750 0.025000
10 0.781250 0.346094 0.103125 0.035937
10 0.458594 0.356250 0.101562 0.025000
10 0.281250 0.356250 0.103125 0.025000
10 0.016406 0.356250 0.032813 0.025000
15 0.629687 0.579688 0.018750 0.025000
15 0.129688 0.581250 0.018750 0.025000
10 0.628906 0.557813 0.101562 0.025000
10 0.131250 0.573438 0.103125 0.025000
9 0.860938 0.473438 0.003125 0.284375
9 0.382812 0.473438 0.003125 0.284375
15 0.738281 0.559375 0.017188 0.053125
9 0.730469 0.589063 0.001563 0.109375
4 0.699219 0.589063 0.010937 0.043750
4 0.699219 0.645312 0.010937 0.043750
9 0.678906 0.572656 0.001563 0.045312
9 0.628906 0.577344 0.001563 0.051562
4 0.599219 0.606250 0.010937 0.043750
9 0.578906 0.582031 0.001563 0.057813
12 0.415625 0.584375 0.015625 0.028125
15 0.239844 0.556250 0.020313 0.053125
9 0.230469 0.553906 0.001563 0.051562
9 0.180469 0.535937 0.001563 0.081250
9 0.130469 0.546094 0.001563 0.067187
9 0.080469 0.550781 0.001563 0.060937
2 0.067187 0.516406 0.015625 0.045312
15 0.569531 0.660156 0.048438 0.039062
13 0.357812 0.573438 0.031250 0.037500
15 0.239844 0.660156 0.048438 0.039062
9 0.830469 0.353906 0.001563 0.045312
9 0.780469 0.367188 0.001563 0.053125
9 0.730469 0.375000 0.001563 0.053125
2 0.696875 0.403906 0.015625 0.045312
12 0.567187 0.367188 0.015625 0.028125
9 0.510156 0.311719 0.001563 0.098437
3 0.497656 0.251563 0.014063 0.040625
9 0.458594 0.320312 0.001563 0.084375
9 0.408594 0.325000 0.001563 0.078125
9 0.332031 0.318750 0.001563 0.081250
9 0.282031 0.328906 0.001563 0.067187
9 0.230469 0.333594 0.001563 0.060937
15 0.089844 0.337500 0.020313 0.053125
9 0.080469 0.336719 0.001563 0.051562
9 0.030469 0.318750 0.001563 0.081250
15 0.719531 0.463281 0.032813 0.039062
15 0.417969 0.463281 0.048438 0.039062
15 0.089844 0.463281 0.048438 0.039062
0 0.720313 0.590625 0.021875 0.018750
0 0.720313 0.646875 0.021875 0.018750
0 0.670312 0.598437 0.021875 0.018750
0 0.620313 0.606250 0.021875 0.018750
0 0.570312 0.614062 0.021875 0.018750
0 0.240625 0.525000 0.021875 0.018750
0 0.190625 0.493750 0.021875 0.018750
0 0.140625 0.509375 0.021875 0.018750
0 0.090625 0.517188 0.021875 0.018750
0 0.820312 0.381250 0.021875 0.018750
0 0.770312 0.396875 0.021875 0.018750
0 0.720313 0.404687 0.021875 0.018750
0 0.520312 0.259375 0.021875 0.018750
0 0.468750 0.276562 0.021875 0.018750
0 0.418750 0.284375 0.021875 0.018750
0 0.342187 0.276562 0.021875 0.018750
0 0.292187 0.292187 0.021875 0.018750
0 0.240625 0.300000 0.021875 0.018750
0 0.090625 0.307812 0.021875 0.018750
0 0.040625 0.276562 0.021875 0.018750
