13 0.282031 0.521094 0.045312 0.057813
7 0.281250 0.366406 0.043750 0.114062
15 0.992969 0.362500 0.014063 0.025000
15 0.859375 0.364063 0.018750 0.025000
15 0.689063 0.367188 0.018750 0.025000
15 0.553125 0.362500 0.018750 0.025000
15 0.414062 0.373437 0.018750 0.025000
10 0.975000 0.346094 0.050000 0.035937
10 0.859375 0.371094 0.093750 0.020313
10 0.690625 0.346094 0.093750 0.035937
10 0.553125 0.340625 0.093750 0.025000
10 0.415625 0.332031 0.093750 0.032813
15 0.992969 0.528125 0.014063 0.025000
15 0.839063 0.531250 0.018750 0.025000
15 0.670312 0.521875 0.018750 0.025000
15 0.543750 0.526563 0.018750 0.025000
15 0.414062 0.520312 0.018750 0.025000
10 0.975000 0.501563 0.050000 0.025000
10 0.840625 0.571094 0.093750 0.032813
10 0.671875 0.564063 0.093750 0.028125
10 0.534375 0.571094 0.093750 0.032813
10 0.415625 0.487500 0.093750 0.028125
14 0.657813 0.612500 0.684375 0.059375
14 0.657813 0.280469 0.684375 0.064062
9 0.248438 0.445312 0.003125 0.228125
9 0.762500 0.445312 0.003125 0.228125
9 0.996094 0.521094 0.001563 0.051562
4 0.966406 0.550000 0.010937 0.043750
9 0.950781 0.516406 0.001563 0.045312
9 0.885156 0.560156 0.001563 0.045312
4 0.875781 0.532813 0.010937 0.043750
9 0.839844 0.552344 0.001563 0.048438
9 0.794531 0.545312 0.001563 0.050000
9 0.716406 0.539062 0.001563 0.053125
9 0.671094 0.545312 0.001563 0.050000
9 0.625781 0.550781 0.001563 0.045312
9 0.578906 0.545312 0.001563 0.050000
9 0.533594 0.552344 0.001563 0.048438
9 0.488281 0.560156 0.001563 0.045312
2 0.475000 0.533594 0.015625 0.045312
9 0.460156 0.499219 0.001563 0.045312
9 0.414844 0.506250 0.001563 0.050000
9 0.369531 0.512500 0.001563 0.053125
9 0.996094 0.365625 0.001563 0.053125
9 0.950781 0.375000 0.001563 0.053125
9 0.905469 0.385937 0.001563 0.050000
9 0.860156 0.389844 0.001563 0.057813
9 0.813281 0.385937 0.001563 0.050000
4 0.783594 0.412500 0.010937 0.043750
9 0.735156 0.375000 0.001563 0.053125
9 0.689844 0.365625 0.001563 0.053125
9 0.644531 0.357812 0.001563 0.053125
9 0.599219 0.353906 0.001563 0.045312
9 0.553906 0.360156 0.001563 0.051562
9 0.507031 0.364844 0.001563 0.057813
9 0.460156 0.357812 0.001563 0.053125
9 0.414844 0.352344 0.001563 0.051562
9 0.369531 0.345313 0.001563 0.050000
3 0.336719 0.364063 0.014063 0.040625
0 0.987500 0.550000 0.021875 0.018750
0 0.940625 0.542188 0.021875 0.018750
0 0.895312 0.534375 0.021875 0.018750
0 0.850000 0.526563 0.021875 0.018750
0 0.804688 0.518750 0.021875 0.018750
0 0.726562 0.509375 0.021875 0.018750
0 0.681250 0.518750 0.021875 0.018750
0 0.635938 0.526563 0.021875 0.018750
0 0.589063 0.518750 0.021875 0.018750
0 0.543750 0.526563 0.021875 0.018750
0 0.498437 0.534375 0.021875 0.018750
0 0.450000 0.526563 0.021875 0.018750
0 0.404687 0.534375 0.021875 0.018750
0 0.359375 0.542188 0.021875 0.018750
0 0.987500 0.396875 0.021875 0.018750
0 0.940625 0.404687 0.021875 0.018750
0 0.895312 0.412500 0.021875 0.018750
0 0.850000 0.421875 0.021875 0.018750
0 0.804688 0.412500 0.021875 0.018750
0 0.726562 0.404687 0.021875 0.018750
0 0.681250 0.396875 0.021875 0.018750
0 0.635938 0.389062 0.021875 0.018750
0 0.589063 0.381250 0.021875 0.018750
0 0.543750 0.389062 0.021875 0.018750
0 0.498437 0.396875 0.021875 0.018750
0 0.450000 0.389062 0.021875 0.018750
0 0.404687 0.381250 0.021875 0.018750
0 0.359375 0.373437 0.021875 0.018750
