10 0.846875 0.406250 0.306250 0.084375
10 0.571875 0.424219 0.190625 0.048438
10 0.349219 0.314063 0.245312 0.068750
10 0.059375 0.310156 0.018750 0.023438
10 0.087500 0.435156 0.175000 0.020313
10 0.451562 0.584375 0.487500 0.028125
10 0.075781 0.584375 0.151562 0.028125
13 0.200000 0.371875 0.034375 0.009375
13 0.060156 0.347656 0.029687 0.023438
9 0.694531 0.532813 0.001563 0.081250
9 0.477344 0.537500 0.001563 0.090625
4 0.467969 0.489063 0.010937 0.043750
9 0.208594 0.572656 0.001563 0.045312
4 0.197656 0.545312 0.010937 0.043750
9 0.150781 0.532813 0.001563 0.081250
9 0.102344 0.535937 0.001563 0.087500
3 0.089844 0.481250 0.014063 0.040625
9 0.975781 0.376563 0.001563 0.100000
9 0.947656 0.373437 0.001563 0.109375
9 0.916406 0.371094 0.001563 0.120313
9 0.885156 0.375781 0.001563 0.114062
9 0.855469 0.380469 0.001563 0.107813
9 0.828906 0.385156 0.001563 0.101562
9 0.802344 0.382031 0.001563 0.110937
9 0.774219 0.386719 0.001563 0.104688
9 0.747656 0.392969 0.001563 0.098437
9 0.721094 0.397656 0.001563 0.092188
9 0.694531 0.402344 0.001563 0.085938
9 0.666406 0.406250 0.001563 0.078125
9 0.639844 0.402344 0.001563 0.085938
9 0.613281 0.397656 0.001563 0.092188
9 0.585156 0.393750 0.001563 0.100000
9 0.558594 0.388281 0.001563 0.107813
9 0.532031 0.392969 0.001563 0.098437
9 0.505469 0.396875 0.001563 0.090625
9 0.477344 0.400000 0.001563 0.081250
9 0.471094 0.321875 0.001563 0.078125
3 0.438281 0.356250 0.014063 0.040625
9 0.424219 0.328125 0.001563 0.081250
3 0.391406 0.364063 0.014063 0.040625
9 0.377344 0.334375 0.001563 0.084375
9 0.350781 0.340625 0.001563 0.090625
9 0.324219 0.346094 0.001563 0.095312
9 0.297656 0.342187 0.001563 0.084375
9 0.269531 0.339844 0.001563 0.073438
4 0.239844 0.379688 0.010937 0.043750
9 0.227344 0.346875 0.001563 0.078125
9 0.174219 0.418750 0.001563 0.053125
9 0.125781 0.422656 0.001563 0.045312
4 0.116406 0.396875 0.010937 0.043750
9 0.069531 0.320312 0.001563 0.037500
9 0.050781 0.325781 0.001563 0.042188
4 0.031250 0.347656 0.006250 0.026562
9 0.078906 0.389062 0.001563 0.109375
14 0.216406 0.455469 0.029687 0.026562
0 0.704688 0.490625 0.021875 0.018750
0 0.704688 0.506250 0.021875 0.018750
0 0.487500 0.506250 0.021875 0.018750
0 0.487500 0.490625 0.021875 0.018750
0 0.218750 0.546875 0.021875 0.018750
0 0.160938 0.514062 0.021875 0.018750
0 0.160938 0.490625 0.021875 0.018750
0 0.112500 0.490625 0.021875 0.018750
0 0.112500 0.514062 0.021875 0.018750
0 0.007031 0.546875 0.014063 0.018750
0 0.985938 0.325000 0.021875 0.018750
0 0.957812 0.315625 0.021875 0.018750
0 0.926562 0.307812 0.021875 0.018750
0 0.895312 0.315625 0.021875 0.018750
0 0.865625 0.325000 0.021875 0.018750
0 0.839063 0.332813 0.021875 0.018750
0 0.812500 0.325000 0.021875 0.018750
0 0.784375 0.332813 0.021875 0.018750
0 0.757812 0.340625 0.021875 0.018750
0 0.731250 0.348438 0.021875 0.018750
0 0.704688 0.356250 0.021875 0.018750
0 0.676562 0.364063 0.021875 0.018750
0 0.650000 0.356250 0.021875 0.018750
0 0.623437 0.348438 0.021875 0.018750
0 0.595313 0.340625 0.021875 0.018750
0 0.568750 0.332813 0.021875 0.018750
0 0.542188 0.340625 0.021875 0.018750
0 0.515625 0.348438 0.021875 0.018750
0 0.487500 0.356250 0.021875 0.018750
0 0.460938 0.364063 0.021875 0.018750
0 0.414062 0.373437 0.021875 0.018750
0 0.368750 0.381250 0.021875 0.018750
0 0.342187 0.389062 0.021875 0.018750
0 0.314063 0.396875 0.021875 0.018750
0 0.287500 0.389062 0.021875 0.018750
0 0.260937 0.381250 0.021875 0.018750
0 0.218750 0.389062 0.021875 0.018750
0 0.184375 0.389062 0.021875 0.018750
0 0.135937 0.396875 0.021875 0.018750
0 0.062500 0.339844 0.012500 0.010937
0 0.045312 0.347656 0.012500 0.010937
0 0.089063 0.332813 0.021875 0.018750
0 0.007031 0.340625 0.014063 0.018750
