15 0.739844 0.364063 0.020313 0.025000
15 0.532031 0.364063 0.020313 0.025000
15 0.303906 0.375000 0.020313 0.025000
15 0.110156 0.373437 0.020313 0.025000
10 0.850000 0.433594 0.028125 0.048438
10 0.742188 0.332031 0.175000 0.032813
10 0.534375 0.316406 0.159375 0.032813
10 0.304688 0.403125 0.178125 0.053125
10 0.111719 0.381250 0.157812 0.065625
10 0.750000 0.592969 0.228125 0.007812
10 0.254688 0.469531 0.403125 0.007812
14 0.027344 0.274219 0.032813 0.010937
9 0.836719 0.546094 0.001563 0.104688
3 0.816406 0.521875 0.014063 0.040625
4 0.825781 0.489063 0.010937 0.043750
9 0.636719 0.557031 0.001563 0.079687
4 0.625781 0.546875 0.010937 0.043750
15 0.444531 0.585938 0.020313 0.053125
9 0.435156 0.583594 0.001563 0.051562
9 0.455469 0.500781 0.001563 0.070312
9 0.236719 0.500781 0.001563 0.070312
9 0.033594 0.579688 0.001563 0.043750
9 0.053906 0.508594 0.001563 0.085938
3 0.021094 0.546875 0.014063 0.040625
9 0.836719 0.417969 0.001563 0.070312
9 0.828906 0.350781 0.001563 0.070312
2 0.795312 0.388281 0.015625 0.045312
9 0.780469 0.350781 0.001563 0.070312
9 0.752344 0.354687 0.001563 0.078125
4 0.722656 0.396875 0.010937 0.043750
9 0.710156 0.354687 0.001563 0.078125
9 0.683594 0.358594 0.001563 0.085938
9 0.655469 0.350781 0.001563 0.070312
4 0.625781 0.387500 0.010937 0.043750
9 0.613281 0.350781 0.001563 0.101562
9 0.585156 0.339062 0.001563 0.078125
9 0.558594 0.330469 0.001563 0.060937
9 0.530469 0.339062 0.001563 0.078125
9 0.502344 0.342969 0.001563 0.085938
2 0.470313 0.388281 0.015625 0.045312
9 0.455469 0.335156 0.001563 0.070312
4 0.425781 0.371875 0.010937 0.043750
9 0.392969 0.396094 0.001563 0.057813
3 0.380469 0.356250 0.014063 0.040625
9 0.347656 0.385937 0.001563 0.068750
9 0.319531 0.388281 0.001563 0.057813
2 0.306250 0.355469 0.015625 0.045312
9 0.272656 0.381250 0.001563 0.059375
9 0.244531 0.367188 0.001563 0.081250
9 0.216406 0.369531 0.001563 0.070312
9 0.189844 0.367969 0.001563 0.082812
9 0.161719 0.357031 0.001563 0.092188
9 0.130469 0.357812 0.001563 0.078125
9 0.097656 0.350781 0.001563 0.079687
9 0.066406 0.343750 0.001563 0.081250
9 0.033594 0.336719 0.001563 0.082812
9 0.002344 0.346094 0.001563 0.101562
15 0.645312 0.450781 0.053125 0.026562
0 0.846875 0.514062 0.021875 0.018750
0 0.846875 0.531250 0.021875 0.018750
0 0.846875 0.490625 0.021875 0.018750
0 0.646875 0.514062 0.021875 0.018750
0 0.646875 0.531250 0.021875 0.018750
0 0.646875 0.546875 0.021875 0.018750
0 0.445312 0.554688 0.021875 0.018750
0 0.445312 0.514062 0.021875 0.018750
0 0.445312 0.539062 0.021875 0.018750
0 0.226562 0.514062 0.021875 0.018750
0 0.226562 0.539062 0.021875 0.018750
0 0.043750 0.554688 0.021875 0.018750
0 0.043750 0.554688 0.021875 0.018750
0 0.846875 0.381250 0.021875 0.018750
0 0.818750 0.389062 0.021875 0.018750
0 0.771875 0.389062 0.021875 0.018750
0 0.743750 0.396875 0.021875 0.018750
0 0.701562 0.396875 0.021875 0.018750
0 0.673438 0.404687 0.021875 0.018750
0 0.646875 0.389062 0.021875 0.018750
0 0.603125 0.404687 0.021875 0.018750
0 0.576562 0.381250 0.021875 0.018750
0 0.548438 0.364063 0.021875 0.018750
0 0.521875 0.381250 0.021875 0.018750
0 0.493750 0.389062 0.021875 0.018750
0 0.445312 0.373437 0.021875 0.018750
0 0.403125 0.364063 0.021875 0.018750
0 0.357812 0.348438 0.021875 0.018750
0 0.329688 0.356250 0.021875 0.018750
0 0.282813 0.348438 0.021875 0.018750
0 0.254688 0.325000 0.021875 0.018750
0 0.226562 0.332813 0.021875 0.018750
0 0.200000 0.325000 0.021875 0.018750
0 0.171875 0.307812 0.021875 0.018750
0 0.140625 0.315625 0.021875 0.018750
0 0.107813 0.307812 0.021875 0.018750
0 0.076563 0.300000 0.021875 0.018750
0 0.043750 0.292187 0.021875 0.018750
0 0.012500 0.292187 0.021875 0.018750
