15 0.352344 0.736719 0.026562 0.032813
13 0.300781 0.732031 0.045312 0.057813
15 0.352344 0.553906 0.026562 0.032813
7 0.300000 0.555469 0.043750 0.114062
10 0.801562 0.465625 0.115625 0.043750
10 0.481250 0.450000 0.115625 0.043750
10 0.928125 0.639062 0.115625 0.043750
10 0.635938 0.623437 0.115625 0.043750
10 0.784375 0.692969 0.081250 0.032813
10 0.464062 0.692969 0.081250 0.032813
14 0.949219 0.478906 0.101562 0.076563
14 0.948438 0.528125 0.103125 0.009375
14 0.859375 0.644531 0.253125 0.070312
14 0.800000 0.603906 0.131250 0.014063
14 0.731250 0.465625 0.253125 0.081250
14 0.635156 0.662500 0.114062 0.018750
14 0.668750 0.510156 0.131250 0.014063
14 0.480469 0.410938 0.114062 0.018750
9 0.268750 0.645312 0.003125 0.250000
9 0.551562 0.645312 0.003125 0.250000
15 0.352344 0.553906 0.026562 0.032813
15 0.352344 0.736719 0.026562 0.032813
9 0.891406 0.745313 0.001563 0.106250
9 0.824219 0.737500 0.001563 0.121875
9 0.744531 0.737500 0.001563 0.121875
9 0.597656 0.745313 0.001563 0.106250
9 0.502344 0.737500 0.001563 0.121875
9 0.424219 0.737500 0.001563 0.121875
9 0.985156 0.625781 0.001563 0.073438
9 0.950781 0.620313 0.001563 0.081250
9 0.871094 0.625781 0.001563 0.073438
9 0.891406 0.519531 0.001563 0.045312
9 0.857031 0.484375 0.001563 0.081250
9 0.824219 0.480469 0.001563 0.073438
9 0.724219 0.610156 0.001563 0.042188
9 0.744531 0.484375 0.001563 0.081250
9 0.691406 0.608594 0.001563 0.073438
9 0.657031 0.604688 0.001563 0.081250
9 0.578906 0.608594 0.001563 0.073438
9 0.597656 0.504687 0.001563 0.040625
9 0.536719 0.468750 0.001563 0.081250
9 0.502344 0.464844 0.001563 0.073438
12 0.411719 0.569531 0.017188 0.048438
9 0.424219 0.468750 0.001563 0.081250
15 0.413281 0.644531 0.029687 0.026562
0 0.881250 0.801562 0.021875 0.018750
0 0.881250 0.770312 0.021875 0.018750
0 0.881250 0.745313 0.021875 0.018750
0 0.881250 0.785937 0.021875 0.018750
0 0.814063 0.785937 0.021875 0.018750
0 0.814063 0.770312 0.021875 0.018750
0 0.814063 0.801562 0.021875 0.018750
0 0.814063 0.745313 0.021875 0.018750
0 0.734375 0.745313 0.021875 0.018750
0 0.734375 0.770312 0.021875 0.018750
0 0.734375 0.785937 0.021875 0.018750
0 0.734375 0.801562 0.021875 0.018750
0 0.589063 0.770312 0.021875 0.018750
0 0.589063 0.785937 0.021875 0.018750
0 0.589063 0.745313 0.021875 0.018750
0 0.589063 0.801562 0.021875 0.018750
0 0.493750 0.745313 0.021875 0.018750
0 0.493750 0.785937 0.021875 0.018750
0 0.493750 0.801562 0.021875 0.018750
0 0.493750 0.770312 0.021875 0.018750
0 0.414062 0.801562 0.021875 0.018750
0 0.414062 0.770312 0.021875 0.018750
0 0.414062 0.745313 0.021875 0.018750
0 0.414062 0.785937 0.021875 0.018750
0 0.992188 0.585938 0.015625 0.018750
0 0.960938 0.578125 0.021875 0.018750
0 0.881250 0.585938 0.021875 0.018750
0 0.881250 0.545312 0.021875 0.018750
0 0.848437 0.529687 0.021875 0.018750
0 0.814063 0.521875 0.021875 0.018750
0 0.734375 0.585938 0.021875 0.018750
0 0.734375 0.529687 0.021875 0.018750
0 0.701562 0.570312 0.021875 0.018750
0 0.667188 0.560937 0.021875 0.018750
0 0.589063 0.570312 0.021875 0.018750
0 0.589063 0.529687 0.021875 0.018750
0 0.526563 0.512500 0.021875 0.018750
0 0.493750 0.504687 0.021875 0.018750
0 0.414062 0.512500 0.021875 0.018750
