10 0.902344 0.407031 0.195312 0.020313
10 0.597656 0.373437 0.251563 0.025000
10 0.228906 0.388281 0.257812 0.048438
10 0.891406 0.466406 0.217188 0.035937
10 0.553125 0.583594 0.256250 0.035937
10 0.188281 0.555469 0.257812 0.035937
14 0.398438 0.445312 0.003125 0.228125
9 0.949219 0.517969 0.001563 0.107813
9 0.866406 0.510156 0.001563 0.104688
4 0.836719 0.509375 0.010937 0.043750
4 0.836719 0.565625 0.010937 0.043750
9 0.783594 0.503906 0.001563 0.101562
9 0.680469 0.547656 0.001563 0.101562
9 0.597656 0.541406 0.001563 0.104688
9 0.514844 0.533594 0.001563 0.107813
9 0.425781 0.526563 0.001563 0.109375
9 0.314844 0.545312 0.001563 0.050000
9 0.232031 0.539062 0.001563 0.053125
2 0.218750 0.510156 0.015625 0.045312
9 0.142969 0.532031 0.001563 0.054688
4 0.132031 0.501563 0.010937 0.043750
9 0.060156 0.525781 0.001563 0.057813
9 0.972656 0.367969 0.001563 0.098437
9 0.888281 0.371875 0.001563 0.090625
9 0.805469 0.343750 0.001563 0.146875
9 0.722656 0.327344 0.001563 0.098437
2 0.709375 0.275781 0.015625 0.045312
9 0.639844 0.336719 0.001563 0.082812
9 0.555469 0.332031 0.001563 0.092188
9 0.472656 0.342187 0.001563 0.078125
2 0.459375 0.332031 0.015625 0.045312
9 0.357031 0.342187 0.001563 0.078125
4 0.346094 0.323437 0.010937 0.043750
9 0.272656 0.346875 0.001563 0.087500
9 0.185156 0.351562 0.001563 0.096875
9 0.100781 0.356250 0.001563 0.106250
9 0.017969 0.343750 0.001563 0.065625
0 0.940625 0.575000 0.021875 0.018750
0 0.940625 0.518750 0.021875 0.018750
0 0.857812 0.509375 0.021875 0.018750
0 0.857812 0.567187 0.021875 0.018750
0 0.773438 0.501563 0.021875 0.018750
0 0.773438 0.557813 0.021875 0.018750
0 0.690625 0.493750 0.021875 0.018750
0 0.690625 0.550000 0.021875 0.018750
0 0.607812 0.542188 0.021875 0.018750
0 0.607812 0.485938 0.021875 0.018750
0 0.525000 0.478125 0.021875 0.018750
0 0.525000 0.534375 0.021875 0.018750
0 0.435937 0.526563 0.021875 0.018750
0 0.435937 0.470313 0.021875 0.018750
0 0.325000 0.518750 0.021875 0.018750
0 0.242188 0.509375 0.021875 0.018750
0 0.153125 0.501563 0.021875 0.018750
0 0.070312 0.493750 0.021875 0.018750
0 0.982812 0.315625 0.021875 0.018750
0 0.982812 0.356250 0.021875 0.018750
0 0.982812 0.340625 0.021875 0.018750
0 0.898438 0.364063 0.021875 0.018750
0 0.898438 0.325000 0.021875 0.018750
0 0.898438 0.348438 0.021875 0.018750
0 0.815625 0.292187 0.021875 0.018750
0 0.815625 0.307812 0.021875 0.018750
0 0.815625 0.267188 0.021875 0.018750
0 0.732812 0.300000 0.021875 0.018750
0 0.732812 0.276562 0.021875 0.018750
0 0.732812 0.315625 0.021875 0.018750
0 0.650000 0.292187 0.021875 0.018750
0 0.650000 0.307812 0.021875 0.018750
0 0.650000 0.325000 0.021875 0.018750
0 0.565625 0.332813 0.021875 0.018750
0 0.565625 0.284375 0.021875 0.018750
0 0.565625 0.315625 0.021875 0.018750
0 0.482812 0.315625 0.021875 0.018750
0 0.482812 0.332813 0.021875 0.018750
0 0.482812 0.300000 0.021875 0.018750
0 0.367188 0.325000 0.021875 0.018750
0 0.367188 0.300000 0.021875 0.018750
0 0.282813 0.300000 0.021875 0.018750
0 0.282813 0.315625 0.021875 0.018750
0 0.195312 0.300000 0.021875 0.018750
0 0.175000 0.307812 0.021875 0.018750
0 0.110937 0.300000 0.021875 0.018750
0 0.110937 0.356250 0.021875 0.018750
0 0.028125 0.307812 0.021875 0.018750
0 0.028125 0.325000 0.021875 0.018750
