15 0.485938 0.370312 0.018750 0.025000
15 0.345313 0.362500 0.018750 0.025000
15 0.200000 0.359375 0.018750 0.025000
15 0.062500 0.362500 0.018750 0.025000
10 0.486719 0.408594 0.101562 0.032813
10 0.345313 0.401562 0.093750 0.025000
10 0.200000 0.326562 0.093750 0.028125
10 0.064062 0.346094 0.093750 0.035937
15 0.504687 0.526563 0.018750 0.025000
15 0.364063 0.526563 0.018750 0.025000
15 0.200000 0.526563 0.018750 0.025000
15 0.062500 0.528125 0.018750 0.025000
10 0.505469 0.522656 0.101562 0.035937
10 0.365625 0.536719 0.093750 0.020313
10 0.200000 0.522656 0.093750 0.035937
10 0.064062 0.501563 0.093750 0.025000
9 0.853125 0.445312 0.018750 0.228125
9 0.645312 0.445312 0.034375 0.228125
9 0.271875 0.445312 0.003125 0.228125
12 0.773438 0.528125 0.015625 0.028125
15 0.714844 0.551562 0.017188 0.053125
9 0.707031 0.557031 0.001563 0.060937
9 0.555469 0.535937 0.001563 0.053125
2 0.523438 0.566406 0.015625 0.045312
9 0.500781 0.545312 0.001563 0.053125
9 0.455469 0.551562 0.001563 0.053125
9 0.410156 0.557031 0.001563 0.060937
9 0.364844 0.561719 0.001563 0.070312
9 0.319531 0.557031 0.001563 0.060937
9 0.246094 0.551562 0.001563 0.053125
9 0.200781 0.543750 0.001563 0.053125
9 0.153906 0.535937 0.001563 0.053125
9 0.108594 0.525781 0.001563 0.057813
9 0.063281 0.521094 0.001563 0.051562
4 0.033594 0.550000 0.010937 0.043750
9 0.017969 0.516406 0.001563 0.045312
12 0.773438 0.367188 0.015625 0.028125
15 0.696094 0.385937 0.020313 0.053125
9 0.686719 0.385156 0.001563 0.051562
9 0.535156 0.397656 0.001563 0.045312
9 0.482031 0.390625 0.001563 0.046875
9 0.436719 0.384375 0.001563 0.050000
9 0.389844 0.378125 0.001563 0.053125
9 0.344531 0.375781 0.001563 0.064062
9 0.299219 0.384375 0.001563 0.050000
9 0.246094 0.338281 0.001563 0.045312
9 0.200781 0.345313 0.001563 0.050000
4 0.171094 0.371875 0.010937 0.043750
9 0.153906 0.350000 0.001563 0.053125
9 0.108594 0.357812 0.001563 0.053125
9 0.063281 0.365625 0.001563 0.053125
9 0.017969 0.375000 0.001563 0.053125
15 0.696094 0.444531 0.029687 0.026562
15 0.308594 0.444531 0.029687 0.026562
0 0.696875 0.590625 0.021875 0.018750
0 0.545312 0.567187 0.021875 0.018750
0 0.492188 0.575000 0.021875 0.018750
0 0.446875 0.582812 0.021875 0.018750
0 0.400000 0.590625 0.021875 0.018750
0 0.354687 0.598437 0.021875 0.018750
0 0.309375 0.590625 0.021875 0.018750
0 0.235937 0.582812 0.021875 0.018750
0 0.190625 0.575000 0.021875 0.018750
0 0.145313 0.567187 0.021875 0.018750
0 0.100000 0.557813 0.021875 0.018750
0 0.054688 0.550000 0.021875 0.018750
0 0.009375 0.542188 0.018750 0.018750
0 0.696875 0.356250 0.021875 0.018750
0 0.545312 0.373437 0.021875 0.018750
0 0.492188 0.364063 0.021875 0.018750
0 0.446875 0.356250 0.021875 0.018750
0 0.400000 0.348438 0.021875 0.018750
0 0.354687 0.340625 0.021875 0.018750
0 0.309375 0.356250 0.021875 0.018750
0 0.235937 0.364063 0.021875 0.018750
0 0.190625 0.373437 0.021875 0.018750
0 0.145313 0.381250 0.021875 0.018750
0 0.100000 0.389062 0.021875 0.018750
0 0.054688 0.396875 0.021875 0.018750
0 0.009375 0.404687 0.018750 0.018750
