10 0.482812 0.514062 0.115625 0.043750
10 0.335938 0.503125 0.115625 0.043750
10 0.162500 0.482812 0.115625 0.043750
10 0.026562 0.639062 0.053125 0.043750
10 0.790625 0.698438 0.115625 0.043750
10 0.629687 0.698438 0.115625 0.043750
10 0.465625 0.692969 0.081250 0.032813
10 0.145313 0.692969 0.081250 0.032813
14 0.700000 0.818750 0.275000 0.065625
14 0.645312 0.632031 0.131250 0.014063
14 0.645312 0.585156 0.131250 0.014063
14 0.645312 0.616406 0.131250 0.014063
14 0.645312 0.569531 0.131250 0.014063
14 0.109375 0.478906 0.218750 0.076563
14 0.047656 0.528125 0.095312 0.009375
9 0.860938 0.645312 0.003125 0.250000
9 0.232813 0.645312 0.003125 0.250000
9 0.846094 0.721094 0.001563 0.089063
9 0.813281 0.717187 0.001563 0.081250
9 0.733594 0.725781 0.001563 0.098437
2 0.701562 0.777344 0.015625 0.045312
9 0.685156 0.721094 0.001563 0.089063
9 0.652344 0.717187 0.001563 0.081250
9 0.572656 0.750000 0.001563 0.146875
9 0.505469 0.737500 0.001563 0.121875
9 0.425781 0.737500 0.001563 0.121875
9 0.278906 0.745313 0.001563 0.106250
9 0.183594 0.737500 0.001563 0.121875
9 0.105469 0.737500 0.001563 0.121875
15 0.800781 0.613281 0.017188 0.064062
9 0.792969 0.582031 0.001563 0.117188
4 0.783594 0.520312 0.010937 0.043750
15 0.741406 0.546875 0.017188 0.053125
9 0.733594 0.572656 0.001563 0.101562
9 0.572656 0.571094 0.001563 0.101562
9 0.539844 0.536719 0.001563 0.089063
9 0.505469 0.532813 0.001563 0.081250
9 0.407031 0.637500 0.001563 0.065625
9 0.425781 0.536719 0.001563 0.089063
9 0.392969 0.524219 0.001563 0.085938
9 0.358594 0.520312 0.001563 0.078125
9 0.260156 0.617969 0.001563 0.057813
9 0.278906 0.524219 0.001563 0.085938
9 0.217969 0.501563 0.001563 0.081250
9 0.183594 0.497656 0.001563 0.073438
9 0.085156 0.625781 0.001563 0.042188
9 0.105469 0.501563 0.001563 0.081250
9 0.052344 0.625781 0.001563 0.073438
9 0.017969 0.620313 0.001563 0.081250
0 0.837500 0.770312 0.021875 0.018750
0 0.803125 0.760938 0.021875 0.018750
0 0.725000 0.778125 0.021875 0.018750
0 0.676562 0.770312 0.021875 0.018750
0 0.642188 0.760938 0.021875 0.018750
0 0.564063 0.826562 0.021875 0.018750
0 0.564063 0.770312 0.021875 0.018750
0 0.495312 0.745313 0.021875 0.018750
0 0.495312 0.770312 0.021875 0.018750
0 0.495312 0.785937 0.021875 0.018750
0 0.495312 0.801562 0.021875 0.018750
0 0.417187 0.770312 0.021875 0.018750
0 0.417187 0.745313 0.021875 0.018750
0 0.417187 0.785937 0.021875 0.018750
0 0.417187 0.801562 0.021875 0.018750
0 0.270313 0.770312 0.021875 0.018750
0 0.270313 0.801562 0.021875 0.018750
0 0.270313 0.785937 0.021875 0.018750
0 0.270313 0.745313 0.021875 0.018750
0 0.175000 0.745313 0.021875 0.018750
0 0.175000 0.801562 0.021875 0.018750
0 0.175000 0.770312 0.021875 0.018750
0 0.175000 0.785937 0.021875 0.018750
0 0.095312 0.770312 0.021875 0.018750
0 0.095312 0.801562 0.021875 0.018750
0 0.095312 0.785937 0.021875 0.018750
0 0.095312 0.745313 0.021875 0.018750
0 0.803125 0.521875 0.021875 0.018750
0 0.803125 0.537500 0.021875 0.018750
0 0.803125 0.578125 0.021875 0.018750
0 0.803125 0.553125 0.021875 0.018750
0 0.725000 0.626563 0.021875 0.018750
0 0.725000 0.593750 0.021875 0.018750
0 0.725000 0.609375 0.021875 0.018750
0 0.725000 0.578125 0.021875 0.018750
0 0.564063 0.626563 0.021875 0.018750
0 0.564063 0.593750 0.021875 0.018750
0 0.564063 0.609375 0.021875 0.018750
0 0.564063 0.578125 0.021875 0.018750
0 0.529687 0.585938 0.021875 0.018750
0 0.495312 0.578125 0.021875 0.018750
0 0.417187 0.626563 0.021875 0.018750
0 0.417187 0.601562 0.021875 0.018750
0 0.417187 0.585938 0.021875 0.018750
0 0.382812 0.570312 0.021875 0.018750
0 0.348438 0.560937 0.021875 0.018750
0 0.270313 0.585938 0.021875 0.018750
0 0.270313 0.601562 0.021875 0.018750
0 0.270313 0.570312 0.021875 0.018750
0 0.209375 0.545312 0.021875 0.018750
0 0.175000 0.537500 0.021875 0.018750
0 0.095312 0.601562 0.021875 0.018750
0 0.095312 0.545312 0.021875 0.018750
0 0.062500 0.585938 0.021875 0.018750
0 0.028125 0.578125 0.021875 0.018750
