13 0.282031 0.541406 0.045312 0.057813
7 0.281250 0.366406 0.043750 0.114062
10 0.942969 0.391406 0.114062 0.020313
10 0.776563 0.391406 0.134375 0.020313
10 0.620313 0.317969 0.134375 0.045312
10 0.467187 0.458594 0.090625 0.045312
14 0.686719 0.537500 0.626563 0.034375
14 0.686719 0.631250 0.626563 0.034375
9 0.248438 0.455469 0.003125 0.248438
9 0.510156 0.464062 0.001563 0.046875
9 0.466406 0.485938 0.001563 0.065625
9 0.422656 0.503125 0.001563 0.078125
9 0.974219 0.363281 0.001563 0.073438
9 0.930469 0.376563 0.001563 0.050000
9 0.886719 0.372656 0.001563 0.057813
9 0.842969 0.348438 0.001563 0.106250
9 0.799219 0.363281 0.001563 0.073438
9 0.755469 0.376563 0.001563 0.050000
9 0.710156 0.372656 0.001563 0.057813
9 0.686719 0.322656 0.001563 0.045312
9 0.642969 0.342969 0.001563 0.070312
9 0.597656 0.358594 0.001563 0.085938
9 0.553906 0.358594 0.001563 0.070312
0 0.501563 0.489063 0.021875 0.018750
0 0.456250 0.521875 0.021875 0.018750
0 0.412500 0.546875 0.021875 0.018750
1 0.355469 0.553906 0.029687 0.017188
1 0.355469 0.610156 0.029687 0.017188
0 0.984375 0.325000 0.021875 0.018750
0 0.940625 0.348438 0.021875 0.018750
0 0.896875 0.340625 0.021875 0.018750
0 0.853125 0.292187 0.021875 0.018750
0 0.809375 0.325000 0.021875 0.018750
0 0.765625 0.348438 0.021875 0.018750
0 0.720313 0.340625 0.021875 0.018750
0 0.676562 0.348438 0.021875 0.018750
0 0.632812 0.381250 0.021875 0.018750
0 0.589063 0.404687 0.021875 0.018750
0 0.545312 0.396875 0.021875 0.018750
