10 0.907813 0.303125 0.140625 0.040625
10 0.701562 0.388281 0.153125 0.048438
10 0.509375 0.388281 0.153125 0.048438
10 0.293750 0.402344 0.125000 0.020313
10 0.117188 0.402344 0.125000 0.020313
9 0.398438 0.447656 0.003125 0.232813
3 0.421094 0.529687 0.014063 0.040625
3 0.421094 0.585938 0.014063 0.040625
9 0.999219 0.422656 0.001563 0.045312
9 0.977344 0.358594 0.001563 0.101562
3 0.944531 0.404687 0.014063 0.040625
9 0.930469 0.347656 0.001563 0.092188
3 0.899219 0.389062 0.014063 0.040625
9 0.885156 0.331250 0.001563 0.075000
3 0.852344 0.364063 0.014063 0.040625
9 0.838281 0.312500 0.001563 0.050000
9 0.777344 0.384375 0.001563 0.050000
3 0.764844 0.348438 0.014063 0.040625
9 0.732031 0.372656 0.001563 0.057813
3 0.719531 0.331250 0.014063 0.040625
9 0.678906 0.354687 0.001563 0.071875
3 0.666406 0.307812 0.014063 0.040625
9 0.625781 0.332813 0.001563 0.093750
3 0.613281 0.275000 0.014063 0.040625
9 0.585156 0.384375 0.001563 0.050000
3 0.572656 0.348438 0.014063 0.040625
9 0.538281 0.372656 0.001563 0.057813
3 0.525781 0.331250 0.014063 0.040625
9 0.485156 0.354687 0.001563 0.071875
3 0.472656 0.307812 0.014063 0.040625
9 0.433594 0.332813 0.001563 0.093750
3 0.421094 0.275000 0.014063 0.040625
9 0.355469 0.365625 0.001563 0.093750
9 0.314844 0.378906 0.001563 0.070312
9 0.272656 0.385937 0.001563 0.053125
9 0.232031 0.378906 0.001563 0.070312
3 0.219531 0.331250 0.014063 0.040625
9 0.178906 0.365625 0.001563 0.093750
9 0.138281 0.378906 0.001563 0.070312
9 0.097656 0.385937 0.001563 0.053125
9 0.055469 0.378906 0.001563 0.070312
3 0.042969 0.331250 0.014063 0.040625
9 0.028906 0.345313 0.001563 0.050000
1 0.447656 0.538281 0.029687 0.017188
1 0.447656 0.594531 0.029687 0.017188
0 0.967187 0.412500 0.021875 0.018750
0 0.921875 0.396875 0.021875 0.018750
0 0.875000 0.373437 0.021875 0.018750
0 0.829688 0.340625 0.021875 0.018750
0 0.787500 0.356250 0.021875 0.018750
0 0.742188 0.340625 0.021875 0.018750
0 0.689063 0.315625 0.021875 0.018750
0 0.635938 0.284375 0.021875 0.018750
0 0.595313 0.356250 0.021875 0.018750
0 0.548438 0.340625 0.021875 0.018750
0 0.495312 0.315625 0.021875 0.018750
0 0.443750 0.284375 0.021875 0.018750
0 0.365625 0.315625 0.021875 0.018750
0 0.325000 0.340625 0.021875 0.018750
0 0.282813 0.356250 0.021875 0.018750
0 0.242188 0.340625 0.021875 0.018750
0 0.189062 0.315625 0.021875 0.018750
0 0.148438 0.340625 0.021875 0.018750
0 0.107813 0.356250 0.021875 0.018750
0 0.065625 0.340625 0.021875 0.018750
0 0.020313 0.373437 0.021875 0.018750
