10 0.750781 0.419531 0.498437 0.020313
10 0.236719 0.419531 0.223438 0.007812
10 0.806250 0.607031 0.387500 0.007812
10 0.236719 0.617188 0.223438 0.025000
10 0.017969 0.510938 0.035937 0.012500
13 0.972656 0.437500 0.054688 0.021875
13 0.723437 0.436719 0.221875 0.023438
13 0.811719 0.265625 0.376563 0.050000
13 0.435937 0.257812 0.156250 0.034375
13 0.192188 0.271094 0.112500 0.023438
14 0.459375 0.464062 0.003125 0.265625
9 0.946094 0.549219 0.001563 0.126562
9 0.835156 0.549219 0.001563 0.126562
9 0.724219 0.549219 0.001563 0.126562
9 0.613281 0.549219 0.001563 0.126562
3 0.600781 0.546875 0.014063 0.040625
8 0.511719 0.632031 0.004687 0.004687
14 0.530469 0.581250 0.017188 0.053125
9 0.522656 0.582812 0.001563 0.053125
3 0.489844 0.603125 0.014063 0.040625
9 0.347656 0.567187 0.001563 0.115625
3 0.327344 0.523438 0.014063 0.040625
4 0.338281 0.506250 0.010937 0.043750
9 0.236719 0.555469 0.001563 0.123438
4 0.227344 0.514062 0.010937 0.043750
9 0.125781 0.547656 0.001563 0.123438
3 0.105469 0.498437 0.014063 0.040625
4 0.116406 0.482812 0.010937 0.043750
4 0.116406 0.554688 0.010937 0.043750
9 0.035156 0.564844 0.001563 0.104688
12 0.065625 0.554688 0.031250 0.037500
9 0.946094 0.360156 0.001563 0.114062
9 0.835156 0.364844 0.001563 0.107813
9 0.724219 0.370312 0.001563 0.103125
4 0.714844 0.315625 0.010937 0.043750
9 0.613281 0.367188 0.001563 0.112500
8 0.511719 0.263281 0.004687 0.004687
9 0.502344 0.355469 0.001563 0.139063
3 0.489844 0.275000 0.014063 0.040625
3 0.489844 0.331250 0.014063 0.040625
4 0.492969 0.379688 0.010937 0.043750
9 0.347656 0.359375 0.001563 0.128125
4 0.338281 0.290625 0.010937 0.043750
9 0.236719 0.363281 0.001563 0.120313
3 0.210156 0.307812 0.014063 0.040625
4 0.227344 0.300000 0.010937 0.043750
3 0.224219 0.364063 0.014063 0.040625
9 0.125781 0.359375 0.001563 0.128125
4 0.103906 0.323437 0.010937 0.043750
3 0.113281 0.282813 0.014063 0.040625
9 0.014844 0.348438 0.001563 0.106250
0 0.956250 0.482812 0.021875 0.018750
0 0.956250 0.523438 0.021875 0.018750
0 0.956250 0.556250 0.021875 0.018750
0 0.845313 0.482812 0.021875 0.018750
0 0.845313 0.523438 0.021875 0.018750
0 0.845313 0.556250 0.021875 0.018750
0 0.734375 0.482812 0.021875 0.018750
0 0.734375 0.523438 0.021875 0.018750
0 0.734375 0.556250 0.021875 0.018750
0 0.623437 0.482812 0.021875 0.018750
0 0.623437 0.523438 0.021875 0.018750
0 0.623437 0.556250 0.021875 0.018750
0 0.512500 0.612500 0.021875 0.018750
0 0.357812 0.507812 0.021875 0.018750
0 0.357812 0.531250 0.021875 0.018750
0 0.357812 0.546875 0.021875 0.018750
0 0.357812 0.579688 0.021875 0.018750
0 0.246875 0.490625 0.021875 0.018750
0 0.246875 0.515625 0.021875 0.018750
0 0.246875 0.546875 0.021875 0.018750
0 0.135937 0.482812 0.021875 0.018750
0 0.135937 0.507812 0.021875 0.018750
0 0.135937 0.556250 0.021875 0.018750
0 0.025000 0.564063 0.021875 0.018750
0 0.025000 0.587500 0.021875 0.018750
0 0.025000 0.620313 0.021875 0.018750
0 0.956250 0.300000 0.021875 0.018750
0 0.956250 0.340625 0.021875 0.018750
0 0.956250 0.364063 0.021875 0.018750
0 0.845313 0.307812 0.021875 0.018750
0 0.845313 0.340625 0.021875 0.018750
0 0.845313 0.364063 0.021875 0.018750
0 0.734375 0.315625 0.021875 0.018750
0 0.734375 0.340625 0.021875 0.018750
0 0.734375 0.364063 0.021875 0.018750
0 0.623437 0.307812 0.021875 0.018750
0 0.623437 0.340625 0.021875 0.018750
0 0.623437 0.364063 0.021875 0.018750
0 0.512500 0.284375 0.021875 0.018750
0 0.512500 0.340625 0.021875 0.018750
0 0.512500 0.381250 0.021875 0.018750
0 0.357812 0.292187 0.021875 0.018750
0 0.357812 0.332813 0.021875 0.018750
0 0.357812 0.373437 0.021875 0.018750
0 0.246875 0.300000 0.021875 0.018750
0 0.246875 0.315625 0.021875 0.018750
0 0.246875 0.373437 0.021875 0.018750
0 0.135937 0.292187 0.021875 0.018750
0 0.135937 0.325000 0.021875 0.018750
0 0.135937 0.364063 0.021875 0.018750
0 0.025000 0.292187 0.021875 0.018750
0 0.025000 0.332813 0.021875 0.018750
0 0.025000 0.348438 0.021875 0.018750
