3 0.364844 0.559375 0.014063 0.040625
3 0.346094 0.528125 0.014063 0.040625
3 0.327344 0.551562 0.014063 0.040625
13 0.282031 0.539844 0.045312 0.057813
3 0.364844 0.364063 0.014063 0.040625
3 0.346094 0.331250 0.014063 0.040625
3 0.327344 0.356250 0.014063 0.040625
7 0.281250 0.366406 0.043750 0.114062
10 0.721094 0.433594 0.557813 0.007812
10 0.721094 0.588281 0.557813 0.007812
14 0.885938 0.265625 0.046875 0.009375
14 0.778906 0.253125 0.442188 0.059375
14 0.417969 0.248438 0.070312 0.034375
9 0.248438 0.454688 0.003125 0.246875
9 0.899219 0.528906 0.001563 0.126562
4 0.889844 0.535937 0.010937 0.043750
9 0.785156 0.528906 0.001563 0.126562
9 0.653906 0.528906 0.001563 0.126562
3 0.624219 0.495312 0.014063 0.040625
9 0.549219 0.528906 0.001563 0.126562
9 0.442969 0.528906 0.001563 0.126562
3 0.413281 0.495312 0.014063 0.040625
4 0.432031 0.535937 0.010937 0.043750
15 0.857031 0.266406 0.010937 0.032813
9 0.853906 0.264844 0.014063 0.032813
3 0.831250 0.278906 0.009375 0.023438
9 0.899219 0.366406 0.001563 0.142187
3 0.886719 0.282813 0.014063 0.040625
3 0.886719 0.340625 0.014063 0.040625
9 0.785156 0.370312 0.001563 0.134375
3 0.755469 0.300000 0.014063 0.040625
4 0.688281 0.307812 0.010937 0.043750
9 0.653906 0.374219 0.001563 0.126562
3 0.641406 0.300000 0.014063 0.040625
4 0.644531 0.364063 0.010937 0.043750
9 0.549219 0.370312 0.001563 0.134375
8 0.452344 0.247656 0.004687 0.004687
9 0.442969 0.353906 0.001563 0.167187
3 0.430469 0.300000 0.014063 0.040625
0 0.992969 0.504687 0.014063 0.018750
0 0.909375 0.464062 0.021875 0.018750
0 0.909375 0.495312 0.021875 0.018750
0 0.909375 0.535937 0.021875 0.018750
0 0.890625 0.504687 0.021875 0.018750
0 0.795312 0.464062 0.021875 0.018750
0 0.795312 0.495312 0.021875 0.018750
0 0.795312 0.535937 0.021875 0.018750
0 0.776563 0.504687 0.021875 0.018750
0 0.664062 0.464062 0.021875 0.018750
0 0.664062 0.495312 0.021875 0.018750
0 0.664062 0.535937 0.021875 0.018750
0 0.645312 0.504687 0.021875 0.018750
0 0.559375 0.464062 0.021875 0.018750
0 0.559375 0.495312 0.021875 0.018750
0 0.559375 0.535937 0.021875 0.018750
0 0.539062 0.504687 0.021875 0.018750
0 0.453125 0.464062 0.021875 0.018750
0 0.453125 0.495312 0.021875 0.018750
0 0.453125 0.535937 0.021875 0.018750
0 0.432812 0.504687 0.021875 0.018750
0 0.992969 0.307812 0.014063 0.018750
0 0.845313 0.283594 0.012500 0.010937
0 0.909375 0.292187 0.021875 0.018750
0 0.909375 0.307812 0.021875 0.018750
0 0.909375 0.325000 0.021875 0.018750
0 0.909375 0.348438 0.021875 0.018750
0 0.795312 0.300000 0.021875 0.018750
0 0.795312 0.325000 0.021875 0.018750
0 0.795312 0.356250 0.021875 0.018750
0 0.776563 0.307812 0.021875 0.018750
0 0.664062 0.307812 0.021875 0.018750
0 0.664062 0.325000 0.021875 0.018750
0 0.664062 0.364063 0.021875 0.018750
0 0.709375 0.307812 0.021875 0.018750
0 0.559375 0.300000 0.021875 0.018750
0 0.559375 0.325000 0.021875 0.018750
0 0.559375 0.356250 0.021875 0.018750
0 0.539062 0.307812 0.021875 0.018750
0 0.453125 0.267188 0.021875 0.018750
0 0.453125 0.307812 0.021875 0.018750
0 0.453125 0.325000 0.021875 0.018750
0 0.453125 0.356250 0.021875 0.018750
