10 0.899219 0.302344 0.135937 0.045312
10 0.700781 0.381250 0.135937 0.040625
10 0.522656 0.381250 0.135937 0.040625
10 0.317969 0.391406 0.135937 0.020313
10 0.139844 0.391406 0.135937 0.020313
10 0.024219 0.321094 0.048438 0.035937
9 0.429688 0.459375 0.003125 0.256250
9 0.989844 0.433594 0.001563 0.082812
9 0.964844 0.354687 0.001563 0.093750
9 0.921094 0.339062 0.001563 0.078125
9 0.875781 0.325781 0.001563 0.070312
9 0.832031 0.305469 0.001563 0.045312
9 0.767969 0.374219 0.001563 0.045312
9 0.722656 0.357812 0.001563 0.062500
9 0.678906 0.346875 0.001563 0.071875
9 0.633594 0.327344 0.001563 0.098437
9 0.589844 0.374219 0.001563 0.045312
9 0.544531 0.357812 0.001563 0.062500
9 0.500781 0.346875 0.001563 0.071875
9 0.455469 0.327344 0.001563 0.098437
9 0.383594 0.352344 0.001563 0.098437
9 0.339844 0.359375 0.001563 0.081250
9 0.294531 0.376563 0.001563 0.050000
9 0.250781 0.367188 0.001563 0.065625
9 0.205469 0.352344 0.001563 0.098437
9 0.161719 0.359375 0.001563 0.081250
9 0.116406 0.376563 0.001563 0.050000
9 0.072656 0.367188 0.001563 0.065625
9 0.047656 0.330469 0.001563 0.045312
9 0.002344 0.340625 0.001563 0.056250
1 0.469531 0.586719 0.029687 0.017188
1 0.469531 0.642969 0.029687 0.017188
0 0.994531 0.389062 0.010937 0.018750
0 0.956250 0.404687 0.021875 0.018750
0 0.910937 0.381250 0.021875 0.018750
0 0.867188 0.364063 0.021875 0.018750
0 0.821875 0.332813 0.021875 0.018750
0 0.778125 0.348438 0.021875 0.018750
0 0.732812 0.325000 0.021875 0.018750
0 0.689063 0.307812 0.021875 0.018750
0 0.643750 0.276562 0.021875 0.018750
0 0.600000 0.348438 0.021875 0.018750
0 0.554688 0.325000 0.021875 0.018750
0 0.510938 0.307812 0.021875 0.018750
0 0.465625 0.276562 0.021875 0.018750
0 0.393750 0.300000 0.021875 0.018750
0 0.350000 0.315625 0.021875 0.018750
0 0.304688 0.348438 0.021875 0.018750
0 0.260937 0.332813 0.021875 0.018750
0 0.215625 0.300000 0.021875 0.018750
0 0.171875 0.315625 0.021875 0.018750
0 0.126562 0.348438 0.021875 0.018750
0 0.082812 0.332813 0.021875 0.018750
0 0.037500 0.356250 0.021875 0.018750
