10 0.787500 0.182031 0.425000 0.007812
10 0.256250 0.178906 0.371875 0.007812
9 0.532813 0.084375 0.003125 0.168750
9 0.983594 0.117969 0.001563 0.139063
9 0.891406 0.117969 0.001563 0.139063
9 0.760156 0.117969 0.001563 0.139063
3 0.747656 0.037500 0.014063 0.040625
9 0.667969 0.117969 0.001563 0.139063
9 0.575781 0.117969 0.001563 0.139063
3 0.563281 0.037500 0.014063 0.040625
9 0.439844 0.119531 0.001563 0.126562
9 0.347656 0.119531 0.001563 0.126562
9 0.255469 0.119531 0.001563 0.126562
9 0.163281 0.119531 0.001563 0.126562
9 0.071094 0.119531 0.001563 0.126562
15 0.007031 0.151562 0.014063 0.053125
0 0.991406 0.045312 0.017188 0.018750
0 0.991406 0.093750 0.017188 0.018750
0 0.991406 0.134375 0.017188 0.018750
0 0.901563 0.045312 0.021875 0.018750
0 0.901563 0.093750 0.021875 0.018750
0 0.901563 0.134375 0.021875 0.018750
0 0.770312 0.093750 0.021875 0.018750
0 0.770312 0.134375 0.021875 0.018750
0 0.770312 0.045312 0.021875 0.018750
0 0.678125 0.045312 0.021875 0.018750
0 0.678125 0.093750 0.021875 0.018750
0 0.678125 0.134375 0.021875 0.018750
0 0.585938 0.045312 0.021875 0.018750
0 0.585938 0.093750 0.021875 0.018750
0 0.585938 0.134375 0.021875 0.018750
0 0.450000 0.053125 0.021875 0.018750
0 0.450000 0.093750 0.021875 0.018750
0 0.450000 0.126562 0.021875 0.018750
0 0.357812 0.053125 0.021875 0.018750
0 0.357812 0.093750 0.021875 0.018750
0 0.357812 0.126562 0.021875 0.018750
0 0.265625 0.053125 0.021875 0.018750
0 0.265625 0.093750 0.021875 0.018750
0 0.265625 0.126562 0.021875 0.018750
0 0.173437 0.126562 0.021875 0.018750
0 0.173437 0.093750 0.021875 0.018750
0 0.173437 0.053125 0.021875 0.018750
0 0.081250 0.093750 0.021875 0.018750
0 0.081250 0.053125 0.021875 0.018750
0 0.081250 0.126562 0.021875 0.018750
