10 0.760938 0.455469 0.153125 0.035937
10 0.585156 0.317969 0.132812 0.045312
10 0.386719 0.396875 0.132812 0.040625
10 0.211719 0.396875 0.132812 0.040625
10 0.032813 0.402344 0.065625 0.020313
9 0.860938 0.455469 0.003125 0.248438
9 0.109375 0.455469 0.003125 0.248438
9 0.836719 0.508594 0.001563 0.101562
9 0.792969 0.482031 0.001563 0.057813
9 0.749219 0.475781 0.001563 0.054688
9 0.685156 0.430469 0.001563 0.045312
2 0.671875 0.403906 0.015625 0.045312
9 0.650781 0.370312 0.001563 0.093750
9 0.607031 0.342187 0.001563 0.053125
9 0.563281 0.334375 0.001563 0.053125
9 0.519531 0.322656 0.001563 0.045312
2 0.487500 0.347656 0.015625 0.045312
9 0.452344 0.389844 0.001563 0.045312
9 0.408594 0.362500 0.001563 0.087500
9 0.364844 0.355469 0.001563 0.089063
9 0.321094 0.344531 0.001563 0.098437
2 0.307812 0.291406 0.015625 0.045312
9 0.277344 0.389844 0.001563 0.045312
9 0.233594 0.362500 0.001563 0.087500
9 0.189844 0.355469 0.001563 0.089063
9 0.146094 0.344531 0.001563 0.098437
2 0.132812 0.291406 0.015625 0.045312
9 0.064844 0.357812 0.001563 0.109375
9 0.021094 0.365625 0.001563 0.093750
0 0.826562 0.562500 0.021875 0.018750
0 0.782813 0.514062 0.021875 0.018750
0 0.739062 0.506250 0.021875 0.018750
1 0.160156 0.586719 0.029687 0.017188
1 0.160156 0.642969 0.029687 0.017188
0 0.695312 0.404687 0.021875 0.018750
0 0.642188 0.421875 0.021875 0.018750
0 0.598437 0.373437 0.021875 0.018750
0 0.554688 0.364063 0.021875 0.018750
0 0.510938 0.348438 0.021875 0.018750
0 0.462500 0.364063 0.021875 0.018750
0 0.418750 0.315625 0.021875 0.018750
0 0.375000 0.307812 0.021875 0.018750
0 0.331250 0.292187 0.021875 0.018750
0 0.287500 0.364063 0.021875 0.018750
0 0.243750 0.315625 0.021875 0.018750
0 0.200000 0.307812 0.021875 0.018750
0 0.156250 0.292187 0.021875 0.018750
0 0.075000 0.300000 0.021875 0.018750
0 0.031250 0.315625 0.021875 0.018750
