10 0.760938 0.474219 0.153125 0.032813
10 0.593750 0.303125 0.137500 0.040625
10 0.392188 0.396875 0.143750 0.040625
10 0.206250 0.396875 0.143750 0.040625
10 0.032813 0.407031 0.065625 0.020313
9 0.860938 0.457031 0.003125 0.251563
9 0.109375 0.457031 0.003125 0.251563
9 0.836719 0.517969 0.001563 0.089063
9 0.792969 0.496875 0.001563 0.053125
2 0.759375 0.525781 0.015625 0.045312
9 0.728906 0.450000 0.001563 0.053125
9 0.685156 0.436719 0.001563 0.073438
9 0.661719 0.363281 0.001563 0.110937
9 0.617969 0.339844 0.001563 0.076563
2 0.584375 0.380469 0.015625 0.045312
9 0.569531 0.327344 0.001563 0.067187
9 0.525781 0.312500 0.001563 0.050000
9 0.463281 0.389844 0.001563 0.045312
9 0.419531 0.366406 0.001563 0.079687
2 0.406250 0.324219 0.015625 0.045312
9 0.364844 0.354687 0.001563 0.087500
9 0.321094 0.339062 0.001563 0.106250
9 0.277344 0.389844 0.001563 0.045312
9 0.233594 0.366406 0.001563 0.079687
2 0.220312 0.324219 0.015625 0.045312
9 0.178906 0.354687 0.001563 0.087500
9 0.135156 0.339062 0.001563 0.106250
9 0.064844 0.364063 0.001563 0.106250
9 0.021094 0.367969 0.001563 0.098437
0 0.826562 0.567187 0.021875 0.018750
0 0.782813 0.526563 0.021875 0.018750
1 0.149219 0.597656 0.029687 0.017188
1 0.149219 0.653906 0.029687 0.017188
0 0.739062 0.421875 0.021875 0.018750
0 0.695312 0.396875 0.021875 0.018750
0 0.651563 0.421875 0.021875 0.018750
0 0.607812 0.381250 0.021875 0.018750
0 0.560937 0.364063 0.021875 0.018750
0 0.517188 0.340625 0.021875 0.018750
0 0.473438 0.364063 0.021875 0.018750
0 0.429688 0.325000 0.021875 0.018750
0 0.375000 0.307812 0.021875 0.018750
0 0.331250 0.284375 0.021875 0.018750
0 0.287500 0.364063 0.021875 0.018750
0 0.243750 0.325000 0.021875 0.018750
0 0.189062 0.307812 0.021875 0.018750
0 0.145313 0.284375 0.021875 0.018750
0 0.075000 0.307812 0.021875 0.018750
0 0.031250 0.315625 0.021875 0.018750
