3 0.364844 0.587500 0.014063 0.040625
3 0.346094 0.554688 0.014063 0.040625
3 0.327344 0.579688 0.014063 0.040625
13 0.282031 0.567969 0.045312 0.057813
3 0.364844 0.364063 0.014063 0.040625
3 0.346094 0.331250 0.014063 0.040625
3 0.327344 0.356250 0.014063 0.040625
7 0.281250 0.366406 0.043750 0.114062
10 0.971094 0.419531 0.057813 0.007812
10 0.628906 0.419531 0.270313 0.007812
10 0.594531 0.633594 0.339062 0.007812
14 0.971094 0.437500 0.057813 0.021875
14 0.692969 0.255469 0.379688 0.057813
14 0.409375 0.282813 0.053125 0.025000
9 0.248438 0.467969 0.003125 0.273438
9 0.829688 0.467969 0.003125 0.273438
2 0.996094 0.522656 0.007812 0.045312
9 0.942969 0.578125 0.001563 0.118750
8 0.882031 0.663281 0.004687 0.004687
15 0.899219 0.598437 0.017188 0.053125
9 0.891406 0.606250 0.001563 0.068750
3 0.860156 0.635938 0.014063 0.040625
9 0.761719 0.573438 0.001563 0.128125
9 0.696094 0.573438 0.001563 0.128125
9 0.628906 0.573438 0.001563 0.128125
9 0.561719 0.573438 0.001563 0.128125
3 0.549219 0.579688 0.014063 0.040625
9 0.494531 0.573438 0.001563 0.128125
3 0.482031 0.539062 0.014063 0.040625
9 0.425781 0.573438 0.001563 0.128125
9 0.942969 0.367188 0.001563 0.112500
3 0.930469 0.364063 0.014063 0.040625
8 0.882031 0.255469 0.004687 0.004687
15 0.882031 0.378125 0.020313 0.053125
9 0.872656 0.339844 0.001563 0.123438
3 0.860156 0.300000 0.014063 0.040625
9 0.761719 0.363281 0.001563 0.120313
9 0.696094 0.359375 0.001563 0.128125
9 0.628906 0.363281 0.001563 0.120313
9 0.561719 0.367188 0.001563 0.112500
4 0.552344 0.307812 0.010937 0.043750
9 0.494531 0.363281 0.001563 0.120313
4 0.483594 0.371875 0.010937 0.043750
8 0.435156 0.288281 0.004687 0.004687
15 0.435156 0.410938 0.020313 0.053125
9 0.425781 0.372656 0.001563 0.123438
3 0.413281 0.331250 0.014063 0.040625
15 0.434375 0.467969 0.053125 0.026562
0 0.953125 0.587500 0.021875 0.018750
0 0.953125 0.556250 0.021875 0.018750
0 0.953125 0.515625 0.021875 0.018750
0 0.882812 0.645312 0.021875 0.018750
0 0.771875 0.507812 0.021875 0.018750
0 0.771875 0.556250 0.021875 0.018750
0 0.771875 0.587500 0.021875 0.018750
0 0.706250 0.507812 0.021875 0.018750
0 0.706250 0.556250 0.021875 0.018750
0 0.706250 0.587500 0.021875 0.018750
0 0.639062 0.548438 0.021875 0.018750
0 0.639062 0.587500 0.021875 0.018750
0 0.639062 0.507812 0.021875 0.018750
0 0.571875 0.587500 0.021875 0.018750
0 0.571875 0.507812 0.021875 0.018750
0 0.571875 0.548438 0.021875 0.018750
0 0.504687 0.507812 0.021875 0.018750
0 0.504687 0.587500 0.021875 0.018750
0 0.504687 0.548438 0.021875 0.018750
0 0.435937 0.507812 0.021875 0.018750
0 0.435937 0.587500 0.021875 0.018750
0 0.435937 0.548438 0.021875 0.018750
0 0.953125 0.307812 0.021875 0.018750
0 0.953125 0.332813 0.021875 0.018750
0 0.953125 0.373437 0.021875 0.018750
0 0.882812 0.276562 0.021875 0.018750
0 0.882812 0.307812 0.021875 0.018750
0 0.882812 0.348438 0.021875 0.018750
0 0.771875 0.300000 0.021875 0.018750
0 0.771875 0.340625 0.021875 0.018750
0 0.771875 0.373437 0.021875 0.018750
0 0.706250 0.292187 0.021875 0.018750
0 0.706250 0.340625 0.021875 0.018750
0 0.706250 0.373437 0.021875 0.018750
0 0.639062 0.300000 0.021875 0.018750
0 0.639062 0.340625 0.021875 0.018750
0 0.639062 0.373437 0.021875 0.018750
0 0.571875 0.307812 0.021875 0.018750
0 0.571875 0.340625 0.021875 0.018750
0 0.571875 0.373437 0.021875 0.018750
0 0.504687 0.300000 0.021875 0.018750
0 0.504687 0.340625 0.021875 0.018750
0 0.504687 0.373437 0.021875 0.018750
0 0.435937 0.307812 0.021875 0.018750
0 0.435937 0.340625 0.021875 0.018750
0 0.435937 0.381250 0.021875 0.018750
