10 0.925000 0.317969 0.128125 0.045312
10 0.732031 0.403906 0.142187 0.045312
10 0.552344 0.403906 0.142187 0.045312
10 0.339062 0.353906 0.137500 0.020313
10 0.167187 0.407031 0.131250 0.020313
10 0.038281 0.346094 0.076563 0.035937
14 0.814063 0.437500 0.306250 0.025000
14 0.202344 0.437500 0.404687 0.028125
14 0.239063 0.541406 0.478125 0.026562
14 0.239063 0.631250 0.478125 0.034375
9 0.446875 0.445312 0.003125 0.228125
9 0.988281 0.374219 0.001563 0.101562
9 0.947656 0.354687 0.001563 0.078125
3 0.916406 0.389062 0.014063 0.040625
9 0.902344 0.346875 0.001563 0.078125
2 0.868750 0.388281 0.015625 0.045312
9 0.861719 0.322656 0.001563 0.045312
3 0.830469 0.340625 0.014063 0.040625
9 0.802344 0.397656 0.001563 0.045312
9 0.763281 0.379688 0.001563 0.071875
3 0.750781 0.331250 0.014063 0.040625
9 0.716406 0.370312 0.001563 0.071875
2 0.703125 0.332031 0.015625 0.045312
9 0.661719 0.346094 0.001563 0.101562
3 0.649219 0.282813 0.014063 0.040625
9 0.622656 0.397656 0.001563 0.045312
9 0.582031 0.379688 0.001563 0.071875
3 0.569531 0.331250 0.014063 0.040625
9 0.536719 0.370312 0.001563 0.071875
2 0.523438 0.332031 0.015625 0.045312
9 0.482031 0.346094 0.001563 0.101562
3 0.469531 0.282813 0.014063 0.040625
9 0.405469 0.317188 0.001563 0.093750
9 0.366406 0.325000 0.001563 0.078125
4 0.355469 0.282813 0.010937 0.043750
9 0.324219 0.337500 0.001563 0.053125
3 0.311719 0.300000 0.014063 0.040625
9 0.271094 0.330469 0.001563 0.070312
3 0.258594 0.282813 0.014063 0.040625
9 0.230469 0.371875 0.001563 0.090625
9 0.191406 0.380469 0.001563 0.073438
4 0.180469 0.339062 0.010937 0.043750
9 0.149219 0.392188 0.001563 0.050000
3 0.136719 0.356250 0.014063 0.040625
9 0.102344 0.384375 0.001563 0.065625
3 0.089844 0.340625 0.014063 0.040625
9 0.075781 0.353906 0.001563 0.045312
9 0.035156 0.364063 0.001563 0.056250
4 0.005469 0.396875 0.010937 0.043750
1 0.496094 0.557031 0.029687 0.017188
1 0.496094 0.614844 0.029687 0.017188
0 0.979688 0.429688 0.021875 0.018750
0 0.939063 0.396875 0.021875 0.018750
0 0.892188 0.389062 0.021875 0.018750
0 0.853125 0.348438 0.021875 0.018750
0 0.812500 0.373437 0.021875 0.018750
0 0.773438 0.340625 0.021875 0.018750
0 0.726562 0.332813 0.021875 0.018750
0 0.671875 0.292187 0.021875 0.018750
0 0.632812 0.373437 0.021875 0.018750
0 0.592187 0.340625 0.021875 0.018750
0 0.546875 0.332813 0.021875 0.018750
0 0.492188 0.292187 0.021875 0.018750
0 0.415625 0.267188 0.021875 0.018750
0 0.376563 0.284375 0.021875 0.018750
0 0.334375 0.307812 0.021875 0.018750
0 0.281250 0.292187 0.021875 0.018750
0 0.240625 0.325000 0.021875 0.018750
0 0.201563 0.340625 0.021875 0.018750
0 0.159375 0.364063 0.021875 0.018750
0 0.112500 0.348438 0.021875 0.018750
0 0.065625 0.381250 0.021875 0.018750
0 0.026562 0.396875 0.021875 0.018750
