3 0.363281 0.562500 0.014063 0.040625
3 0.344531 0.531250 0.014063 0.040625
3 0.325781 0.554688 0.014063 0.040625
7 0.281250 0.564844 0.043750 0.114062
3 0.363281 0.364063 0.014063 0.040625
3 0.344531 0.331250 0.014063 0.040625
3 0.325781 0.356250 0.014063 0.040625
7 0.281250 0.366406 0.043750 0.114062
10 0.861719 0.419531 0.223438 0.007812
10 0.528906 0.398438 0.223438 0.012500
10 0.861719 0.617188 0.223438 0.025000
10 0.604688 0.510938 0.112500 0.012500
13 0.817187 0.271094 0.112500 0.023438
13 0.595313 0.264062 0.112500 0.021875
13 0.406250 0.261719 0.046875 0.026562
9 0.248438 0.464062 0.003125 0.265625
9 0.972656 0.567187 0.001563 0.115625
3 0.952344 0.523438 0.014063 0.040625
4 0.963281 0.506250 0.010937 0.043750
9 0.861719 0.555469 0.001563 0.123438
4 0.852344 0.514062 0.010937 0.043750
9 0.750781 0.547656 0.001563 0.123438
3 0.730469 0.498437 0.014063 0.040625
4 0.741406 0.482812 0.010937 0.043750
4 0.741406 0.554688 0.010937 0.043750
9 0.660156 0.564844 0.001563 0.104688
9 0.549219 0.566406 0.001563 0.117188
3 0.508594 0.571875 0.014063 0.040625
4 0.517969 0.554688 0.010937 0.043750
4 0.517969 0.628125 0.010937 0.043750
14 0.444531 0.548438 0.017188 0.053125
9 0.436719 0.557813 0.001563 0.068750
12 0.690625 0.554688 0.031250 0.037500
9 0.972656 0.359375 0.001563 0.128125
4 0.963281 0.290625 0.010937 0.043750
9 0.861719 0.363281 0.001563 0.120313
3 0.835156 0.307812 0.014063 0.040625
4 0.852344 0.300000 0.010937 0.043750
3 0.849219 0.364063 0.014063 0.040625
9 0.750781 0.359375 0.001563 0.128125
4 0.728906 0.323437 0.010937 0.043750
3 0.738281 0.282813 0.014063 0.040625
9 0.639844 0.348438 0.001563 0.106250
9 0.528906 0.342187 0.001563 0.112500
3 0.516406 0.315625 0.014063 0.040625
8 0.427344 0.263281 0.004687 0.004687
9 0.417969 0.340625 0.001563 0.109375
0 0.982812 0.507812 0.021875 0.018750
0 0.982812 0.531250 0.021875 0.018750
0 0.982812 0.546875 0.021875 0.018750
0 0.982812 0.579688 0.021875 0.018750
0 0.871875 0.490625 0.021875 0.018750
0 0.871875 0.515625 0.021875 0.018750
0 0.871875 0.546875 0.021875 0.018750
0 0.760938 0.482812 0.021875 0.018750
0 0.760938 0.507812 0.021875 0.018750
0 0.760938 0.556250 0.021875 0.018750
0 0.650000 0.564063 0.021875 0.018750
0 0.650000 0.587500 0.021875 0.018750
0 0.650000 0.620313 0.021875 0.018750
0 0.539062 0.556250 0.021875 0.018750
0 0.539062 0.579688 0.021875 0.018750
0 0.539062 0.628125 0.021875 0.018750
0 0.428125 0.579688 0.021875 0.018750
0 0.428125 0.595313 0.021875 0.018750
0 0.982812 0.292187 0.021875 0.018750
0 0.982812 0.332813 0.021875 0.018750
0 0.982812 0.373437 0.021875 0.018750
0 0.871875 0.300000 0.021875 0.018750
0 0.871875 0.315625 0.021875 0.018750
0 0.871875 0.373437 0.021875 0.018750
0 0.760938 0.292187 0.021875 0.018750
0 0.760938 0.325000 0.021875 0.018750
0 0.760938 0.364063 0.021875 0.018750
0 0.650000 0.292187 0.021875 0.018750
0 0.650000 0.332813 0.021875 0.018750
0 0.650000 0.348438 0.021875 0.018750
0 0.539062 0.340625 0.021875 0.018750
0 0.539062 0.325000 0.021875 0.018750
0 0.539062 0.284375 0.021875 0.018750
0 0.428125 0.340625 0.021875 0.018750
0 0.428125 0.284375 0.021875 0.018750
0 0.428125 0.325000 0.021875 0.018750
