15 0.298438 0.364063 0.018750 0.025000
14 0.350781 0.370312 0.070312 0.012500
14 0.246875 0.370312 0.065625 0.012500
10 0.660156 0.419531 0.270313 0.007812
10 0.286719 0.419531 0.145313 0.007812
10 0.078906 0.419531 0.139063 0.007812
10 0.625781 0.633594 0.339062 0.007812
10 0.169531 0.633594 0.320312 0.007812
14 0.285938 0.437500 0.143750 0.021875
14 0.077344 0.437500 0.135937 0.021875
14 0.694531 0.264844 0.317188 0.035937
14 0.244531 0.267969 0.448437 0.045312
9 0.860938 0.467969 0.003125 0.273438
9 0.414062 0.467969 0.003125 0.273438
9 0.794531 0.573438 0.001563 0.128125
9 0.727344 0.573438 0.001563 0.128125
9 0.661719 0.573438 0.001563 0.128125
9 0.594531 0.573438 0.001563 0.128125
3 0.582031 0.579688 0.014063 0.040625
9 0.525781 0.573438 0.001563 0.128125
3 0.513281 0.539062 0.014063 0.040625
9 0.457031 0.573438 0.001563 0.128125
9 0.328906 0.569531 0.001563 0.135937
9 0.214844 0.573438 0.001563 0.128125
3 0.202344 0.498437 0.014063 0.040625
9 0.147656 0.578125 0.001563 0.118750
9 0.080469 0.582031 0.001563 0.110937
2 0.067187 0.522656 0.015625 0.045312
9 0.010156 0.578125 0.001563 0.118750
9 0.794531 0.363281 0.001563 0.120313
9 0.727344 0.359375 0.001563 0.128125
9 0.661719 0.363281 0.001563 0.120313
9 0.594531 0.367188 0.001563 0.112500
4 0.585156 0.307812 0.010937 0.043750
9 0.525781 0.363281 0.001563 0.120313
4 0.516406 0.300000 0.010937 0.043750
4 0.516406 0.371875 0.010937 0.043750
8 0.467969 0.288281 0.004687 0.004687
15 0.466406 0.410938 0.020313 0.053125
9 0.457031 0.372656 0.001563 0.123438
3 0.444531 0.331250 0.014063 0.040625
9 0.360156 0.367188 0.001563 0.112500
9 0.297656 0.367188 0.001563 0.112500
9 0.214844 0.367188 0.001563 0.112500
4 0.205469 0.323437 0.010937 0.043750
9 0.147656 0.367188 0.001563 0.112500
9 0.080469 0.367188 0.001563 0.112500
4 0.069531 0.339062 0.010937 0.043750
9 0.010156 0.367188 0.001563 0.112500
3 0.002344 0.364063 0.004687 0.040625
15 0.466406 0.467969 0.029687 0.026562
0 0.804688 0.507812 0.021875 0.018750
0 0.804688 0.556250 0.021875 0.018750
0 0.804688 0.587500 0.021875 0.018750
0 0.737500 0.507812 0.021875 0.018750
0 0.737500 0.556250 0.021875 0.018750
0 0.737500 0.587500 0.021875 0.018750
0 0.671875 0.507812 0.021875 0.018750
0 0.671875 0.548438 0.021875 0.018750
0 0.671875 0.587500 0.021875 0.018750
0 0.604688 0.507812 0.021875 0.018750
0 0.604688 0.548438 0.021875 0.018750
0 0.604688 0.587500 0.021875 0.018750
0 0.535937 0.507812 0.021875 0.018750
0 0.535937 0.548438 0.021875 0.018750
0 0.535937 0.587500 0.021875 0.018750
0 0.467187 0.507812 0.021875 0.018750
0 0.467187 0.548438 0.021875 0.018750
0 0.467187 0.587500 0.021875 0.018750
0 0.339062 0.500000 0.021875 0.018750
0 0.339062 0.587500 0.021875 0.018750
0 0.339062 0.556250 0.021875 0.018750
0 0.225000 0.587500 0.021875 0.018750
0 0.225000 0.507812 0.021875 0.018750
0 0.225000 0.556250 0.021875 0.018750
0 0.157812 0.515625 0.021875 0.018750
0 0.157812 0.556250 0.021875 0.018750
0 0.157812 0.587500 0.021875 0.018750
0 0.090625 0.523438 0.021875 0.018750
0 0.090625 0.587500 0.021875 0.018750
0 0.090625 0.556250 0.021875 0.018750
0 0.020313 0.587500 0.021875 0.018750
0 0.020313 0.556250 0.021875 0.018750
0 0.020313 0.515625 0.021875 0.018750
0 0.804688 0.300000 0.021875 0.018750
0 0.804688 0.340625 0.021875 0.018750
0 0.804688 0.373437 0.021875 0.018750
0 0.737500 0.292187 0.021875 0.018750
0 0.737500 0.340625 0.021875 0.018750
0 0.737500 0.373437 0.021875 0.018750
0 0.671875 0.373437 0.021875 0.018750
0 0.671875 0.300000 0.021875 0.018750
0 0.671875 0.340625 0.021875 0.018750
0 0.604688 0.307812 0.021875 0.018750
0 0.604688 0.340625 0.021875 0.018750
0 0.604688 0.373437 0.021875 0.018750
0 0.535937 0.300000 0.021875 0.018750
0 0.535937 0.340625 0.021875 0.018750
0 0.535937 0.373437 0.021875 0.018750
0 0.467187 0.307812 0.021875 0.018750
0 0.467187 0.340625 0.021875 0.018750
0 0.467187 0.381250 0.021875 0.018750
0 0.370312 0.307812 0.021875 0.018750
0 0.370312 0.348438 0.021875 0.018750
0 0.370312 0.373437 0.021875 0.018750
0 0.307812 0.307812 0.021875 0.018750
0 0.307812 0.373437 0.021875 0.018750
0 0.287500 0.315625 0.021875 0.018750
0 0.225000 0.307812 0.021875 0.018750
0 0.225000 0.325000 0.021875 0.018750
0 0.225000 0.373437 0.021875 0.018750
0 0.157812 0.307812 0.021875 0.018750
0 0.157812 0.332813 0.021875 0.018750
0 0.157812 0.373437 0.021875 0.018750
0 0.090625 0.307812 0.021875 0.018750
0 0.090625 0.340625 0.021875 0.018750
0 0.090625 0.373437 0.021875 0.018750
0 0.020313 0.307812 0.021875 0.018750
0 0.020313 0.332813 0.021875 0.018750
0 0.020313 0.373437 0.021875 0.018750
