13 0.282031 0.521094 0.045312 0.057813
7 0.281250 0.366406 0.043750 0.114062
10 0.947656 0.353906 0.104688 0.020313
10 0.792188 0.407031 0.131250 0.020313
10 0.632812 0.346094 0.137500 0.035937
10 0.484375 0.464062 0.084375 0.040625
14 0.772656 0.437500 0.454688 0.028125
14 0.686719 0.541406 0.626563 0.026562
14 0.686719 0.631250 0.626563 0.034375
9 0.248438 0.445312 0.003125 0.228125
9 0.525781 0.473438 0.001563 0.050000
9 0.485156 0.485938 0.001563 0.056250
4 0.455469 0.517188 0.010937 0.043750
9 0.442969 0.503906 0.001563 0.070312
3 0.411719 0.534375 0.014063 0.040625
9 0.991406 0.325000 0.001563 0.078125
4 0.980469 0.282813 0.010937 0.043750
9 0.949219 0.337500 0.001563 0.053125
3 0.936719 0.300000 0.014063 0.040625
9 0.896094 0.330469 0.001563 0.070312
3 0.883594 0.282813 0.014063 0.040625
9 0.855469 0.371875 0.001563 0.090625
9 0.816406 0.380469 0.001563 0.073438
4 0.805469 0.339062 0.010937 0.043750
9 0.774219 0.392188 0.001563 0.050000
3 0.761719 0.356250 0.014063 0.040625
9 0.727344 0.384375 0.001563 0.065625
3 0.714844 0.340625 0.014063 0.040625
9 0.700781 0.353906 0.001563 0.045312
9 0.660156 0.364063 0.001563 0.056250
4 0.630469 0.396875 0.010937 0.043750
9 0.611719 0.379688 0.001563 0.075000
3 0.580469 0.412500 0.014063 0.040625
9 0.564844 0.375000 0.001563 0.053125
3 0.533594 0.396875 0.014063 0.040625
0 0.515625 0.501563 0.021875 0.018750
0 0.476562 0.518750 0.021875 0.018750
0 0.434375 0.542188 0.021875 0.018750
1 0.355469 0.557031 0.029687 0.017188
1 0.355469 0.614844 0.029687 0.017188
0 0.995313 0.284375 0.009375 0.018750
0 0.959375 0.307812 0.021875 0.018750
0 0.906250 0.292187 0.021875 0.018750
0 0.865625 0.325000 0.021875 0.018750
0 0.826562 0.340625 0.021875 0.018750
0 0.784375 0.364063 0.021875 0.018750
0 0.737500 0.348438 0.021875 0.018750
0 0.690625 0.381250 0.021875 0.018750
0 0.651563 0.396875 0.021875 0.018750
0 0.603125 0.421875 0.021875 0.018750
0 0.556250 0.404687 0.021875 0.018750
