13 0.282031 0.533594 0.045312 0.057813
7 0.281250 0.366406 0.043750 0.114062
10 0.936719 0.407031 0.126562 0.020313
10 0.764844 0.407031 0.135937 0.020313
10 0.608594 0.331250 0.135937 0.040625
10 0.454688 0.466406 0.090625 0.045312
14 0.681250 0.639062 0.637500 0.034375
9 0.248438 0.451562 0.003125 0.240625
9 0.499219 0.475781 0.001563 0.054688
3 0.466406 0.496875 0.014063 0.040625
9 0.452344 0.489844 0.001563 0.057813
9 0.410156 0.510938 0.001563 0.078125
3 0.378906 0.545312 0.014063 0.040625
3 0.336719 0.601562 0.014063 0.040625
3 0.994531 0.307812 0.010937 0.040625
9 0.961719 0.375000 0.001563 0.081250
9 0.919531 0.392188 0.001563 0.050000
3 0.907031 0.356250 0.014063 0.040625
9 0.874219 0.384375 0.001563 0.065625
9 0.832031 0.367969 0.001563 0.098437
3 0.819531 0.307812 0.014063 0.040625
9 0.785156 0.375000 0.001563 0.081250
9 0.742969 0.392188 0.001563 0.050000
3 0.730469 0.356250 0.014063 0.040625
9 0.697656 0.384375 0.001563 0.065625
9 0.675781 0.342187 0.001563 0.053125
3 0.642969 0.364063 0.014063 0.040625
9 0.628906 0.353125 0.001563 0.062500
9 0.586719 0.372656 0.001563 0.089063
3 0.555469 0.412500 0.014063 0.040625
9 0.541406 0.368750 0.001563 0.065625
0 0.489063 0.506250 0.021875 0.018750
0 0.443750 0.521875 0.021875 0.018750
0 0.401562 0.554688 0.021875 0.018750
1 0.363281 0.610156 0.029687 0.017188
0 0.971875 0.332813 0.021875 0.018750
0 0.929688 0.364063 0.021875 0.018750
0 0.884375 0.348438 0.021875 0.018750
0 0.842187 0.315625 0.021875 0.018750
0 0.795312 0.332813 0.021875 0.018750
0 0.753125 0.364063 0.021875 0.018750
0 0.707812 0.348438 0.021875 0.018750
0 0.665625 0.373437 0.021875 0.018750
0 0.618750 0.389062 0.021875 0.018750
0 0.578125 0.421875 0.021875 0.018750
0 0.531250 0.404687 0.021875 0.018750
