10 0.760938 0.467969 0.153125 0.035937
10 0.595313 0.303125 0.134375 0.040625
10 0.400000 0.388281 0.134375 0.048438
10 0.223438 0.388281 0.134375 0.048438
10 0.043750 0.391406 0.087500 0.020313
9 0.860938 0.455469 0.003125 0.248438
9 0.131250 0.455469 0.003125 0.248438
9 0.836719 0.509375 0.001563 0.081250
9 0.792969 0.491406 0.001563 0.054688
9 0.728906 0.442969 0.001563 0.054688
9 0.685156 0.432812 0.001563 0.065625
9 0.660156 0.358594 0.001563 0.101562
9 0.616406 0.339844 0.001563 0.076563
9 0.572656 0.323437 0.001563 0.059375
9 0.528906 0.312500 0.001563 0.050000
9 0.464844 0.384375 0.001563 0.050000
9 0.421094 0.363281 0.001563 0.073438
9 0.377344 0.346875 0.001563 0.087500
9 0.333594 0.332813 0.001563 0.093750
9 0.289844 0.384375 0.001563 0.050000
9 0.244531 0.363281 0.001563 0.073438
9 0.200781 0.346875 0.001563 0.087500
9 0.157031 0.332813 0.001563 0.093750
9 0.085156 0.348438 0.001563 0.106250
9 0.041406 0.363281 0.001563 0.073438
0 0.826562 0.554688 0.021875 0.018750
0 0.782813 0.521875 0.021875 0.018750
1 0.171094 0.553906 0.029687 0.017188
1 0.171094 0.610156 0.029687 0.017188
0 0.739062 0.412500 0.021875 0.018750
0 0.695312 0.396875 0.021875 0.018750
0 0.651563 0.412500 0.021875 0.018750
0 0.607812 0.381250 0.021875 0.018750
0 0.562500 0.356250 0.021875 0.018750
0 0.518750 0.340625 0.021875 0.018750
0 0.475000 0.356250 0.021875 0.018750
0 0.431250 0.325000 0.021875 0.018750
0 0.387500 0.300000 0.021875 0.018750
0 0.343750 0.284375 0.021875 0.018750
0 0.300000 0.356250 0.021875 0.018750
0 0.254688 0.325000 0.021875 0.018750
0 0.210938 0.300000 0.021875 0.018750
0 0.167187 0.284375 0.021875 0.018750
0 0.095312 0.292187 0.021875 0.018750
0 0.051562 0.325000 0.021875 0.018750
0 0.009375 0.348438 0.018750 0.018750
