13 0.282031 0.541406 0.045312 0.057813
7 0.281250 0.366406 0.043750 0.114062
10 0.939063 0.402344 0.121875 0.020313
10 0.770312 0.402344 0.131250 0.020313
10 0.617188 0.321094 0.131250 0.035937
10 0.466406 0.466406 0.089063 0.045312
14 0.686719 0.553125 0.626563 0.034375
14 0.686719 0.646875 0.626563 0.034375
9 0.248438 0.455469 0.003125 0.248438
9 0.508594 0.471875 0.001563 0.046875
9 0.464844 0.493750 0.001563 0.065625
9 0.422656 0.510938 0.001563 0.078125
9 0.964844 0.373437 0.001563 0.078125
9 0.922656 0.385937 0.001563 0.053125
9 0.878906 0.373437 0.001563 0.078125
9 0.835156 0.357812 0.001563 0.109375
9 0.792969 0.373437 0.001563 0.078125
9 0.749219 0.385937 0.001563 0.053125
9 0.705469 0.373437 0.001563 0.078125
9 0.682031 0.330469 0.001563 0.045312
9 0.638281 0.348438 0.001563 0.071875
9 0.596094 0.364063 0.001563 0.090625
9 0.552344 0.353906 0.001563 0.060937
0 0.500000 0.498437 0.021875 0.018750
0 0.456250 0.529687 0.021875 0.018750
0 0.412500 0.554688 0.021875 0.018750
1 0.355469 0.569531 0.029687 0.017188
1 0.355469 0.625781 0.029687 0.017188
0 0.975000 0.332813 0.021875 0.018750
0 0.932813 0.356250 0.021875 0.018750
0 0.889062 0.332813 0.021875 0.018750
0 0.845313 0.300000 0.021875 0.018750
0 0.803125 0.332813 0.021875 0.018750
0 0.759375 0.356250 0.021875 0.018750
0 0.715625 0.332813 0.021875 0.018750
0 0.673438 0.356250 0.021875 0.018750
0 0.629687 0.389062 0.021875 0.018750
0 0.585938 0.412500 0.021875 0.018750
0 0.542188 0.389062 0.021875 0.018750
