7 0.281250 0.025000 0.043750 0.050000
4 0.989844 0.054688 0.010937 0.043750
2 0.995313 0.018750 0.009375 0.037500
9 0.953906 0.021875 0.001563 0.043750
8 0.872656 0.042969 0.004687 0.004687
9 0.797656 0.021875 0.001563 0.043750
3 0.764844 0.039062 0.014063 0.040625
9 0.728906 0.034375 0.001563 0.068750
3 0.688281 0.017188 0.014063 0.034375
4 0.699219 0.010156 0.010937 0.020313
9 0.652344 0.017969 0.001563 0.035937
4 0.608594 0.021875 0.010937 0.043750
4 0.622656 0.039062 0.010937 0.043750
9 0.572656 0.029687 0.001563 0.059375
9 0.508594 0.025781 0.001563 0.051562
3 0.475781 0.046875 0.014063 0.040625
8 0.421094 0.042969 0.004687 0.004687
0 0.945312 0.007812 0.021875 0.015625
0 0.945312 0.046875 0.021875 0.018750
0 0.873437 0.007812 0.021875 0.015625
0 0.873437 0.023438 0.021875 0.018750
0 0.787500 0.003906 0.021875 0.007812
0 0.787500 0.015625 0.021875 0.018750
0 0.787500 0.046875 0.021875 0.018750
0 0.720313 0.003906 0.021875 0.007812
0 0.720313 0.023438 0.021875 0.018750
0 0.720313 0.039062 0.021875 0.018750
0 0.720313 0.071875 0.021875 0.018750
0 0.642188 0.023438 0.021875 0.018750
0 0.642188 0.039062 0.021875 0.018750
0 0.564063 0.064062 0.021875 0.018750
0 0.564063 0.015625 0.021875 0.018750
0 0.564063 0.031250 0.021875 0.018750
0 0.498437 0.054688 0.021875 0.018750
0 0.498437 0.023438 0.021875 0.018750
0 0.421875 0.007812 0.021875 0.015625
0 0.421875 0.023438 0.021875 0.018750
