10 0.769531 0.478906 0.135937 0.045312
10 0.580469 0.469531 0.154688 0.032813
10 0.392969 0.425000 0.135937 0.040625
10 0.214844 0.364063 0.135937 0.040625
10 0.039062 0.371094 0.078125 0.020313
14 0.860938 0.453125 0.003125 0.243750
14 0.121875 0.453125 0.003125 0.243750
9 0.835156 0.531250 0.001563 0.093750
9 0.791406 0.511719 0.001563 0.070312
9 0.746094 0.500000 0.001563 0.062500
9 0.702344 0.483594 0.001563 0.045312
9 0.657031 0.495312 0.001563 0.053125
9 0.592969 0.446094 0.001563 0.060937
9 0.549219 0.436719 0.001563 0.073438
9 0.503906 0.417969 0.001563 0.101562
9 0.460156 0.417187 0.001563 0.050000
9 0.414844 0.396875 0.001563 0.075000
9 0.371094 0.385937 0.001563 0.084375
9 0.325781 0.366406 0.001563 0.110937
9 0.282031 0.357031 0.001563 0.045312
9 0.236719 0.339062 0.001563 0.071875
9 0.192969 0.326562 0.001563 0.081250
9 0.147656 0.307812 0.001563 0.106250
9 0.075781 0.332813 0.001563 0.093750
9 0.032031 0.342187 0.001563 0.078125
0 0.826562 0.582812 0.021875 0.018750
0 0.781250 0.550000 0.021875 0.018750
0 0.737500 0.534375 0.021875 0.018750
0 0.692187 0.509375 0.021875 0.018750
0 0.648438 0.526563 0.021875 0.018750
1 0.161719 0.582031 0.029687 0.017188
1 0.161719 0.638281 0.029687 0.017188
0 0.603125 0.412500 0.021875 0.018750
0 0.559375 0.396875 0.021875 0.018750
0 0.514062 0.364063 0.021875 0.018750
0 0.470313 0.389062 0.021875 0.018750
0 0.425000 0.356250 0.021875 0.018750
0 0.381250 0.340625 0.021875 0.018750
0 0.335938 0.307812 0.021875 0.018750
0 0.292187 0.332813 0.021875 0.018750
0 0.246875 0.300000 0.021875 0.018750
0 0.203125 0.284375 0.021875 0.018750
0 0.157812 0.251563 0.021875 0.018750
0 0.085938 0.284375 0.021875 0.018750
0 0.042188 0.300000 0.021875 0.018750
0 0.003906 0.325000 0.007812 0.018750
