10 0.121875 0.082031 0.162500 0.007812
10 0.814844 0.272656 0.054688 0.007812
10 0.333594 0.232813 0.160938 0.025000
10 0.121875 0.239063 0.162500 0.015625
14 0.614844 0.296875 0.092188 0.021875
14 0.614844 0.134375 0.092188 0.021875
14 0.941406 0.247656 0.076563 0.010937
14 0.767969 0.192188 0.167187 0.021875
14 0.741406 0.206250 0.114062 0.012500
14 0.238281 0.013281 0.054688 0.010937
9 0.751563 0.128906 0.003125 0.257812
9 0.467187 0.128906 0.003125 0.257812
9 0.014063 0.128906 0.003125 0.257812
9 0.988281 0.204687 0.001563 0.050000
9 0.913281 0.204687 0.001563 0.050000
9 0.839844 0.251563 0.001563 0.050000
3 0.828906 0.215625 0.014063 0.040625
9 0.788281 0.251563 0.001563 0.050000
9 0.674219 0.250000 0.001563 0.046875
9 0.569531 0.236719 0.001563 0.051562
9 0.494531 0.220312 0.001563 0.053125
9 0.413281 0.212500 0.001563 0.053125
3 0.400781 0.175000 0.014063 0.040625
9 0.360156 0.210156 0.001563 0.048438
9 0.307031 0.203906 0.001563 0.051562
4 0.297656 0.175000 0.010937 0.043750
9 0.253906 0.196875 0.001563 0.053125
9 0.200781 0.207031 0.001563 0.057813
2 0.187500 0.175781 0.015625 0.045312
9 0.147656 0.208594 0.001563 0.060937
9 0.094531 0.213281 0.001563 0.054688
9 0.041406 0.218750 0.001563 0.050000
15 0.683594 0.299219 0.029687 0.026562
15 0.049219 0.294531 0.032813 0.039062
9 0.892969 0.075781 0.001563 0.051562
9 0.788281 0.067187 0.001563 0.053125
2 0.775000 0.038281 0.015625 0.045312
9 0.674219 0.067187 0.001563 0.053125
2 0.662500 0.038281 0.015625 0.045312
9 0.569531 0.082812 0.001563 0.050000
9 0.494531 0.089063 0.001563 0.046875
15 0.422656 0.084375 0.020313 0.053125
9 0.413281 0.083594 0.001563 0.051562
4 0.402344 0.053125 0.010937 0.043750
9 0.307031 0.067187 0.001563 0.053125
4 0.297656 0.037500 0.010937 0.043750
15 0.263281 0.060937 0.020313 0.053125
9 0.253906 0.058594 0.001563 0.051562
9 0.200781 0.059375 0.001563 0.053125
9 0.147656 0.063281 0.001563 0.045312
2 0.134375 0.038281 0.015625 0.045312
9 0.094531 0.063281 0.001563 0.045312
9 0.041406 0.059375 0.001563 0.053125
15 0.683594 0.138281 0.029687 0.026562
15 0.049219 0.133594 0.032813 0.039062
0 0.978125 0.232813 0.021875 0.018750
0 0.903125 0.232813 0.021875 0.018750
0 0.850000 0.223438 0.021875 0.018750
0 0.798438 0.223438 0.021875 0.018750
0 0.684375 0.223438 0.021875 0.018750
1 0.579688 0.207813 0.021875 0.018750
0 0.504687 0.192188 0.021875 0.018750
0 0.423438 0.184375 0.021875 0.018750
0 0.370312 0.184375 0.021875 0.018750
0 0.317188 0.175000 0.021875 0.018750
0 0.264062 0.167187 0.021875 0.018750
0 0.210938 0.175000 0.021875 0.018750
0 0.157812 0.175000 0.021875 0.018750
0 0.104688 0.184375 0.021875 0.018750
0 0.051562 0.192188 0.021875 0.018750
1 0.903125 0.046875 0.021875 0.018750
0 0.798438 0.039062 0.021875 0.018750
0 0.684375 0.039062 0.021875 0.018750
1 0.579688 0.054688 0.021875 0.018750
0 0.504687 0.062500 0.021875 0.018750
0 0.423438 0.054688 0.021875 0.018750
0 0.317188 0.039062 0.021875 0.018750
0 0.264062 0.029687 0.021875 0.018750
0 0.210938 0.029687 0.021875 0.018750
0 0.157812 0.039062 0.021875 0.018750
0 0.104688 0.039062 0.021875 0.018750
0 0.051562 0.029687 0.021875 0.018750
