10 0.951562 0.746875 0.096875 0.028125
10 0.737500 0.746875 0.200000 0.028125
10 0.384375 0.757031 0.200000 0.032813
10 0.120313 0.757031 0.200000 0.032813
10 0.951562 0.553906 0.096875 0.007812
10 0.804688 0.560937 0.068750 0.012500
10 0.404687 0.472656 0.200000 0.007812
10 0.139063 0.472656 0.200000 0.007812
14 0.824219 0.653906 0.351562 0.054688
14 0.247656 0.657813 0.495312 0.062500
14 0.832812 0.490625 0.334375 0.065625
14 0.247656 0.580469 0.495312 0.060937
14 0.214844 0.293750 0.429688 0.059375
9 0.557031 0.617188 0.014063 0.571875
3 0.625781 0.860938 0.014063 0.040625
9 0.305469 0.850000 0.001563 0.050000
15 0.582812 0.886719 0.028125 0.032813
15 0.582812 0.853906 0.028125 0.032813
9 0.969531 0.726562 0.001563 0.046875
9 0.903906 0.733594 0.001563 0.045312
9 0.836719 0.708594 0.001563 0.057813
3 0.824219 0.667188 0.014063 0.040625
9 0.771094 0.703125 0.001563 0.081250
3 0.758594 0.651563 0.014063 0.040625
9 0.705469 0.726562 0.001563 0.046875
3 0.692969 0.692187 0.014063 0.040625
9 0.638281 0.733594 0.001563 0.045312
9 0.485156 0.716406 0.001563 0.057813
9 0.417969 0.712500 0.001563 0.081250
9 0.352344 0.728125 0.001563 0.065625
9 0.285156 0.749219 0.001563 0.042188
9 0.219531 0.716406 0.001563 0.057813
9 0.153906 0.712500 0.001563 0.081250
9 0.086719 0.728125 0.001563 0.065625
9 0.021094 0.749219 0.001563 0.042188
15 0.582812 0.724219 0.028125 0.032813
15 0.582812 0.692969 0.028125 0.032813
9 0.969531 0.531250 0.001563 0.053125
9 0.903906 0.527344 0.001563 0.060937
4 0.892969 0.493750 0.010937 0.043750
9 0.836719 0.531250 0.001563 0.053125
3 0.824219 0.493750 0.014063 0.040625
9 0.771094 0.537500 0.001563 0.050000
3 0.758594 0.501563 0.014063 0.040625
9 0.658594 0.513281 0.001563 0.051562
9 0.503906 0.499219 0.001563 0.060937
9 0.438281 0.491406 0.001563 0.045312
9 0.371094 0.507812 0.001563 0.078125
2 0.339062 0.549219 0.015625 0.045312
9 0.305469 0.507812 0.001563 0.078125
4 0.275781 0.550000 0.010937 0.043750
9 0.239844 0.499219 0.001563 0.060937
9 0.172656 0.491406 0.001563 0.045312
9 0.107031 0.507812 0.001563 0.078125
2 0.073438 0.549219 0.015625 0.045312
9 0.039844 0.507812 0.001563 0.078125
4 0.010156 0.550000 0.010937 0.043750
15 0.582812 0.542969 0.028125 0.032813
15 0.582812 0.510156 0.028125 0.032813
3 0.625781 0.300000 0.014063 0.040625
9 0.417969 0.353125 0.001563 0.053125
3 0.405469 0.315625 0.014063 0.040625
9 0.285156 0.345313 0.001563 0.053125
3 0.272656 0.307812 0.014063 0.040625
9 0.021094 0.362500 0.001563 0.053125
15 0.582812 0.380469 0.028125 0.032813
15 0.582812 0.347656 0.028125 0.032813
1 0.652344 0.869531 0.029687 0.017188
1 0.295312 0.878125 0.021875 0.018750
0 0.979688 0.700000 0.021875 0.018750
0 0.914062 0.709375 0.021875 0.018750
0 0.846875 0.676562 0.021875 0.018750
0 0.781250 0.660937 0.021875 0.018750
0 0.715625 0.700000 0.021875 0.018750
0 0.648438 0.709375 0.021875 0.018750
0 0.495312 0.684375 0.021875 0.018750
0 0.428125 0.668750 0.021875 0.018750
0 0.362500 0.692187 0.021875 0.018750
0 0.295312 0.725000 0.021875 0.018750
0 0.229687 0.684375 0.021875 0.018750
0 0.164062 0.668750 0.021875 0.018750
0 0.096875 0.692187 0.021875 0.018750
0 0.031250 0.725000 0.021875 0.018750
0 0.979688 0.501563 0.021875 0.018750
0 0.914062 0.493750 0.021875 0.018750
0 0.846875 0.501563 0.021875 0.018750
0 0.781250 0.509375 0.021875 0.018750
0 0.648438 0.542188 0.021875 0.018750
0 0.495312 0.534375 0.021875 0.018750
0 0.428125 0.518750 0.021875 0.018750
0 0.362500 0.550000 0.021875 0.018750
0 0.295312 0.550000 0.021875 0.018750
0 0.229687 0.534375 0.021875 0.018750
0 0.164062 0.518750 0.021875 0.018750
0 0.096875 0.550000 0.021875 0.018750
0 0.031250 0.550000 0.021875 0.018750
1 0.652344 0.307031 0.029687 0.017188
0 0.428125 0.325000 0.021875 0.018750
0 0.295312 0.315625 0.021875 0.018750
1 0.031250 0.332813 0.021875 0.018750
