10 0.303906 0.753125 0.054688 0.012500
14 0.192969 0.944531 0.273438 0.023438
14 0.192969 0.783594 0.273438 0.023438
14 0.167187 0.599219 0.221875 0.023438
14 0.167187 0.436719 0.221875 0.023438
14 0.839063 0.851562 0.228125 0.018750
14 0.665625 0.854688 0.115625 0.012500
14 0.782813 0.672656 0.128125 0.026562
14 0.314063 0.675781 0.053125 0.020313
14 0.033594 0.659375 0.067187 0.015625
14 0.107031 0.650781 0.214062 0.070312
14 0.782813 0.479687 0.128125 0.018750
14 0.467187 0.560937 0.075000 0.021875
14 0.139844 0.489844 0.148438 0.032813
14 0.782813 0.299219 0.128125 0.023438
14 0.107031 0.271094 0.214062 0.073438
14 0.033594 0.282813 0.067187 0.012500
9 0.910937 0.618750 0.003125 0.575000
9 0.671875 0.618750 0.003125 0.575000
9 0.382812 0.618750 0.003125 0.575000
9 0.021875 0.618750 0.003125 0.575000
9 0.597656 0.898438 0.001563 0.046875
9 0.419531 0.853125 0.001563 0.053125
9 0.277344 0.885156 0.001563 0.051562
9 0.203906 0.892188 0.001563 0.050000
9 0.057031 0.878125 0.001563 0.087500
15 0.607031 0.949219 0.029687 0.026562
9 0.958594 0.692187 0.001563 0.050000
9 0.836719 0.731250 0.001563 0.050000
2 0.823438 0.702344 0.015625 0.045312
9 0.708594 0.724219 0.001563 0.051562
9 0.597656 0.715625 0.001563 0.053125
4 0.588281 0.685937 0.010937 0.043750
9 0.419531 0.715625 0.001563 0.053125
2 0.406250 0.686719 0.015625 0.045312
9 0.330469 0.725000 0.001563 0.053125
9 0.277344 0.731250 0.001563 0.050000
2 0.264062 0.702344 0.015625 0.045312
9 0.203906 0.731250 0.001563 0.050000
9 0.057031 0.707812 0.001563 0.053125
15 0.607031 0.786719 0.029687 0.026562
9 0.958594 0.514062 0.001563 0.065625
9 0.836719 0.545312 0.001563 0.050000
4 0.827344 0.517188 0.010937 0.043750
9 0.708594 0.545312 0.001563 0.050000
2 0.696875 0.517969 0.015625 0.045312
9 0.617969 0.513281 0.001563 0.051562
9 0.513281 0.506250 0.001563 0.050000
9 0.439844 0.513281 0.001563 0.051562
2 0.406250 0.541406 0.015625 0.045312
9 0.297656 0.513281 0.001563 0.051562
9 0.203906 0.551562 0.001563 0.046875
9 0.130469 0.538281 0.001563 0.051562
9 0.057031 0.531250 0.001563 0.053125
3 0.044531 0.493750 0.014063 0.040625
15 0.607031 0.602344 0.029687 0.026562
9 0.938281 0.377344 0.001563 0.051562
9 0.836719 0.377344 0.001563 0.085938
2 0.823438 0.332031 0.015625 0.045312
9 0.708594 0.370312 0.001563 0.087500
3 0.696094 0.356250 0.014063 0.040625
9 0.597656 0.379688 0.001563 0.071875
9 0.419531 0.377344 0.001563 0.051562
9 0.277344 0.390625 0.001563 0.046875
9 0.203906 0.353125 0.001563 0.053125
9 0.130469 0.337500 0.001563 0.053125
9 0.057031 0.333594 0.001563 0.060937
15 0.607031 0.439844 0.029687 0.026562
1 0.952344 0.872656 0.029687 0.017188
1 0.722656 0.872656 0.029687 0.017188
0 0.607812 0.871875 0.021875 0.018750
1 0.429688 0.823438 0.021875 0.018750
0 0.287500 0.856250 0.021875 0.018750
0 0.214062 0.864062 0.021875 0.018750
1 0.067187 0.832812 0.021875 0.018750
1 0.067187 0.871875 0.021875 0.018750
1 0.948438 0.718750 0.021875 0.018750
0 0.846875 0.703125 0.021875 0.018750
1 0.718750 0.695312 0.021875 0.018750
0 0.607812 0.687500 0.021875 0.018750
1 0.429688 0.687500 0.021875 0.018750
0 0.340625 0.695312 0.021875 0.018750
0 0.287500 0.703125 0.021875 0.018750
0 0.214062 0.703125 0.021875 0.018750
1 0.067187 0.678125 0.021875 0.018750
1 0.948438 0.534375 0.021875 0.018750
1 0.948438 0.550000 0.021875 0.018750
0 0.846875 0.518750 0.021875 0.018750
1 0.718750 0.518750 0.021875 0.018750
0 0.607812 0.542188 0.021875 0.018750
1 0.503125 0.534375 0.021875 0.018750
0 0.429688 0.542188 0.021875 0.018750
0 0.287500 0.542188 0.021875 0.018750
0 0.214062 0.526563 0.021875 0.018750
0 0.140625 0.509375 0.021875 0.018750
0 0.067187 0.501563 0.021875 0.018750
1 0.948438 0.348438 0.021875 0.018750
0 0.846875 0.332813 0.021875 0.018750
0 0.846875 0.373437 0.021875 0.018750
1 0.718750 0.364063 0.021875 0.018750
1 0.718750 0.325000 0.021875 0.018750
0 0.607812 0.340625 0.021875 0.018750
0 0.607812 0.364063 0.021875 0.018750
1 0.429688 0.348438 0.021875 0.018750
0 0.287500 0.364063 0.021875 0.018750
0 0.214062 0.325000 0.021875 0.018750
0 0.140625 0.307812 0.021875 0.018750
0 0.067187 0.300000 0.021875 0.018750
