14 0.578906 0.447656 0.414062 0.026562
14 0.089844 0.448437 0.179688 0.025000
14 0.606250 0.237500 0.468750 0.028125
14 0.089844 0.237500 0.179688 0.025000
14 0.633594 0.025000 0.523438 0.028125
14 0.089844 0.026562 0.179688 0.025000
14 0.592969 0.329688 0.414062 0.043750
14 0.494531 0.339844 0.217188 0.017188
14 0.503125 0.125000 0.206250 0.031250
14 0.039844 0.112500 0.079687 0.015625
9 0.750000 0.204687 0.003125 0.409375
9 0.335938 0.204687 0.003125 0.409375
9 0.023438 0.204687 0.003125 0.409375
3 0.772656 0.359375 0.014063 0.040625
9 0.671094 0.388281 0.001563 0.051562
3 0.658594 0.351562 0.014063 0.040625
9 0.592969 0.388281 0.001563 0.051562
9 0.069531 0.393750 0.001563 0.078125
3 0.046094 0.375000 0.014063 0.040625
3 0.057031 0.343750 0.014063 0.040625
9 0.613281 0.145313 0.001563 0.050000
3 0.580469 0.165625 0.014063 0.040625
9 0.502344 0.145313 0.001563 0.050000
9 0.391406 0.137500 0.001563 0.046875
2 0.165625 0.141406 0.015625 0.045312
9 0.069531 0.162500 0.001563 0.053125
1 0.799219 0.367969 0.029687 0.017188
0 0.681250 0.359375 0.021875 0.018750
0 0.603125 0.359375 0.021875 0.018750
1 0.386719 0.358594 0.029687 0.017188
1 0.192969 0.335156 0.029687 0.017188
1 0.079687 0.351562 0.021875 0.018750
1 0.079687 0.384375 0.021875 0.018750
1 0.799219 0.180469 0.029687 0.017188
1 0.603125 0.173437 0.021875 0.018750
1 0.492188 0.173437 0.021875 0.018750
1 0.382812 0.165625 0.021875 0.018750
1 0.192969 0.139844 0.029687 0.017188
1 0.079687 0.132812 0.021875 0.018750
