10 0.507031 0.272656 0.054688 0.007812
10 0.053125 0.232813 0.106250 0.025000
14 0.307031 0.296875 0.092188 0.021875
14 0.307031 0.134375 0.092188 0.021875
14 0.633594 0.247656 0.076563 0.010937
14 0.460156 0.192188 0.167187 0.021875
14 0.433594 0.206250 0.114062 0.012500
9 0.817969 0.128906 0.014063 0.257812
9 0.443750 0.128906 0.003125 0.257812
9 0.159375 0.128906 0.003125 0.257812
9 0.755469 0.211719 0.001563 0.051562
9 0.680469 0.204687 0.001563 0.050000
9 0.605469 0.204687 0.001563 0.050000
9 0.532031 0.251563 0.001563 0.050000
3 0.521094 0.215625 0.014063 0.040625
9 0.480469 0.251563 0.001563 0.050000
9 0.366406 0.250000 0.001563 0.046875
9 0.261719 0.236719 0.001563 0.051562
9 0.186719 0.220312 0.001563 0.053125
9 0.105469 0.212500 0.001563 0.053125
3 0.092969 0.175000 0.014063 0.040625
9 0.052344 0.210156 0.001563 0.048438
15 0.841406 0.239844 0.026562 0.032813
15 0.842187 0.207031 0.025000 0.032813
15 0.375781 0.299219 0.029687 0.026562
9 0.736719 0.067187 0.001563 0.053125
9 0.585156 0.075781 0.001563 0.051562
9 0.480469 0.067187 0.001563 0.053125
2 0.467187 0.038281 0.015625 0.045312
9 0.366406 0.067187 0.001563 0.053125
2 0.354687 0.038281 0.015625 0.045312
9 0.261719 0.082812 0.001563 0.050000
9 0.186719 0.089063 0.001563 0.046875
15 0.114844 0.084375 0.020313 0.053125
9 0.105469 0.083594 0.001563 0.051562
4 0.094531 0.053125 0.010937 0.043750
15 0.841406 0.078906 0.026562 0.032813
15 0.842187 0.046094 0.025000 0.032813
15 0.375781 0.138281 0.029687 0.026562
0 0.746875 0.240625 0.021875 0.018750
0 0.670312 0.232813 0.021875 0.018750
0 0.595313 0.232813 0.021875 0.018750
0 0.542188 0.223438 0.021875 0.018750
0 0.490625 0.223438 0.021875 0.018750
0 0.376563 0.223438 0.021875 0.018750
1 0.271875 0.207813 0.021875 0.018750
0 0.196875 0.192188 0.021875 0.018750
0 0.115625 0.184375 0.021875 0.018750
0 0.062500 0.184375 0.021875 0.018750
0 0.010156 0.175000 0.020313 0.018750
0 0.746875 0.039062 0.021875 0.018750
1 0.595313 0.046875 0.021875 0.018750
0 0.490625 0.039062 0.021875 0.018750
0 0.376563 0.039062 0.021875 0.018750
1 0.271875 0.054688 0.021875 0.018750
0 0.196875 0.062500 0.021875 0.018750
0 0.115625 0.054688 0.021875 0.018750
0 0.010156 0.039062 0.020313 0.018750
