12 0.311719 0.740625 0.045312 0.065625
7 0.310937 0.527344 0.043750 0.114062
12 0.311719 0.897656 0.045312 0.057813
7 0.310937 0.366406 0.043750 0.114062
10 0.942187 0.372656 0.115625 0.032813
10 0.695312 0.372656 0.175000 0.032813
10 0.473438 0.375000 0.162500 0.028125
14 0.759375 0.740625 0.018750 0.025000
10 0.760156 0.760156 0.089063 0.007812
10 0.635938 0.748437 0.056250 0.025000
10 0.548438 0.495312 0.056250 0.012500
13 0.682031 0.850781 0.092188 0.020313
13 0.484375 0.948438 0.162500 0.021875
13 0.608594 0.661719 0.410938 0.060937
13 0.496875 0.503906 0.153125 0.054688
13 0.597656 0.275781 0.389062 0.079687
9 0.279687 0.633594 0.003125 0.604688
14 0.848437 0.633594 0.003125 0.604688
9 0.905469 0.892188 0.001563 0.093750
9 0.735156 0.860938 0.001563 0.043750
9 0.608594 0.950000 0.001563 0.040625
9 0.628906 0.853125 0.001563 0.040625
14 0.582031 0.887500 0.017188 0.053125
9 0.574219 0.889062 0.001563 0.053125
3 0.541406 0.909375 0.014063 0.040625
9 0.413281 0.889844 0.001563 0.051562
9 0.803906 0.737500 0.001563 0.053125
9 0.760156 0.741406 0.001563 0.045312
9 0.716406 0.737500 0.001563 0.053125
9 0.661719 0.729688 0.001563 0.053125
9 0.608594 0.714063 0.001563 0.053125
9 0.500781 0.710156 0.001563 0.060937
9 0.392969 0.705469 0.001563 0.070312
9 0.905469 0.543750 0.001563 0.053125
9 0.735156 0.544531 0.001563 0.070312
4 0.705469 0.581250 0.010937 0.043750
9 0.628906 0.536719 0.001563 0.070312
9 0.574219 0.520312 0.001563 0.053125
9 0.521094 0.525781 0.001563 0.057813
9 0.392969 0.621875 0.001563 0.040625
9 0.413281 0.535937 0.001563 0.053125
2 0.368750 0.597656 0.015625 0.045312
4 0.383594 0.565625 0.010937 0.043750
9 0.992969 0.319531 0.001563 0.098437
4 0.982031 0.267188 0.010937 0.043750
9 0.938281 0.347656 0.001563 0.057813
9 0.885156 0.355469 0.001563 0.057813
2 0.871875 0.324219 0.015625 0.045312
9 0.782031 0.322656 0.001563 0.073438
9 0.716406 0.319531 0.001563 0.098437
4 0.705469 0.267188 0.010937 0.043750
9 0.661719 0.347656 0.001563 0.057813
9 0.608594 0.355469 0.001563 0.057813
2 0.595313 0.324219 0.015625 0.045312
9 0.553906 0.333594 0.001563 0.060937
9 0.500781 0.328125 0.001563 0.084375
9 0.447656 0.355469 0.001563 0.042188
2 0.434375 0.332031 0.015625 0.045312
9 0.392969 0.359375 0.001563 0.050000
1 0.895312 0.893750 0.021875 0.018750
1 0.895312 0.942187 0.021875 0.018750
0 0.726562 0.885938 0.021875 0.018750
1 0.618750 0.926562 0.021875 0.018750
0 0.618750 0.878125 0.021875 0.018750
0 0.564063 0.918750 0.021875 0.018750
0 0.403125 0.918750 0.021875 0.018750
1 0.899219 0.700781 0.029687 0.017188
0 0.814063 0.709375 0.021875 0.018750
0 0.770312 0.717187 0.021875 0.018750
0 0.726562 0.709375 0.021875 0.018750
0 0.671875 0.700000 0.021875 0.018750
0 0.618750 0.684375 0.021875 0.018750
0 0.510938 0.676562 0.021875 0.018750
0 0.403125 0.668750 0.021875 0.018750
1 0.895312 0.575000 0.021875 0.018750
0 0.726562 0.567187 0.021875 0.018750
0 0.726562 0.582812 0.021875 0.018750
0 0.618750 0.557813 0.021875 0.018750
0 0.618750 0.575000 0.021875 0.018750
0 0.564063 0.550000 0.021875 0.018750
0 0.510938 0.557813 0.021875 0.018750
1 0.403125 0.598437 0.021875 0.018750
0 0.403125 0.567187 0.021875 0.018750
0 0.996094 0.267188 0.007812 0.018750
0 0.948438 0.315625 0.021875 0.018750
0 0.895312 0.325000 0.021875 0.018750
0 0.792188 0.284375 0.021875 0.018750
0 0.726562 0.267188 0.021875 0.018750
0 0.671875 0.315625 0.021875 0.018750
0 0.618750 0.325000 0.021875 0.018750
0 0.564063 0.300000 0.021875 0.018750
0 0.510938 0.284375 0.021875 0.018750
0 0.457813 0.332813 0.021875 0.018750
0 0.403125 0.332813 0.021875 0.018750
