10 0.807031 0.401562 0.095312 0.025000
10 0.577344 0.371094 0.051562 0.029687
10 0.052344 0.312500 0.048438 0.015625
10 0.807031 0.729688 0.095312 0.015625
10 0.577344 0.700000 0.051562 0.012500
10 0.300000 0.746094 0.237500 0.032813
10 0.033594 0.739844 0.048438 0.020313
10 0.827344 0.477344 0.095312 0.007812
10 0.577344 0.560937 0.051562 0.012500
10 0.320312 0.485938 0.237500 0.025000
10 0.052344 0.528125 0.048438 0.012500
10 0.807031 0.906250 0.095312 0.015625
10 0.577344 0.876563 0.051562 0.012500
10 0.394531 0.876563 0.048438 0.012500
10 0.052344 0.832031 0.048438 0.020313
14 0.967969 0.946875 0.064062 0.021875
14 0.299219 0.947656 0.235937 0.023438
14 0.967969 0.770312 0.064062 0.021875
14 0.299219 0.771094 0.235937 0.023438
14 0.967969 0.598437 0.064062 0.021875
14 0.299219 0.599219 0.235937 0.023438
14 0.967969 0.437500 0.064062 0.021875
14 0.299219 0.436719 0.235937 0.023438
14 0.689844 0.817969 0.067187 0.010937
14 0.689844 0.641406 0.067187 0.010937
14 0.689844 0.502344 0.067187 0.010937
14 0.689844 0.299219 0.067187 0.010937
9 0.901563 0.619531 0.003125 0.576562
9 0.478906 0.619531 0.014063 0.576562
9 0.110156 0.619531 0.014063 0.576562
3 0.989844 0.857812 0.014063 0.040625
9 0.936719 0.886719 0.001563 0.051562
3 0.924219 0.850000 0.014063 0.040625
9 0.853906 0.885938 0.001563 0.050000
9 0.807031 0.879687 0.001563 0.053125
9 0.760156 0.874219 0.001563 0.057813
15 0.722656 0.864062 0.020313 0.053125
9 0.713281 0.863281 0.001563 0.051562
9 0.647656 0.864062 0.001563 0.053125
9 0.600781 0.854688 0.001563 0.050000
4 0.589844 0.826562 0.010937 0.043750
9 0.552344 0.846875 0.001563 0.053125
9 0.417969 0.846875 0.001563 0.053125
9 0.371094 0.854688 0.001563 0.050000
9 0.277344 0.895312 0.001563 0.084375
4 0.253906 0.890625 0.010937 0.043750
2 0.264062 0.850781 0.015625 0.045312
9 0.202344 0.863281 0.001563 0.079687
9 0.075781 0.849219 0.001563 0.045312
9 0.028906 0.866406 0.001563 0.057813
15 0.504687 0.891406 0.028125 0.032813
15 0.504687 0.858594 0.028125 0.032813
15 0.560156 0.952344 0.032813 0.039062
13 0.447656 0.858594 0.032813 0.042188
15 0.135937 0.891406 0.028125 0.032813
15 0.135937 0.858594 0.025000 0.032813
9 0.936719 0.687500 0.001563 0.053125
3 0.924219 0.650000 0.014063 0.040625
9 0.853906 0.709375 0.001563 0.050000
3 0.841406 0.673438 0.014063 0.040625
9 0.807031 0.703125 0.001563 0.053125
9 0.760156 0.697656 0.001563 0.057813
15 0.722656 0.687500 0.020313 0.053125
9 0.713281 0.686719 0.001563 0.051562
9 0.647656 0.687500 0.001563 0.053125
9 0.600781 0.678125 0.001563 0.050000
9 0.552344 0.671875 0.001563 0.053125
9 0.417969 0.701562 0.001563 0.065625
4 0.408594 0.665625 0.010937 0.043750
9 0.371094 0.707812 0.001563 0.062500
9 0.324219 0.714063 0.001563 0.059375
9 0.277344 0.721875 0.001563 0.056250
9 0.228906 0.732031 0.001563 0.045312
9 0.182031 0.738281 0.001563 0.042188
9 0.057031 0.724219 0.001563 0.045312
9 0.010156 0.705469 0.001563 0.057813
15 0.504687 0.714844 0.028125 0.032813
15 0.504687 0.682031 0.028125 0.032813
15 0.560156 0.774219 0.032813 0.039062
15 0.135937 0.714844 0.028125 0.032813
15 0.135937 0.682031 0.025000 0.032813
9 0.955469 0.520312 0.001563 0.053125
9 0.872656 0.502344 0.001563 0.057813
9 0.825781 0.498437 0.001563 0.050000
3 0.794531 0.517188 0.014063 0.040625
9 0.780469 0.498437 0.001563 0.050000
15 0.722656 0.548438 0.020313 0.053125
9 0.713281 0.546094 0.001563 0.051562
9 0.647656 0.545312 0.001563 0.050000
9 0.600781 0.537500 0.001563 0.050000
9 0.552344 0.531250 0.001563 0.053125
9 0.438281 0.499219 0.001563 0.045312
9 0.391406 0.506250 0.001563 0.050000
9 0.344531 0.511719 0.001563 0.054688
2 0.310937 0.541406 0.015625 0.045312
9 0.296094 0.517188 0.001563 0.059375
2 0.264062 0.549219 0.015625 0.045312
9 0.249219 0.514844 0.001563 0.048438
4 0.219531 0.542188 0.010937 0.043750
9 0.202344 0.520312 0.001563 0.053125
9 0.075781 0.555469 0.001563 0.060937
9 0.028906 0.562500 0.001563 0.065625
4 0.002344 0.598437 0.004687 0.043750
15 0.504687 0.542969 0.028125 0.032813
15 0.504687 0.510156 0.028125 0.032813
15 0.560156 0.597656 0.032813 0.039062
15 0.135937 0.542969 0.028125 0.032813
15 0.135937 0.510156 0.025000 0.032813
4 0.992969 0.348438 0.010937 0.043750
9 0.936719 0.377344 0.001563 0.051562
3 0.924219 0.340625 0.014063 0.040625
9 0.853906 0.384375 0.001563 0.050000
9 0.807031 0.363281 0.001563 0.073438
9 0.760156 0.368750 0.001563 0.050000
15 0.722656 0.346875 0.020313 0.053125
9 0.713281 0.344531 0.001563 0.051562
9 0.647656 0.345313 0.001563 0.053125
9 0.600781 0.353906 0.001563 0.054688
9 0.552344 0.332031 0.001563 0.057813
9 0.371094 0.353125 0.001563 0.053125
9 0.277344 0.370312 0.001563 0.053125
9 0.182031 0.377344 0.001563 0.051562
9 0.075781 0.351562 0.001563 0.068750
9 0.028906 0.331250 0.001563 0.043750
15 0.504687 0.380469 0.028125 0.032813
15 0.504687 0.347656 0.028125 0.032813
15 0.560156 0.435156 0.032813 0.039062
15 0.135937 0.380469 0.028125 0.032813
15 0.135937 0.347656 0.025000 0.032813
0 0.946875 0.859375 0.021875 0.018750
0 0.864062 0.859375 0.021875 0.018750
0 0.817187 0.850000 0.021875 0.018750
0 0.770312 0.842187 0.021875 0.018750
0 0.723437 0.834375 0.021875 0.018750
0 0.657813 0.834375 0.021875 0.018750
0 0.610938 0.826562 0.021875 0.018750
0 0.562500 0.818750 0.021875 0.018750
0 0.428125 0.818750 0.021875 0.018750
0 0.381250 0.826562 0.021875 0.018750
0 0.287500 0.850000 0.021875 0.018750
0 0.287500 0.890625 0.021875 0.018750
0 0.192188 0.875000 0.021875 0.018750
0 0.192188 0.907813 0.021875 0.018750
0 0.067187 0.875000 0.021875 0.018750
0 0.020313 0.898438 0.021875 0.018750
1 0.946875 0.657813 0.021875 0.018750
0 0.864062 0.682813 0.021875 0.018750
0 0.817187 0.673438 0.021875 0.018750
0 0.770312 0.665625 0.021875 0.018750
0 0.723437 0.657813 0.021875 0.018750
0 0.657813 0.657813 0.021875 0.018750
0 0.610938 0.650000 0.021875 0.018750
0 0.562500 0.642188 0.021875 0.018750
0 0.428125 0.665625 0.021875 0.018750
0 0.381250 0.673438 0.021875 0.018750
0 0.334375 0.682813 0.021875 0.018750
0 0.287500 0.690625 0.021875 0.018750
0 0.239063 0.706250 0.021875 0.018750
0 0.192188 0.714063 0.021875 0.018750
0 0.067187 0.698438 0.021875 0.018750
0 0.020313 0.673438 0.021875 0.018750
1 0.946875 0.550000 0.021875 0.018750
0 0.864062 0.534375 0.021875 0.018750
0 0.817187 0.526563 0.021875 0.018750
0 0.770312 0.526563 0.021875 0.018750
0 0.723437 0.518750 0.021875 0.018750
0 0.657813 0.518750 0.021875 0.018750
0 0.610938 0.509375 0.021875 0.018750
0 0.562500 0.501563 0.021875 0.018750
0 0.428125 0.526563 0.021875 0.018750
0 0.381250 0.534375 0.021875 0.018750
0 0.334375 0.542188 0.021875 0.018750
0 0.287500 0.550000 0.021875 0.018750
0 0.239063 0.542188 0.021875 0.018750
0 0.192188 0.550000 0.021875 0.018750
0 0.067187 0.590625 0.021875 0.018750
0 0.020313 0.598437 0.021875 0.018750
0 0.946875 0.348438 0.021875 0.018750
0 0.864062 0.356250 0.021875 0.018750
0 0.817187 0.325000 0.021875 0.018750
0 0.770312 0.340625 0.021875 0.018750
0 0.723437 0.315625 0.021875 0.018750
0 0.657813 0.315625 0.021875 0.018750
0 0.610938 0.325000 0.021875 0.018750
0 0.562500 0.300000 0.021875 0.018750
0 0.381250 0.325000 0.021875 0.018750
0 0.287500 0.340625 0.021875 0.018750
0 0.192188 0.348438 0.021875 0.018750
0 0.067187 0.389062 0.021875 0.018750
0 0.020313 0.356250 0.021875 0.018750
