13 0.311719 0.065625 0.045312 0.065625
13 0.311719 0.222656 0.045312 0.057813
14 0.726562 0.198437 0.071875 0.018750
14 0.450781 0.209375 0.082812 0.025000
14 0.734375 0.043750 0.053125 0.025000
14 0.442188 0.102344 0.100000 0.023438
9 0.279687 0.130469 0.003125 0.260937
9 0.917188 0.130469 0.003125 0.260937
9 0.942969 0.225000 0.001563 0.053125
9 0.752344 0.246875 0.001563 0.050000
9 0.682031 0.253125 0.001563 0.046875
2 0.668750 0.227344 0.015625 0.045312
9 0.482031 0.253125 0.001563 0.046875
9 0.402344 0.207813 0.001563 0.050000
2 0.368750 0.235156 0.015625 0.045312
15 0.952344 0.297656 0.032813 0.039062
2 0.996094 0.041406 0.007812 0.045312
9 0.942969 0.062500 0.001563 0.053125
9 0.752344 0.092188 0.001563 0.046875
2 0.739062 0.064844 0.015625 0.045312
9 0.700781 0.045312 0.001563 0.050000
2 0.668750 0.072656 0.015625 0.045312
9 0.500781 0.045312 0.001563 0.050000
9 0.402344 0.052344 0.001563 0.051562
2 0.368750 0.082031 0.015625 0.045312
15 0.952344 0.136719 0.032813 0.039062
1 0.953125 0.195312 0.021875 0.018750
0 0.762500 0.218750 0.021875 0.018750
0 0.692187 0.226562 0.021875 0.018750
0 0.492188 0.226562 0.021875 0.018750
0 0.392188 0.235937 0.021875 0.018750
0 0.953125 0.032813 0.021875 0.018750
0 0.762500 0.065625 0.021875 0.018750
0 0.692187 0.073438 0.021875 0.018750
0 0.492188 0.073438 0.021875 0.018750
0 0.392188 0.081250 0.021875 0.018750
