10 0.742969 0.328125 0.060937 0.025000
10 0.308594 0.340625 0.120313 0.025000
10 0.012500 0.409375 0.025000 0.025000
10 0.742969 0.654687 0.060937 0.015625
10 0.308594 0.654687 0.120313 0.015625
10 0.022656 0.653125 0.045312 0.012500
10 0.022656 0.495312 0.045312 0.012500
10 0.722656 0.893750 0.060937 0.025000
10 0.022656 0.803125 0.045312 0.012500
14 0.578125 0.905469 0.084375 0.010937
14 0.134375 0.882031 0.084375 0.010937
14 0.578125 0.760156 0.084375 0.010937
14 0.298438 0.736719 0.118750 0.026562
14 0.134375 0.736719 0.084375 0.010937
14 0.578125 0.607031 0.084375 0.010937
14 0.298438 0.602344 0.118750 0.023438
14 0.134375 0.582031 0.084375 0.010937
14 0.578125 0.405469 0.084375 0.010937
14 0.298438 0.418750 0.118750 0.028125
14 0.134375 0.346094 0.084375 0.010937
9 0.817969 0.607031 0.014063 0.551562
9 0.407813 0.607031 0.003125 0.551562
9 0.752344 0.860938 0.001563 0.050000
4 0.741406 0.832812 0.010937 0.043750
9 0.692969 0.880469 0.001563 0.042188
9 0.628906 0.859375 0.001563 0.053125
9 0.546094 0.859375 0.001563 0.053125
2 0.512500 0.888281 0.015625 0.045312
9 0.461719 0.851562 0.001563 0.053125
9 0.249219 0.843750 0.001563 0.053125
15 0.194531 0.834375 0.017188 0.053125
9 0.186719 0.835938 0.001563 0.053125
9 0.102344 0.836719 0.001563 0.051562
4 0.072656 0.864062 0.010937 0.043750
9 0.044531 0.829688 0.001563 0.050000
15 0.841406 0.864844 0.026562 0.032813
15 0.842187 0.832031 0.025000 0.032813
9 0.771094 0.676562 0.001563 0.050000
9 0.713281 0.688281 0.001563 0.057813
2 0.679688 0.719531 0.015625 0.045312
9 0.628906 0.714063 0.001563 0.053125
9 0.546094 0.714063 0.001563 0.053125
2 0.512500 0.742969 0.015625 0.045312
9 0.461719 0.706250 0.001563 0.053125
9 0.367969 0.688281 0.001563 0.057813
9 0.308594 0.681250 0.001563 0.053125
9 0.249219 0.676562 0.001563 0.050000
15 0.194531 0.689063 0.017188 0.053125
9 0.186719 0.690625 0.001563 0.053125
9 0.102344 0.689063 0.001563 0.053125
2 0.070312 0.719531 0.015625 0.045312
9 0.044531 0.681250 0.001563 0.053125
4 0.014844 0.710938 0.010937 0.043750
15 0.841406 0.703906 0.026562 0.032813
15 0.842187 0.671094 0.025000 0.032813
15 0.778906 0.551562 0.017188 0.053125
9 0.771094 0.553125 0.001563 0.053125
9 0.628906 0.557031 0.001563 0.060937
9 0.546094 0.557031 0.001563 0.060937
9 0.461719 0.553125 0.001563 0.053125
3 0.430469 0.573438 0.014063 0.040625
15 0.375781 0.551562 0.017188 0.053125
9 0.367969 0.553125 0.001563 0.053125
9 0.249219 0.543750 0.001563 0.053125
2 0.217188 0.574219 0.015625 0.045312
15 0.194531 0.535937 0.017188 0.053125
9 0.186719 0.537500 0.001563 0.053125
9 0.102344 0.535937 0.001563 0.053125
9 0.044531 0.525781 0.001563 0.057813
4 0.014844 0.557813 0.010937 0.043750
15 0.841406 0.542969 0.026562 0.032813
15 0.842187 0.510156 0.025000 0.032813
9 0.771094 0.368750 0.001563 0.065625
9 0.713281 0.345313 0.001563 0.050000
9 0.628906 0.359375 0.001563 0.053125
9 0.546094 0.359375 0.001563 0.053125
2 0.512500 0.388281 0.015625 0.045312
9 0.461719 0.367188 0.001563 0.053125
9 0.367969 0.375000 0.001563 0.053125
9 0.308594 0.367188 0.001563 0.053125
9 0.249219 0.357812 0.001563 0.053125
2 0.217188 0.388281 0.015625 0.045312
15 0.175781 0.395313 0.020313 0.053125
9 0.166406 0.392969 0.001563 0.051562
9 0.083594 0.390625 0.001563 0.046875
9 0.024219 0.396094 0.001563 0.042188
15 0.841406 0.380469 0.026562 0.032813
15 0.842187 0.347656 0.025000 0.032813
0 0.762500 0.832812 0.021875 0.018750
0 0.703125 0.857812 0.021875 0.018750
0 0.620313 0.889062 0.021875 0.018750
0 0.535937 0.889062 0.021875 0.018750
0 0.453125 0.881250 0.021875 0.018750
0 0.240625 0.873437 0.021875 0.018750
0 0.176563 0.865625 0.021875 0.018750
0 0.093750 0.865625 0.021875 0.018750
0 0.034375 0.857812 0.021875 0.018750
0 0.762500 0.703125 0.021875 0.018750
0 0.703125 0.720313 0.021875 0.018750
0 0.620313 0.743750 0.021875 0.018750
0 0.535937 0.743750 0.021875 0.018750
0 0.453125 0.735938 0.021875 0.018750
0 0.357812 0.720313 0.021875 0.018750
0 0.298438 0.712500 0.021875 0.018750
0 0.240625 0.703125 0.021875 0.018750
0 0.176563 0.720313 0.021875 0.018750
0 0.093750 0.720313 0.021875 0.018750
0 0.034375 0.712500 0.021875 0.018750
0 0.762500 0.582812 0.021875 0.018750
0 0.620313 0.590625 0.021875 0.018750
0 0.535937 0.590625 0.021875 0.018750
0 0.453125 0.582812 0.021875 0.018750
0 0.357812 0.582812 0.021875 0.018750
0 0.240625 0.575000 0.021875 0.018750
0 0.176563 0.567187 0.021875 0.018750
0 0.093750 0.567187 0.021875 0.018750
0 0.034375 0.557813 0.021875 0.018750
0 0.762500 0.404687 0.021875 0.018750
0 0.703125 0.373437 0.021875 0.018750
0 0.620313 0.389062 0.021875 0.018750
0 0.535937 0.389062 0.021875 0.018750
0 0.453125 0.396875 0.021875 0.018750
0 0.357812 0.404687 0.021875 0.018750
0 0.298438 0.396875 0.021875 0.018750
0 0.240625 0.389062 0.021875 0.018750
0 0.176563 0.364063 0.021875 0.018750
0 0.093750 0.364063 0.021875 0.018750
0 0.034375 0.373437 0.021875 0.018750
