10 0.721875 0.372656 0.168750 0.032813
10 0.500000 0.372656 0.168750 0.032813
10 0.242188 0.364063 0.168750 0.015625
10 0.052344 0.364063 0.104688 0.015625
14 0.538281 0.889062 0.223438 0.031250
14 0.084375 0.903906 0.168750 0.029687
14 0.583594 0.746875 0.317188 0.034375
14 0.075000 0.757812 0.150000 0.028125
14 0.640625 0.484375 0.421875 0.025000
14 0.225000 0.492188 0.112500 0.028125
14 0.056250 0.477344 0.112500 0.023438
14 0.621094 0.274219 0.389062 0.057813
14 0.167187 0.257031 0.334375 0.045312
9 0.860938 0.607031 0.003125 0.551562
9 0.381250 0.607031 0.003125 0.551562
9 0.658594 0.829688 0.001563 0.050000
3 0.625781 0.848437 0.014063 0.040625
9 0.436719 0.836719 0.001563 0.051562
3 0.403906 0.856250 0.014063 0.040625
9 0.177344 0.851562 0.001563 0.053125
3 0.146094 0.873437 0.014063 0.040625
9 0.749219 0.728125 0.001563 0.043750
3 0.736719 0.695312 0.014063 0.040625
9 0.638281 0.721094 0.001563 0.045312
3 0.625781 0.687500 0.014063 0.040625
9 0.416406 0.734375 0.001563 0.040625
9 0.158594 0.751563 0.001563 0.040625
3 0.146094 0.718750 0.014063 0.040625
3 0.403906 0.501563 0.014063 0.040625
9 0.269531 0.551562 0.001563 0.046875
6 0.250781 0.516406 0.026562 0.039062
9 0.158594 0.538281 0.001563 0.051562
15 0.111719 0.540625 0.020313 0.053125
9 0.102344 0.538281 0.001563 0.051562
3 0.089844 0.501563 0.014063 0.040625
9 0.805469 0.328125 0.001563 0.065625
9 0.749219 0.323437 0.001563 0.090625
9 0.694531 0.347656 0.001563 0.057813
3 0.682031 0.307812 0.014063 0.040625
9 0.638281 0.359375 0.001563 0.050000
9 0.583594 0.328125 0.001563 0.065625
3 0.571094 0.282813 0.014063 0.040625
9 0.527344 0.323437 0.001563 0.090625
9 0.472656 0.351562 0.001563 0.050000
9 0.416406 0.359375 0.001563 0.050000
9 0.325781 0.328125 0.001563 0.065625
3 0.313281 0.282813 0.014063 0.040625
9 0.269531 0.320312 0.001563 0.084375
9 0.213281 0.338281 0.001563 0.054688
9 0.158594 0.343750 0.001563 0.050000
4 0.147656 0.315625 0.010937 0.043750
9 0.102344 0.318750 0.001563 0.081250
9 0.047656 0.312500 0.001563 0.100000
3 0.035156 0.251563 0.014063 0.040625
1 0.648438 0.857812 0.021875 0.018750
1 0.426563 0.865625 0.021875 0.018750
1 0.168750 0.881250 0.021875 0.018750
0 0.759375 0.703125 0.021875 0.018750
0 0.648438 0.695312 0.021875 0.018750
1 0.426563 0.712500 0.021875 0.018750
1 0.430469 0.663281 0.029687 0.017188
1 0.168750 0.728125 0.021875 0.018750
1 0.430469 0.508594 0.029687 0.017188
0 0.279687 0.526563 0.021875 0.018750
0 0.168750 0.509375 0.021875 0.018750
0 0.112500 0.509375 0.021875 0.018750
0 0.815625 0.292187 0.021875 0.018750
0 0.759375 0.276562 0.021875 0.018750
0 0.704688 0.315625 0.021875 0.018750
0 0.648438 0.332813 0.021875 0.018750
0 0.593750 0.292187 0.021875 0.018750
0 0.537500 0.276562 0.021875 0.018750
0 0.482812 0.325000 0.021875 0.018750
0 0.426563 0.332813 0.021875 0.018750
0 0.335938 0.292187 0.021875 0.018750
0 0.279687 0.276562 0.021875 0.018750
0 0.223438 0.307812 0.021875 0.018750
0 0.168750 0.315625 0.021875 0.018750
0 0.112500 0.276562 0.021875 0.018750
0 0.057813 0.259375 0.021875 0.018750
0 0.006250 0.307812 0.012500 0.018750
