10 0.961719 0.038281 0.076563 0.026562
10 0.757031 0.056250 0.185938 0.015625
10 0.110937 0.044531 0.112500 0.007812
10 0.961719 0.234375 0.076563 0.025000
10 0.544531 0.253125 0.057813 0.012500
10 0.277344 0.241406 0.057813 0.007812
10 0.138281 0.235937 0.057813 0.012500
10 0.018750 0.331250 0.037500 0.012500
14 0.760938 0.342969 0.234375 0.023438
14 0.760938 0.144531 0.234375 0.023438
14 0.957031 0.312500 0.085938 0.034375
14 0.710938 0.332031 0.112500 0.017188
14 0.389844 0.311719 0.079687 0.010937
14 0.198437 0.311719 0.084375 0.010937
14 0.169531 0.318750 0.139063 0.025000
14 0.989062 0.113281 0.021875 0.010937
14 0.919531 0.134375 0.160938 0.071875
14 0.877344 0.121094 0.076563 0.010937
14 0.785156 0.143750 0.260937 0.034375
14 0.389844 0.138281 0.079687 0.010937
14 0.128125 0.128906 0.056250 0.020313
14 0.022656 0.042188 0.045312 0.053125
9 0.607812 0.152344 0.003125 0.304688
9 0.203125 0.152344 0.003125 0.304688
9 0.988281 0.264844 0.001563 0.054688
2 0.954688 0.294531 0.015625 0.045312
9 0.924219 0.267188 0.001563 0.050000
4 0.894531 0.293750 0.010937 0.043750
9 0.775781 0.273438 0.001563 0.053125
2 0.742188 0.302344 0.015625 0.045312
9 0.664844 0.273438 0.001563 0.053125
9 0.571094 0.281250 0.001563 0.053125
2 0.539062 0.310156 0.015625 0.045312
9 0.516406 0.275000 0.001563 0.050000
9 0.438281 0.264062 0.001563 0.053125
9 0.360156 0.264062 0.001563 0.053125
3 0.327344 0.285938 0.014063 0.040625
9 0.303906 0.264062 0.001563 0.053125
9 0.249219 0.264062 0.001563 0.053125
9 0.166406 0.264062 0.001563 0.053125
9 0.110156 0.259375 0.001563 0.050000
3 0.078906 0.278125 0.014063 0.040625
9 0.035156 0.310156 0.001563 0.042188
15 0.913281 0.357031 0.054688 0.039062
9 0.988281 0.066406 0.001563 0.054688
9 0.924219 0.074219 0.001563 0.057813
9 0.849219 0.078125 0.001563 0.050000
2 0.817187 0.105469 0.015625 0.045312
9 0.775781 0.083594 0.001563 0.054688
2 0.742188 0.113281 0.015625 0.045312
9 0.719531 0.083594 0.001563 0.051562
9 0.664844 0.089844 0.001563 0.057813
2 0.631250 0.121094 0.015625 0.045312
15 0.578906 0.082812 0.017188 0.053125
9 0.571094 0.084375 0.001563 0.053125
9 0.438281 0.090625 0.001563 0.053125
9 0.360156 0.090625 0.001563 0.053125
9 0.249219 0.082812 0.001563 0.053125
9 0.166406 0.071094 0.001563 0.060937
2 0.132812 0.105469 0.015625 0.045312
9 0.110156 0.067187 0.001563 0.053125
4 0.080469 0.096875 0.010937 0.043750
9 0.055469 0.067187 0.001563 0.053125
2 0.021875 0.097656 0.015625 0.045312
15 0.913281 0.200781 0.054688 0.039062
15 0.913281 0.011719 0.054688 0.023438
0 0.978125 0.295312 0.021875 0.018750
0 0.915625 0.295312 0.021875 0.018750
0 0.765625 0.303125 0.021875 0.018750
0 0.654687 0.303125 0.021875 0.018750
0 0.562500 0.310937 0.021875 0.018750
0 0.506250 0.303125 0.021875 0.018750
0 0.428125 0.295312 0.021875 0.018750
0 0.350000 0.295312 0.021875 0.018750
0 0.295312 0.295312 0.021875 0.018750
0 0.239063 0.295312 0.021875 0.018750
0 0.156250 0.295312 0.021875 0.018750
0 0.101562 0.287500 0.021875 0.018750
0 0.045312 0.287500 0.021875 0.018750
0 0.978125 0.096875 0.021875 0.018750
0 0.915625 0.104688 0.021875 0.018750
0 0.840625 0.104688 0.021875 0.018750
0 0.765625 0.114062 0.021875 0.018750
0 0.710938 0.114062 0.021875 0.018750
0 0.654687 0.121875 0.021875 0.018750
0 0.562500 0.114062 0.021875 0.018750
0 0.428125 0.121875 0.021875 0.018750
0 0.350000 0.121875 0.021875 0.018750
0 0.239063 0.114062 0.021875 0.018750
0 0.156250 0.104688 0.021875 0.018750
0 0.101562 0.096875 0.021875 0.018750
0 0.045312 0.096875 0.021875 0.018750
