15 0.431250 0.903906 0.028125 0.032813
15 0.431250 0.871094 0.028125 0.032813
13 0.378906 0.887500 0.045312 0.065625
15 0.431250 0.730469 0.028125 0.032813
15 0.431250 0.699219 0.028125 0.032813
7 0.378125 0.716406 0.043750 0.114062
15 0.431250 0.569531 0.028125 0.032813
15 0.431250 0.536719 0.028125 0.032813
7 0.378125 0.555469 0.043750 0.114062
10 0.786719 0.516406 0.101562 0.007812
10 0.507031 0.598437 0.051562 0.025000
10 0.939844 0.845313 0.051562 0.012500
10 0.786719 0.854688 0.101562 0.015625
10 0.507031 0.928125 0.051562 0.025000
10 0.939844 0.700000 0.051562 0.012500
10 0.527344 0.678125 0.051562 0.025000
14 0.977344 0.921094 0.045312 0.010937
14 0.952344 0.925781 0.095312 0.029687
14 0.777344 0.939844 0.101562 0.032813
14 0.628125 0.846094 0.071875 0.010937
14 0.930469 0.786719 0.051562 0.020313
14 0.777344 0.790625 0.101562 0.021875
14 0.628125 0.771094 0.071875 0.010937
14 0.752344 0.603125 0.051562 0.018750
14 0.628125 0.535156 0.071875 0.010937
9 0.345313 0.760156 0.003125 0.479687
9 0.868750 0.760156 0.003125 0.479687
15 0.431250 0.569531 0.028125 0.032813
15 0.431250 0.536719 0.028125 0.032813
15 0.431250 0.730469 0.028125 0.032813
15 0.431250 0.699219 0.028125 0.032813
15 0.431250 0.903906 0.028125 0.032813
15 0.431250 0.871094 0.028125 0.032813
9 0.964844 0.873437 0.001563 0.053125
9 0.914844 0.867188 0.001563 0.050000
9 0.836719 0.886719 0.001563 0.057813
2 0.804688 0.919531 0.015625 0.045312
9 0.786719 0.881250 0.001563 0.053125
9 0.736719 0.875000 0.001563 0.050000
15 0.663281 0.893750 0.020313 0.053125
9 0.653906 0.891406 0.001563 0.051562
9 0.583594 0.892188 0.001563 0.053125
9 0.532031 0.911719 0.001563 0.045312
2 0.518750 0.886719 0.015625 0.045312
9 0.482031 0.892969 0.001563 0.054688
2 0.468750 0.863281 0.015625 0.045312
15 0.491406 0.963281 0.054688 0.026562
9 0.964844 0.732031 0.001563 0.057813
2 0.931250 0.763281 0.015625 0.045312
9 0.914844 0.725000 0.001563 0.053125
15 0.844531 0.740625 0.017188 0.053125
9 0.836719 0.742188 0.001563 0.053125
9 0.736719 0.732812 0.001563 0.053125
2 0.703125 0.763281 0.015625 0.045312
15 0.680469 0.725000 0.017188 0.053125
9 0.672656 0.725000 0.001563 0.053125
9 0.602344 0.725000 0.001563 0.053125
9 0.552344 0.714844 0.001563 0.057813
9 0.502344 0.695312 0.001563 0.050000
15 0.491406 0.791406 0.054688 0.026562
2 0.981250 0.577344 0.015625 0.045312
9 0.914844 0.541406 0.001563 0.051562
9 0.836719 0.551562 0.001563 0.078125
9 0.786719 0.547656 0.001563 0.070312
9 0.736719 0.542969 0.001563 0.060937
2 0.703125 0.577344 0.015625 0.045312
15 0.663281 0.584375 0.020313 0.053125
9 0.653906 0.582031 0.001563 0.051562
9 0.583594 0.579688 0.001563 0.046875
9 0.532031 0.585156 0.001563 0.042188
9 0.482031 0.565625 0.001563 0.050000
15 0.491406 0.630469 0.054688 0.026562
0 0.954688 0.903125 0.021875 0.018750
0 0.904687 0.895312 0.021875 0.018750
0 0.826562 0.918750 0.021875 0.018750
0 0.776563 0.910937 0.021875 0.018750
0 0.726562 0.903125 0.021875 0.018750
0 0.664062 0.862500 0.021875 0.018750
0 0.593750 0.862500 0.021875 0.018750
0 0.542188 0.887500 0.021875 0.018750
0 0.492188 0.862500 0.021875 0.018750
0 0.954688 0.764062 0.021875 0.018750
0 0.904687 0.754687 0.021875 0.018750
0 0.826562 0.771875 0.021875 0.018750
0 0.726562 0.764062 0.021875 0.018750
0 0.664062 0.754687 0.021875 0.018750
0 0.593750 0.754687 0.021875 0.018750
0 0.542188 0.746875 0.021875 0.018750
0 0.492188 0.723437 0.021875 0.018750
0 0.904687 0.570312 0.021875 0.018750
0 0.826562 0.593750 0.021875 0.018750
0 0.776563 0.560937 0.021875 0.018750
0 0.776563 0.585938 0.021875 0.018750
0 0.726562 0.578125 0.021875 0.018750
0 0.664062 0.553125 0.021875 0.018750
0 0.593750 0.553125 0.021875 0.018750
0 0.542188 0.560937 0.021875 0.018750
0 0.492188 0.537500 0.021875 0.018750
