13 0.311719 0.687500 0.045312 0.065625
7 0.310937 0.527344 0.043750 0.114062
13 0.311719 0.877344 0.045312 0.057813
7 0.310937 0.366406 0.043750 0.114062
15 0.845313 0.371875 0.018750 0.025000
15 0.643750 0.368750 0.018750 0.025000
15 0.535937 0.370312 0.018750 0.025000
10 0.882031 0.331250 0.148438 0.040625
10 0.585938 0.411719 0.184375 0.045312
10 0.410156 0.425000 0.057813 0.025000
14 0.604688 0.854688 0.390625 0.046875
14 0.605469 0.645312 0.392188 0.043750
14 0.370312 0.587500 0.046875 0.015625
14 0.425781 0.585156 0.157812 0.039062
14 0.370312 0.574219 0.046875 0.010937
14 0.889062 0.427344 0.115625 0.054688
14 0.758594 0.346094 0.079687 0.010937
14 0.654687 0.341406 0.065625 0.035937
14 0.477344 0.314844 0.057813 0.010937
14 0.447656 0.319531 0.114062 0.079687
9 0.279687 0.623437 0.003125 0.584375
9 0.976562 0.623437 0.003125 0.584375
9 0.788281 0.901563 0.001563 0.050000
9 0.710156 0.907813 0.001563 0.046875
2 0.696875 0.882031 0.015625 0.045312
9 0.494531 0.907813 0.001563 0.046875
9 0.402344 0.862500 0.001563 0.050000
2 0.368750 0.889844 0.015625 0.045312
9 0.808594 0.660937 0.001563 0.046875
9 0.728906 0.668750 0.001563 0.050000
2 0.696875 0.696094 0.015625 0.045312
9 0.514844 0.668750 0.001563 0.050000
9 0.402344 0.675781 0.001563 0.051562
2 0.368750 0.703906 0.015625 0.045312
3 0.996094 0.573438 0.007812 0.040625
9 0.514844 0.513281 0.001563 0.051562
9 0.402344 0.528125 0.001563 0.053125
9 0.955469 0.381250 0.001563 0.090625
9 0.916406 0.373437 0.001563 0.087500
9 0.883594 0.360156 0.001563 0.067187
4 0.853906 0.396875 0.010937 0.043750
9 0.841406 0.344531 0.001563 0.048438
9 0.808594 0.338281 0.001563 0.045312
9 0.710156 0.390625 0.001563 0.046875
9 0.677344 0.405469 0.001563 0.045312
9 0.644531 0.396094 0.001563 0.057813
9 0.611719 0.385937 0.001563 0.068750
9 0.578906 0.380469 0.001563 0.073438
4 0.569531 0.339062 0.010937 0.043750
9 0.536719 0.371875 0.001563 0.075000
4 0.527344 0.331250 0.010937 0.043750
9 0.494531 0.369531 0.001563 0.070312
9 0.438281 0.375781 0.001563 0.082812
2 0.425000 0.332031 0.015625 0.045312
9 0.382031 0.413281 0.001563 0.042188
2 0.368750 0.388281 0.015625 0.045312
0 0.798438 0.875000 0.021875 0.018750
0 0.720313 0.882812 0.021875 0.018750
0 0.504687 0.882812 0.021875 0.018750
0 0.392188 0.890625 0.021875 0.018750
0 0.798438 0.687500 0.021875 0.018750
0 0.720313 0.696875 0.021875 0.018750
0 0.504687 0.696875 0.021875 0.018750
0 0.392188 0.704688 0.021875 0.018750
1 0.504687 0.542188 0.021875 0.018750
0 0.392188 0.557813 0.021875 0.018750
0 0.946875 0.429688 0.021875 0.018750
0 0.906250 0.421875 0.021875 0.018750
0 0.873437 0.396875 0.021875 0.018750
0 0.831250 0.373437 0.021875 0.018750
0 0.798438 0.364063 0.021875 0.018750
0 0.720313 0.364063 0.021875 0.018750
0 0.687500 0.381250 0.021875 0.018750
0 0.654687 0.364063 0.021875 0.018750
0 0.621875 0.348438 0.021875 0.018750
0 0.589063 0.340625 0.021875 0.018750
0 0.546875 0.332813 0.021875 0.018750
0 0.504687 0.332813 0.021875 0.018750
0 0.448437 0.332813 0.021875 0.018750
0 0.392188 0.389062 0.021875 0.018750
