2 0.407813 0.119531 0.015625 0.045312
2 0.387500 0.096094 0.015625 0.045312
2 0.368750 0.071094 0.015625 0.045312
2 0.348438 0.103906 0.015625 0.045312
2 0.328125 0.078906 0.015625 0.045312
7 0.281250 0.113281 0.043750 0.114062
2 0.407813 0.297656 0.015625 0.045312
2 0.387500 0.272656 0.015625 0.045312
2 0.368750 0.249219 0.015625 0.045312
2 0.348438 0.282031 0.015625 0.045312
2 0.328125 0.257031 0.015625 0.045312
13 0.282031 0.269531 0.045312 0.057813
10 0.975781 0.138281 0.048438 0.020313
10 0.846094 0.129688 0.057813 0.012500
10 0.854688 0.316406 0.118750 0.020313
10 0.668750 0.316406 0.118750 0.020313
10 0.512500 0.316406 0.118750 0.020313
14 0.761719 0.088281 0.101562 0.010937
14 0.449219 0.071875 0.042188 0.009375
9 0.248438 0.153125 0.003125 0.306250
9 0.768750 0.192188 0.003125 0.228125
12 0.959375 0.210938 0.015625 0.028125
9 0.952344 0.300000 0.001563 0.046875
9 0.913281 0.273438 0.001563 0.106250
9 0.874219 0.301563 0.001563 0.050000
9 0.835156 0.273438 0.001563 0.106250
9 0.796094 0.301563 0.001563 0.050000
9 0.727344 0.273438 0.001563 0.106250
9 0.688281 0.301563 0.001563 0.050000
9 0.649219 0.273438 0.001563 0.106250
9 0.610156 0.301563 0.001563 0.050000
9 0.571094 0.273438 0.001563 0.106250
9 0.532031 0.301563 0.001563 0.050000
9 0.492969 0.273438 0.001563 0.106250
9 0.453906 0.301563 0.001563 0.050000
9 0.991406 0.095312 0.001563 0.106250
9 0.952344 0.123438 0.001563 0.050000
9 0.874219 0.107813 0.001563 0.050000
5 0.860938 0.079687 0.015625 0.015625
9 0.817969 0.101562 0.001563 0.053125
9 0.814844 0.039062 0.001563 0.040625
15 0.697656 0.101562 0.020313 0.053125
9 0.688281 0.100781 0.001563 0.051562
9 0.630469 0.031250 0.001563 0.040625
9 0.532031 0.093750 0.001563 0.053125
15 0.485156 0.085938 0.020313 0.053125
9 0.475781 0.083594 0.001563 0.051562
9 0.474219 0.023438 0.001563 0.040625
0 0.962500 0.273438 0.021875 0.018750
0 0.923438 0.217188 0.021875 0.018750
0 0.884375 0.273438 0.021875 0.018750
0 0.845313 0.217188 0.021875 0.018750
0 0.806250 0.273438 0.021875 0.018750
0 0.737500 0.217188 0.021875 0.018750
0 0.698438 0.273438 0.021875 0.018750
0 0.659375 0.217188 0.021875 0.018750
0 0.620313 0.273438 0.021875 0.018750
0 0.581250 0.217188 0.021875 0.018750
0 0.542188 0.273438 0.021875 0.018750
0 0.503125 0.217188 0.021875 0.018750
0 0.464062 0.273438 0.021875 0.018750
0 0.995313 0.039062 0.009375 0.018750
0 0.962500 0.096875 0.021875 0.018750
0 0.884375 0.079687 0.021875 0.018750
0 0.828125 0.071875 0.021875 0.018750
0 0.806250 0.064062 0.021875 0.018750
0 0.698438 0.071875 0.021875 0.018750
0 0.620313 0.056250 0.021875 0.018750
0 0.542188 0.064062 0.021875 0.018750
0 0.485938 0.056250 0.021875 0.018750
0 0.464062 0.048438 0.021875 0.018750
