3 0.383594 0.704688 0.014063 0.040625
3 0.364844 0.728125 0.014063 0.040625
3 0.346094 0.696875 0.014063 0.040625
3 0.327344 0.720313 0.014063 0.040625
7 0.281250 0.730469 0.043750 0.114062
3 0.383594 0.526563 0.014063 0.040625
3 0.364844 0.551562 0.014063 0.040625
3 0.346094 0.518750 0.014063 0.040625
3 0.327344 0.542188 0.014063 0.040625
13 0.282031 0.530469 0.045312 0.057813
3 0.383594 0.881250 0.014063 0.040625
3 0.364844 0.906250 0.014063 0.040625
3 0.346094 0.873437 0.014063 0.040625
3 0.327344 0.898438 0.014063 0.040625
13 0.282031 0.885156 0.045312 0.057813
3 0.383594 0.340625 0.014063 0.040625
3 0.364844 0.364063 0.014063 0.040625
3 0.346094 0.331250 0.014063 0.040625
3 0.327344 0.356250 0.014063 0.040625
7 0.281250 0.366406 0.043750 0.114062
10 0.633594 0.407031 0.114062 0.035937
10 0.539844 0.571875 0.226562 0.025000
10 0.956250 0.755469 0.087500 0.045312
10 0.842969 0.736719 0.079687 0.048438
10 0.485156 0.686719 0.076563 0.020313
10 0.633594 0.911719 0.114062 0.020313
10 0.483594 0.914844 0.114062 0.048438
14 0.603125 0.822656 0.331250 0.060937
14 0.984375 0.670312 0.031250 0.015625
14 0.907031 0.655469 0.032813 0.017188
14 0.828906 0.639844 0.032813 0.017188
14 0.475781 0.760938 0.076563 0.025000
14 0.603125 0.492188 0.331250 0.037500
14 0.640625 0.336719 0.256250 0.048438
14 0.550781 0.330469 0.076563 0.010937
9 0.248438 0.627344 0.003125 0.592187
9 0.731250 0.809375 0.003125 0.228125
9 0.731250 0.450000 0.003125 0.237500
12 0.921094 0.889844 0.017188 0.048438
12 0.842187 0.892188 0.015625 0.028125
15 0.766406 0.912500 0.020313 0.053125
9 0.757031 0.910156 0.001563 0.051562
9 0.689844 0.878906 0.001563 0.085938
9 0.652344 0.895312 0.001563 0.053125
9 0.614844 0.878906 0.001563 0.085938
9 0.577344 0.888281 0.001563 0.070312
9 0.539844 0.871094 0.001563 0.070312
9 0.502344 0.892188 0.001563 0.046875
9 0.464844 0.880469 0.001563 0.089063
9 0.427344 0.909375 0.001563 0.050000
8 0.998437 0.683594 0.003125 0.004687
9 0.989844 0.737500 0.001563 0.059375
9 0.958594 0.732031 0.001563 0.064062
8 0.922656 0.667969 0.004687 0.004687
9 0.913281 0.723437 0.001563 0.065625
9 0.882031 0.720313 0.001563 0.075000
8 0.844531 0.652344 0.004687 0.004687
9 0.835156 0.711719 0.001563 0.073438
9 0.803906 0.704688 0.001563 0.075000
8 0.789062 0.720313 0.006250 0.006250
12 0.585156 0.728906 0.017188 0.048438
9 0.522656 0.702344 0.001563 0.045312
9 0.447656 0.717187 0.001563 0.050000
12 0.921094 0.535156 0.017188 0.048438
12 0.842187 0.537500 0.015625 0.028125
15 0.766406 0.557813 0.020313 0.053125
9 0.757031 0.555469 0.001563 0.051562
9 0.652344 0.539062 0.001563 0.050000
9 0.577344 0.532031 0.001563 0.070312
9 0.502344 0.544531 0.001563 0.060937
9 0.427344 0.554688 0.001563 0.050000
12 0.921094 0.364844 0.017188 0.048438
12 0.842187 0.367188 0.015625 0.028125
15 0.785156 0.350000 0.017188 0.053125
9 0.777344 0.351562 0.001563 0.053125
9 0.689844 0.397656 0.001563 0.045312
9 0.652344 0.391406 0.001563 0.048438
9 0.614844 0.385156 0.001563 0.051562
9 0.577344 0.378125 0.001563 0.053125
15 0.511719 0.378125 0.020313 0.053125
9 0.502344 0.377344 0.001563 0.051562
12 0.434375 0.367188 0.015625 0.028125
0 0.767188 0.882812 0.021875 0.018750
0 0.700000 0.834375 0.021875 0.018750
0 0.662500 0.865625 0.021875 0.018750
0 0.625000 0.834375 0.021875 0.018750
0 0.587500 0.850000 0.021875 0.018750
0 0.550000 0.834375 0.021875 0.018750
0 0.512500 0.865625 0.021875 0.018750
0 0.475000 0.834375 0.021875 0.018750
0 0.437500 0.882812 0.021875 0.018750
0 0.994531 0.704688 0.010937 0.018750
0 0.968750 0.696875 0.021875 0.018750
0 0.923438 0.689063 0.021875 0.018750
0 0.892188 0.679688 0.021875 0.018750
0 0.845313 0.671875 0.021875 0.018750
0 0.814063 0.664062 0.021875 0.018750
0 0.512500 0.728125 0.021875 0.018750
0 0.437500 0.745313 0.021875 0.018750
0 0.767188 0.526563 0.021875 0.018750
0 0.662500 0.510938 0.021875 0.018750
0 0.587500 0.495312 0.021875 0.018750
0 0.512500 0.510938 0.021875 0.018750
0 0.437500 0.526563 0.021875 0.018750
0 0.767188 0.381250 0.021875 0.018750
0 0.700000 0.373437 0.021875 0.018750
0 0.662500 0.364063 0.021875 0.018750
0 0.625000 0.356250 0.021875 0.018750
0 0.587500 0.348438 0.021875 0.018750
0 0.512500 0.348438 0.021875 0.018750
