10 0.767969 0.192969 0.114062 0.045312
10 0.619531 0.192969 0.114062 0.045312
10 0.433594 0.192969 0.114062 0.045312
10 0.285156 0.192969 0.114062 0.045312
10 0.100781 0.206250 0.114062 0.040625
14 0.702344 0.096875 0.260937 0.059375
14 0.367969 0.096875 0.260937 0.059375
14 0.082812 0.099219 0.165625 0.054688
9 0.860938 0.256250 0.003125 0.287500
9 0.528125 0.256250 0.003125 0.287500
9 0.193750 0.256250 0.003125 0.287500
9 0.563281 0.347656 0.001563 0.085938
4 0.552344 0.334375 0.010937 0.043750
9 0.228906 0.347656 0.001563 0.085938
9 0.824219 0.148438 0.001563 0.078125
9 0.786719 0.167969 0.001563 0.054688
9 0.749219 0.164062 0.001563 0.078125
9 0.711719 0.188281 0.001563 0.045312
9 0.674219 0.148438 0.001563 0.078125
3 0.661719 0.098437 0.014063 0.040625
9 0.636719 0.167969 0.001563 0.054688
9 0.600781 0.164062 0.001563 0.078125
9 0.563281 0.188281 0.001563 0.045312
3 0.550781 0.154688 0.014063 0.040625
9 0.489844 0.148438 0.001563 0.078125
9 0.452344 0.167969 0.001563 0.054688
9 0.414844 0.164062 0.001563 0.078125
9 0.377344 0.188281 0.001563 0.045312
9 0.341406 0.148438 0.001563 0.078125
3 0.328906 0.098437 0.014063 0.040625
9 0.303906 0.167969 0.001563 0.054688
9 0.266406 0.164062 0.001563 0.078125
9 0.228906 0.188281 0.001563 0.045312
3 0.216406 0.154688 0.014063 0.040625
9 0.155469 0.160156 0.001563 0.085938
9 0.117969 0.184375 0.001563 0.053125
9 0.080469 0.174219 0.001563 0.082812
9 0.044531 0.198437 0.001563 0.050000
9 0.007031 0.160156 0.001563 0.085938
15 0.238281 0.263281 0.029687 0.026562
1 0.573438 0.301563 0.021875 0.018750
1 0.573438 0.318750 0.021875 0.018750
1 0.573438 0.334375 0.021875 0.018750
1 0.239063 0.301563 0.021875 0.018750
1 0.239063 0.318750 0.021875 0.018750
1 0.239063 0.334375 0.021875 0.018750
0 0.834375 0.106250 0.021875 0.018750
0 0.796875 0.139063 0.021875 0.018750
0 0.759375 0.121875 0.021875 0.018750
0 0.721875 0.162500 0.021875 0.018750
0 0.684375 0.106250 0.021875 0.018750
0 0.646875 0.139063 0.021875 0.018750
0 0.610938 0.121875 0.021875 0.018750
0 0.573438 0.162500 0.021875 0.018750
0 0.500000 0.106250 0.021875 0.018750
0 0.462500 0.139063 0.021875 0.018750
0 0.425000 0.121875 0.021875 0.018750
0 0.387500 0.162500 0.021875 0.018750
0 0.351562 0.106250 0.021875 0.018750
0 0.314063 0.139063 0.021875 0.018750
0 0.276562 0.121875 0.021875 0.018750
0 0.239063 0.162500 0.021875 0.018750
0 0.165625 0.114062 0.021875 0.018750
0 0.128125 0.154688 0.021875 0.018750
0 0.090625 0.129688 0.021875 0.018750
0 0.054688 0.170313 0.021875 0.018750
0 0.017188 0.114062 0.021875 0.018750
