10 0.592187 0.167187 0.075000 0.015625
10 0.434375 0.152344 0.118750 0.035937
10 0.298438 0.128906 0.081250 0.020313
10 0.764062 0.314844 0.118750 0.020313
10 0.610938 0.320312 0.112500 0.040625
10 0.103125 0.346094 0.112500 0.020313
14 0.709375 0.221875 0.287500 0.053125
14 0.116406 0.253125 0.232813 0.065625
14 0.603125 0.096875 0.075000 0.025000
14 0.385156 0.061719 0.232813 0.042188
9 0.860938 0.212500 0.003125 0.253125
9 0.529687 0.212500 0.003125 0.253125
9 0.195312 0.212500 0.003125 0.253125
9 0.821094 0.282813 0.001563 0.081250
9 0.783594 0.300000 0.001563 0.050000
9 0.747656 0.282813 0.001563 0.081250
9 0.705469 0.292187 0.001563 0.065625
9 0.666406 0.278906 0.001563 0.073438
9 0.628906 0.299219 0.001563 0.048438
9 0.592969 0.285938 0.001563 0.087500
9 0.555469 0.313281 0.001563 0.045312
12 0.383594 0.303906 0.017188 0.048438
12 0.309375 0.307812 0.015625 0.028125
15 0.249219 0.290625 0.017188 0.053125
9 0.241406 0.290625 0.001563 0.053125
9 0.158594 0.312500 0.001563 0.090625
9 0.121094 0.332813 0.001563 0.050000
9 0.083594 0.312500 0.001563 0.090625
9 0.047656 0.323437 0.001563 0.065625
9 0.010156 0.306250 0.001563 0.078125
12 0.713281 0.117969 0.017188 0.048438
9 0.628906 0.139063 0.001563 0.050000
9 0.555469 0.150781 0.001563 0.042188
9 0.491406 0.144531 0.001563 0.045312
9 0.453906 0.138281 0.001563 0.048438
9 0.417969 0.130469 0.001563 0.051562
4 0.407031 0.101562 0.010937 0.043750
9 0.375781 0.123438 0.001563 0.053125
9 0.338281 0.114062 0.001563 0.050000
9 0.302344 0.110156 0.001563 0.057813
4 0.291406 0.078125 0.010937 0.043750
9 0.258594 0.114062 0.001563 0.050000
12 0.055469 0.117969 0.017188 0.048438
0 0.831250 0.240625 0.021875 0.018750
0 0.793750 0.271875 0.021875 0.018750
0 0.757812 0.240625 0.021875 0.018750
0 0.715625 0.256250 0.021875 0.018750
0 0.676562 0.240625 0.021875 0.018750
0 0.639062 0.271875 0.021875 0.018750
0 0.603125 0.240625 0.021875 0.018750
0 0.565625 0.289062 0.021875 0.018750
0 0.232813 0.320312 0.021875 0.018750
0 0.168750 0.264062 0.021875 0.018750
0 0.131250 0.304688 0.021875 0.018750
0 0.093750 0.264062 0.021875 0.018750
0 0.057813 0.289062 0.021875 0.018750
0 0.020313 0.264062 0.021875 0.018750
0 0.639062 0.110937 0.021875 0.018750
0 0.565625 0.126562 0.021875 0.018750
0 0.501563 0.118750 0.021875 0.018750
0 0.464062 0.110937 0.021875 0.018750
0 0.428125 0.103125 0.021875 0.018750
0 0.385937 0.095312 0.021875 0.018750
0 0.348438 0.085938 0.021875 0.018750
0 0.312500 0.078125 0.021875 0.018750
0 0.268750 0.085938 0.021875 0.018750
