10 0.760156 0.332031 0.092188 0.032813
10 0.032813 0.407031 0.065625 0.035937
10 0.583594 0.550000 0.226562 0.015625
10 0.925781 0.720313 0.082812 0.025000
10 0.508594 0.765625 0.076563 0.025000
10 0.349219 0.755469 0.123438 0.045312
10 0.217969 0.736719 0.079687 0.048438
10 0.707812 0.852344 0.137500 0.020313
10 0.546094 0.852344 0.114062 0.020313
10 0.032813 0.911719 0.065625 0.020313
14 0.669531 0.985938 0.376563 0.028125
14 0.071875 0.822656 0.143750 0.060937
14 0.946875 0.648438 0.106250 0.062500
14 0.487500 0.681250 0.137500 0.021875
14 0.359375 0.670312 0.031250 0.015625
14 0.282031 0.655469 0.032813 0.017188
14 0.203906 0.639844 0.032813 0.017188
14 0.669531 0.467969 0.376563 0.035937
14 0.071875 0.492188 0.143750 0.037500
14 0.780469 0.428906 0.151562 0.029687
14 0.594531 0.322656 0.076563 0.010937
14 0.071875 0.336719 0.143750 0.048438
9 0.820312 0.809375 0.003125 0.228125
9 0.820312 0.450000 0.003125 0.237500
9 0.443750 0.809375 0.003125 0.228125
9 0.443750 0.450000 0.003125 0.237500
9 0.106250 0.809375 0.003125 0.228125
9 0.106250 0.450000 0.003125 0.237500
12 0.934375 0.892188 0.015625 0.028125
15 0.874219 0.915625 0.017188 0.053125
9 0.866406 0.921094 0.001563 0.060937
9 0.775781 0.868750 0.001563 0.053125
9 0.714844 0.889062 0.001563 0.093750
9 0.677344 0.868750 0.001563 0.053125
9 0.639844 0.881250 0.001563 0.078125
9 0.602344 0.868750 0.001563 0.053125
9 0.564844 0.889062 0.001563 0.093750
9 0.527344 0.868750 0.001563 0.053125
9 0.489844 0.896875 0.001563 0.109375
12 0.296094 0.889844 0.017188 0.048438
12 0.217188 0.892188 0.015625 0.028125
15 0.141406 0.912500 0.020313 0.053125
9 0.132031 0.910156 0.001563 0.051562
9 0.064844 0.878906 0.001563 0.085938
9 0.027344 0.895312 0.001563 0.053125
7 0.420312 0.898438 0.028125 0.075000
9 0.964844 0.696094 0.001563 0.057813
9 0.927344 0.692969 0.001563 0.067187
4 0.916406 0.656250 0.010937 0.043750
9 0.885156 0.701562 0.001563 0.053125
4 0.874219 0.671875 0.010937 0.043750
12 0.628906 0.728906 0.017188 0.048438
9 0.546094 0.732812 0.001563 0.050000
9 0.471094 0.748437 0.001563 0.050000
9 0.410156 0.744531 0.001563 0.057813
8 0.374219 0.683594 0.004687 0.004687
9 0.364844 0.737500 0.001563 0.059375
9 0.333594 0.732031 0.001563 0.064062
8 0.297656 0.667969 0.004687 0.004687
9 0.288281 0.723437 0.001563 0.065625
9 0.257031 0.720313 0.001563 0.075000
8 0.219531 0.652344 0.004687 0.004687
9 0.210156 0.711719 0.001563 0.073438
9 0.178906 0.704688 0.001563 0.075000
8 0.164062 0.720313 0.006250 0.006250
15 0.892969 0.810156 0.042188 0.039062
12 0.934375 0.537500 0.015625 0.028125
15 0.857031 0.532813 0.020313 0.053125
9 0.847656 0.532031 0.001563 0.051562
9 0.696094 0.517969 0.001563 0.057813
9 0.621094 0.511719 0.001563 0.076563
9 0.546094 0.520312 0.001563 0.062500
9 0.471094 0.531250 0.001563 0.050000
12 0.296094 0.535156 0.017188 0.048438
12 0.217188 0.537500 0.015625 0.028125
15 0.141406 0.557813 0.020313 0.053125
9 0.132031 0.555469 0.001563 0.051562
9 0.027344 0.539062 0.001563 0.050000
12 0.934375 0.367188 0.015625 0.028125
15 0.874219 0.382812 0.017188 0.053125
9 0.866406 0.382812 0.001563 0.053125
9 0.805469 0.358594 0.001563 0.085938
9 0.775781 0.354687 0.001563 0.078125
9 0.746094 0.350781 0.001563 0.070312
9 0.714844 0.354687 0.001563 0.078125
15 0.630469 0.370312 0.020313 0.053125
9 0.621094 0.369531 0.001563 0.051562
15 0.555469 0.370312 0.020313 0.053125
9 0.546094 0.369531 0.001563 0.051562
12 0.478125 0.367188 0.015625 0.028125
12 0.296094 0.364844 0.017188 0.048438
12 0.217188 0.367188 0.015625 0.028125
15 0.160156 0.350000 0.017188 0.053125
9 0.152344 0.351562 0.001563 0.053125
9 0.064844 0.397656 0.001563 0.045312
9 0.027344 0.391406 0.001563 0.048438
0 0.857812 0.954688 0.021875 0.018750
0 0.765625 0.898438 0.021875 0.018750
0 0.706250 0.939063 0.021875 0.018750
0 0.668750 0.898438 0.021875 0.018750
0 0.631250 0.921875 0.021875 0.018750
0 0.593750 0.898438 0.021875 0.018750
0 0.556250 0.939063 0.021875 0.018750
0 0.518750 0.898438 0.021875 0.018750
0 0.481250 0.954688 0.021875 0.018750
0 0.142187 0.882812 0.021875 0.018750
0 0.075000 0.834375 0.021875 0.018750
0 0.037500 0.865625 0.021875 0.018750
0 0.005469 0.834375 0.010937 0.018750
0 0.975000 0.664062 0.021875 0.018750
0 0.937500 0.656250 0.021875 0.018750
0 0.895312 0.671875 0.021875 0.018750
0 0.556250 0.704688 0.021875 0.018750
0 0.481250 0.720313 0.021875 0.018750
0 0.420312 0.712500 0.021875 0.018750
0 0.375000 0.704688 0.021875 0.018750
0 0.343750 0.696875 0.021875 0.018750
0 0.298438 0.689063 0.021875 0.018750
0 0.267188 0.679688 0.021875 0.018750
0 0.220312 0.671875 0.021875 0.018750
0 0.189062 0.664062 0.021875 0.018750
0 0.857812 0.503125 0.021875 0.018750
0 0.706250 0.485938 0.021875 0.018750
0 0.631250 0.470313 0.021875 0.018750
0 0.556250 0.485938 0.021875 0.018750
0 0.481250 0.503125 0.021875 0.018750
0 0.142187 0.526563 0.021875 0.018750
0 0.037500 0.510938 0.021875 0.018750
0 0.857812 0.412500 0.021875 0.018750
0 0.795312 0.404687 0.021875 0.018750
0 0.765625 0.396875 0.021875 0.018750
0 0.735938 0.389062 0.021875 0.018750
0 0.706250 0.396875 0.021875 0.018750
0 0.631250 0.340625 0.021875 0.018750
0 0.556250 0.340625 0.021875 0.018750
0 0.142187 0.381250 0.021875 0.018750
0 0.075000 0.373437 0.021875 0.018750
0 0.037500 0.364063 0.021875 0.018750
0 0.005469 0.356250 0.010937 0.018750
