10 0.528906 0.364844 0.135937 0.032813
10 0.767969 0.736719 0.101562 0.032813
10 0.422656 0.714844 0.079687 0.007812
10 0.258594 0.719531 0.101562 0.032813
10 0.043750 0.719531 0.087500 0.032813
10 0.442969 0.852344 0.079687 0.007812
10 0.114844 0.836719 0.229687 0.007812
14 0.703125 0.684375 0.021875 0.009375
14 0.789062 0.647656 0.125000 0.020313
14 0.193750 0.684375 0.021875 0.009375
14 0.305469 0.626563 0.176563 0.025000
14 0.070312 0.610156 0.140625 0.023438
14 0.448437 0.329688 0.018750 0.009375
9 0.860938 0.800000 0.003125 0.228125
9 0.860938 0.445312 0.003125 0.228125
9 0.351562 0.800000 0.003125 0.228125
9 0.351562 0.445312 0.003125 0.228125
8 0.727344 0.836719 0.004687 0.004687
15 0.727344 0.903125 0.020313 0.053125
9 0.717969 0.892969 0.001563 0.067187
12 0.646875 0.884375 0.015625 0.028125
8 0.471094 0.941406 0.004687 0.004687
9 0.480469 0.883594 0.001563 0.070312
8 0.392969 0.941406 0.004687 0.004687
9 0.403906 0.883594 0.001563 0.070312
4 0.374219 0.920312 0.010937 0.043750
8 0.217969 0.932031 0.004687 0.004687
9 0.227344 0.871875 0.001563 0.078125
8 0.139844 0.924219 0.004687 0.004687
9 0.149219 0.867969 0.001563 0.070312
9 0.007031 0.871875 0.001563 0.078125
9 0.816406 0.712500 0.001563 0.078125
9 0.772656 0.717969 0.001563 0.070312
15 0.702344 0.642188 0.010937 0.037500
9 0.697656 0.642969 0.001563 0.035937
9 0.717969 0.712500 0.001563 0.078125
12 0.646875 0.721875 0.015625 0.028125
8 0.471094 0.642969 0.004687 0.004687
9 0.461719 0.692187 0.001563 0.053125
8 0.392969 0.642969 0.004687 0.004687
9 0.383594 0.692187 0.001563 0.053125
9 0.307031 0.696875 0.001563 0.078125
9 0.263281 0.700781 0.001563 0.070312
15 0.192969 0.626563 0.010937 0.037500
9 0.188281 0.627344 0.001563 0.035937
9 0.208594 0.696875 0.001563 0.078125
8 0.139844 0.627344 0.004687 0.004687
15 0.139844 0.693750 0.020313 0.053125
9 0.130469 0.683594 0.001563 0.067187
9 0.086719 0.689063 0.001563 0.093750
9 0.041406 0.692969 0.001563 0.085938
11 0.606250 0.514062 0.018750 0.009375
11 0.114062 0.514062 0.018750 0.009375
12 0.725000 0.367188 0.015625 0.028125
8 0.649219 0.288281 0.004687 0.004687
15 0.649219 0.337500 0.020313 0.053125
9 0.639844 0.336719 0.001563 0.051562
9 0.596094 0.342187 0.001563 0.078125
9 0.550781 0.346094 0.001563 0.070312
9 0.507031 0.349219 0.001563 0.060937
4 0.497656 0.315625 0.010937 0.043750
15 0.450781 0.282031 0.010937 0.032813
9 0.447656 0.282031 0.014063 0.032813
9 0.461719 0.346094 0.001563 0.070312
12 0.390625 0.367188 0.015625 0.028125
11 0.114062 0.351562 0.018750 0.009375
15 0.471094 0.439844 0.029687 0.026562
0 0.728125 0.857812 0.021875 0.018750
0 0.728125 0.873437 0.021875 0.018750
0 0.471875 0.906250 0.021875 0.018750
0 0.471875 0.921875 0.021875 0.018750
0 0.393750 0.906250 0.021875 0.018750
0 0.393750 0.921875 0.021875 0.018750
0 0.218750 0.896875 0.021875 0.018750
0 0.218750 0.914062 0.021875 0.018750
0 0.140625 0.889062 0.021875 0.018750
0 0.140625 0.906250 0.021875 0.018750
0 0.003906 0.896875 0.007812 0.018750
0 0.003906 0.914062 0.007812 0.018750
0 0.826562 0.671875 0.021875 0.018750
0 0.782813 0.679688 0.021875 0.018750
0 0.692187 0.663281 0.012500 0.010937
0 0.728125 0.671875 0.021875 0.018750
0 0.471875 0.664062 0.021875 0.018750
0 0.393750 0.664062 0.021875 0.018750
0 0.317188 0.654687 0.021875 0.018750
0 0.273438 0.664062 0.021875 0.018750
0 0.182812 0.647656 0.012500 0.010937
0 0.218750 0.654687 0.021875 0.018750
0 0.140625 0.646875 0.021875 0.018750
0 0.096875 0.639062 0.021875 0.018750
0 0.051562 0.646875 0.021875 0.018750
0 0.003906 0.639062 0.007812 0.018750
0 0.650000 0.307812 0.021875 0.018750
0 0.606250 0.300000 0.021875 0.018750
0 0.560937 0.307812 0.021875 0.018750
0 0.517188 0.315625 0.021875 0.018750
0 0.439063 0.299219 0.012500 0.010937
0 0.471875 0.307812 0.021875 0.018750
