10 0.778906 0.124219 0.085938 0.032813
10 0.412500 0.129688 0.068750 0.028125
10 0.265625 0.134375 0.153125 0.053125
10 0.066406 0.061719 0.132812 0.035937
14 0.721875 0.073438 0.021875 0.009375
14 0.800000 0.036719 0.106250 0.020313
14 0.213281 0.032813 0.351562 0.040625
9 0.860938 0.209375 0.003125 0.268750
9 0.510938 0.209375 0.003125 0.268750
9 0.162500 0.209375 0.003125 0.268750
8 0.746094 0.241406 0.004687 0.004687
15 0.746094 0.309375 0.020313 0.053125
9 0.736719 0.299219 0.001563 0.067187
12 0.678125 0.312500 0.015625 0.028125
12 0.610938 0.312500 0.015625 0.028125
8 0.547656 0.233594 0.004687 0.004687
15 0.547656 0.300000 0.020313 0.053125
9 0.538281 0.289844 0.001563 0.067187
8 0.453906 0.241406 0.004687 0.004687
15 0.453906 0.309375 0.020313 0.053125
9 0.444531 0.299219 0.001563 0.067187
12 0.385937 0.312500 0.015625 0.028125
12 0.197656 0.310156 0.017188 0.048438
12 0.062500 0.312500 0.015625 0.028125
9 0.821094 0.101562 0.001563 0.078125
9 0.783594 0.105469 0.001563 0.070312
15 0.721094 0.029687 0.010937 0.037500
9 0.716406 0.032031 0.001563 0.035937
9 0.736719 0.101562 0.001563 0.078125
12 0.678125 0.110937 0.015625 0.028125
12 0.610938 0.110937 0.015625 0.028125
8 0.547656 0.047656 0.004687 0.004687
15 0.547656 0.098437 0.020313 0.053125
9 0.538281 0.096094 0.001563 0.051562
8 0.453906 0.039844 0.004687 0.004687
9 0.444531 0.091406 0.001563 0.057813
8 0.388281 0.063281 0.004687 0.004687
9 0.378906 0.113281 0.001563 0.054688
9 0.341406 0.107031 0.001563 0.057813
9 0.283594 0.114844 0.001563 0.057813
9 0.246094 0.122656 0.001563 0.054688
9 0.189844 0.129688 0.001563 0.053125
9 0.132031 0.075781 0.001563 0.057813
9 0.075781 0.080469 0.001563 0.064062
9 0.038281 0.085938 0.001563 0.071875
15 0.746094 0.208594 0.029687 0.026562
0 0.746875 0.262500 0.021875 0.018750
0 0.746875 0.278125 0.021875 0.018750
0 0.548438 0.254688 0.021875 0.018750
0 0.548438 0.270313 0.021875 0.018750
0 0.454688 0.262500 0.021875 0.018750
0 0.454688 0.278125 0.021875 0.018750
0 0.831250 0.059375 0.021875 0.018750
0 0.793750 0.067187 0.021875 0.018750
0 0.710938 0.050781 0.012500 0.010937
0 0.746875 0.059375 0.021875 0.018750
0 0.548438 0.067187 0.021875 0.018750
0 0.454688 0.059375 0.021875 0.018750
0 0.389062 0.084375 0.021875 0.018750
0 0.351562 0.076563 0.021875 0.018750
0 0.293750 0.084375 0.021875 0.018750
0 0.256250 0.092188 0.021875 0.018750
0 0.200000 0.100000 0.021875 0.018750
0 0.123438 0.107813 0.021875 0.018750
0 0.065625 0.115625 0.021875 0.018750
0 0.028125 0.125000 0.021875 0.018750
