10 0.911719 0.132031 0.064062 0.032813
10 0.766406 0.132031 0.064062 0.032813
10 0.588281 0.132031 0.064062 0.032813
10 0.434375 0.125781 0.050000 0.029687
10 0.306250 0.121094 0.084375 0.026562
10 0.146094 0.116406 0.114062 0.035937
10 0.778906 0.319531 0.201563 0.007812
14 0.868750 0.089844 0.012500 0.007812
14 0.944531 0.044531 0.110937 0.026562
14 0.725000 0.089844 0.012500 0.007812
14 0.789062 0.046094 0.090625 0.023438
14 0.546875 0.089844 0.012500 0.007812
14 0.627344 0.044531 0.123438 0.026562
14 0.253125 0.074219 0.015625 0.007812
14 0.346094 0.034375 0.145313 0.021875
14 0.106250 0.057813 0.212500 0.043750
9 0.976562 0.200000 0.003125 0.268750
9 0.653125 0.200000 0.003125 0.268750
9 0.382812 0.200000 0.003125 0.268750
9 0.064062 0.200000 0.003125 0.268750
8 0.889844 0.207031 0.004687 0.004687
9 0.880469 0.278125 0.001563 0.093750
8 0.833594 0.207031 0.004687 0.004687
9 0.824219 0.278125 0.001563 0.093750
8 0.744531 0.207031 0.004687 0.004687
9 0.735156 0.278125 0.001563 0.093750
8 0.689844 0.207031 0.004687 0.004687
9 0.678906 0.278125 0.001563 0.093750
8 0.566406 0.207031 0.004687 0.004687
15 0.566406 0.298438 0.020313 0.053125
9 0.557031 0.277344 0.001563 0.092188
12 0.514062 0.303125 0.015625 0.028125
12 0.465625 0.303125 0.015625 0.028125
8 0.419531 0.222656 0.004687 0.004687
15 0.419531 0.290625 0.020313 0.053125
9 0.410156 0.280469 0.001563 0.067187
8 0.322656 0.232031 0.004687 0.004687
15 0.322656 0.298438 0.020313 0.053125
9 0.313281 0.288281 0.001563 0.067187
12 0.271875 0.303125 0.015625 0.028125
12 0.097656 0.300781 0.017188 0.048438
9 0.941406 0.113281 0.001563 0.070312
9 0.914844 0.116406 0.001563 0.060937
15 0.874219 0.045312 0.010937 0.037500
9 0.869531 0.047656 0.001563 0.035937
9 0.880469 0.113281 0.001563 0.070312
8 0.833594 0.055469 0.004687 0.004687
15 0.833594 0.112500 0.020313 0.053125
9 0.824219 0.111719 0.001563 0.051562
9 0.796094 0.113281 0.001563 0.070312
9 0.769531 0.116406 0.001563 0.060937
15 0.728906 0.045312 0.010937 0.037500
9 0.724219 0.047656 0.001563 0.035937
9 0.735156 0.113281 0.001563 0.070312
8 0.689844 0.055469 0.004687 0.004687
15 0.688281 0.112500 0.020313 0.053125
9 0.678906 0.111719 0.001563 0.051562
9 0.617969 0.113281 0.001563 0.070312
9 0.591406 0.116406 0.001563 0.060937
15 0.550781 0.045312 0.010937 0.037500
9 0.546094 0.047656 0.001563 0.035937
9 0.557031 0.113281 0.001563 0.070312
12 0.514062 0.101562 0.015625 0.028125
8 0.467969 0.005469 0.004687 0.004687
9 0.458594 0.072656 0.001563 0.085938
8 0.419531 0.055469 0.004687 0.004687
9 0.410156 0.110937 0.001563 0.050000
9 0.347656 0.105469 0.001563 0.054688
9 0.313281 0.096094 0.001563 0.054688
9 0.250781 0.032813 0.001563 0.031250
9 0.264844 0.088281 0.001563 0.054688
9 0.202344 0.097656 0.001563 0.057813
9 0.160156 0.094531 0.001563 0.067187
9 0.132031 0.098437 0.001563 0.059375
9 0.089844 0.104688 0.001563 0.053125
9 0.028906 0.125000 0.001563 0.078125
15 0.564844 0.178906 0.029687 0.026562
0 0.890625 0.228125 0.021875 0.018750
0 0.890625 0.268750 0.021875 0.018750
0 0.834375 0.228125 0.021875 0.018750
0 0.834375 0.259375 0.021875 0.018750
0 0.745313 0.228125 0.021875 0.018750
0 0.745313 0.268750 0.021875 0.018750
0 0.689063 0.228125 0.021875 0.018750
0 0.689063 0.259375 0.021875 0.018750
0 0.567187 0.228125 0.021875 0.018750
0 0.567187 0.268750 0.021875 0.018750
0 0.420312 0.243750 0.021875 0.018750
0 0.420312 0.259375 0.021875 0.018750
0 0.323437 0.251563 0.021875 0.018750
0 0.323437 0.268750 0.021875 0.018750
0 0.951562 0.075000 0.021875 0.018750
0 0.925000 0.082812 0.021875 0.018750
0 0.864062 0.066406 0.012500 0.010937
0 0.890625 0.075000 0.021875 0.018750
0 0.834375 0.082812 0.021875 0.018750
0 0.806250 0.075000 0.021875 0.018750
0 0.779687 0.082812 0.021875 0.018750
0 0.718750 0.066406 0.012500 0.010937
0 0.745313 0.075000 0.021875 0.018750
0 0.689063 0.082812 0.021875 0.018750
0 0.628125 0.075000 0.021875 0.018750
0 0.601562 0.082812 0.021875 0.018750
0 0.540625 0.066406 0.012500 0.010937
0 0.567187 0.075000 0.021875 0.018750
0 0.468750 0.026562 0.021875 0.018750
0 0.468750 0.042188 0.021875 0.018750
0 0.420312 0.082812 0.021875 0.018750
0 0.357812 0.075000 0.021875 0.018750
0 0.323437 0.067187 0.021875 0.018750
0 0.245312 0.050781 0.012500 0.010937
0 0.275000 0.059375 0.021875 0.018750
0 0.212500 0.067187 0.021875 0.018750
0 0.170313 0.059375 0.021875 0.018750
0 0.142187 0.067187 0.021875 0.018750
0 0.100000 0.075000 0.021875 0.018750
0 0.039062 0.082812 0.021875 0.018750
0 0.003906 0.090625 0.007812 0.018750
