2 0.407813 0.727344 0.015625 0.045312
2 0.387500 0.703906 0.015625 0.045312
2 0.368750 0.678906 0.015625 0.045312
2 0.348438 0.711719 0.015625 0.045312
2 0.328125 0.686719 0.015625 0.045312
7 0.281250 0.721094 0.043750 0.114062
2 0.407813 0.549219 0.015625 0.045312
2 0.387500 0.525781 0.015625 0.045312
2 0.368750 0.500781 0.015625 0.045312
2 0.348438 0.533594 0.015625 0.045312
2 0.328125 0.510156 0.015625 0.045312
13 0.282031 0.521094 0.045312 0.057813
2 0.407813 0.905469 0.015625 0.045312
2 0.387500 0.880469 0.015625 0.045312
2 0.368750 0.857031 0.015625 0.045312
2 0.348438 0.888281 0.015625 0.045312
2 0.328125 0.864844 0.015625 0.045312
13 0.282031 0.877344 0.045312 0.057813
2 0.407813 0.372656 0.015625 0.045312
2 0.387500 0.347656 0.015625 0.045312
2 0.368750 0.324219 0.015625 0.045312
2 0.348438 0.355469 0.015625 0.045312
2 0.328125 0.332031 0.015625 0.045312
7 0.281250 0.366406 0.043750 0.114062
10 0.828906 0.755469 0.120313 0.007812
10 0.589844 0.746875 0.264062 0.040625
10 0.858594 0.907031 0.179688 0.020313
10 0.566406 0.907031 0.217188 0.020313
14 0.714063 0.825000 0.571875 0.062500
14 0.624219 0.657813 0.310937 0.050000
14 0.528125 0.653125 0.118750 0.012500
9 0.248438 0.622656 0.003125 0.582812
9 0.947656 0.884375 0.001563 0.065625
9 0.888281 0.892188 0.001563 0.050000
9 0.828906 0.884375 0.001563 0.065625
9 0.769531 0.892188 0.001563 0.050000
9 0.674219 0.884375 0.001563 0.065625
9 0.577344 0.892188 0.001563 0.050000
9 0.517969 0.884375 0.001563 0.065625
4 0.508594 0.848437 0.010937 0.043750
9 0.458594 0.892188 0.001563 0.050000
9 0.888281 0.732812 0.001563 0.053125
9 0.769531 0.732812 0.001563 0.053125
4 0.758594 0.703125 0.010937 0.043750
9 0.721094 0.731250 0.001563 0.065625
9 0.674219 0.725781 0.001563 0.070312
9 0.625781 0.721094 0.001563 0.076563
4 0.616406 0.678125 0.010937 0.043750
9 0.577344 0.714063 0.001563 0.081250
9 0.458594 0.710156 0.001563 0.073438
4 0.449219 0.670312 0.010937 0.043750
9 0.458594 0.538281 0.001563 0.051562
11 0.717187 0.351562 0.018750 0.009375
0 0.957812 0.848437 0.021875 0.018750
0 0.898438 0.865625 0.021875 0.018750
0 0.839063 0.848437 0.021875 0.018750
0 0.779687 0.865625 0.021875 0.018750
0 0.684375 0.848437 0.021875 0.018750
0 0.587500 0.865625 0.021875 0.018750
0 0.528125 0.848437 0.021875 0.018750
0 0.468750 0.865625 0.021875 0.018750
0 0.898438 0.703125 0.021875 0.018750
0 0.779687 0.703125 0.021875 0.018750
0 0.731250 0.695312 0.021875 0.018750
0 0.684375 0.687500 0.021875 0.018750
0 0.635938 0.679688 0.021875 0.018750
0 0.587500 0.671875 0.021875 0.018750
0 0.468750 0.671875 0.021875 0.018750
1 0.468750 0.509375 0.021875 0.018750
