10 0.485938 0.409375 0.053125 0.025000
10 0.386719 0.316406 0.067187 0.032813
10 0.222656 0.316406 0.067187 0.032813
10 0.029687 0.316406 0.059375 0.032813
10 0.217188 0.608594 0.237500 0.007812
10 0.813281 0.724219 0.070312 0.045312
10 0.716406 0.746875 0.070312 0.053125
10 0.485938 0.795312 0.053125 0.025000
10 0.367969 0.802344 0.067187 0.032813
10 0.202344 0.802344 0.067187 0.032813
10 0.019531 0.802344 0.039062 0.032813
10 0.217188 0.989844 0.237500 0.007812
14 0.800781 0.731250 0.104688 0.109375
14 0.325000 0.750000 0.012500 0.009375
14 0.407031 0.712500 0.126562 0.018750
14 0.159375 0.750000 0.012500 0.009375
14 0.227344 0.713281 0.095312 0.017188
14 0.054688 0.712500 0.109375 0.018750
14 0.761719 0.601562 0.179688 0.034375
14 0.761719 0.448437 0.179688 0.015625
14 0.332031 0.378906 0.026562 0.017188
14 0.413281 0.310937 0.117188 0.065625
14 0.165625 0.378906 0.025000 0.017188
14 0.228125 0.397656 0.093750 0.026562
14 0.054688 0.398438 0.109375 0.028125
9 0.860938 0.860156 0.003125 0.270313
9 0.860938 0.464844 0.003125 0.267188
9 0.635938 0.860156 0.003125 0.270313
9 0.635938 0.464844 0.003125 0.267188
9 0.434375 0.860156 0.003125 0.270313
9 0.434375 0.464844 0.003125 0.267188
9 0.071875 0.860156 0.003125 0.270313
9 0.071875 0.464844 0.003125 0.267188
9 0.682031 0.955469 0.001563 0.089063
12 0.571094 0.961719 0.017188 0.048438
12 0.518750 0.964063 0.015625 0.028125
8 0.469531 0.875781 0.004687 0.004687
15 0.469531 0.959375 0.020313 0.053125
9 0.460156 0.942187 0.001563 0.084375
8 0.344531 0.875781 0.004687 0.004687
9 0.335156 0.946875 0.001563 0.093750
8 0.274219 0.875781 0.004687 0.004687
9 0.263281 0.946875 0.001563 0.093750
8 0.178906 0.875781 0.004687 0.004687
9 0.169531 0.946875 0.001563 0.093750
8 0.108594 0.875781 0.004687 0.004687
9 0.099219 0.946875 0.001563 0.093750
9 0.846094 0.748437 0.001563 0.062500
9 0.778906 0.733594 0.001563 0.057813
9 0.750781 0.782813 0.001563 0.075000
9 0.682031 0.752344 0.001563 0.054688
12 0.571094 0.758594 0.017188 0.048438
8 0.521094 0.657031 0.004687 0.004687
9 0.511719 0.732812 0.001563 0.106250
8 0.469531 0.733594 0.004687 0.004687
9 0.460156 0.778125 0.001563 0.050000
9 0.399219 0.782031 0.001563 0.073438
9 0.371094 0.785937 0.001563 0.065625
15 0.328906 0.712500 0.010937 0.037500
9 0.324219 0.714844 0.001563 0.035937
9 0.335156 0.782031 0.001563 0.073438
8 0.274219 0.733594 0.004687 0.004687
15 0.272656 0.781250 0.020313 0.053125
9 0.263281 0.778906 0.001563 0.051562
9 0.235156 0.782031 0.001563 0.073438
9 0.205469 0.785937 0.001563 0.065625
15 0.164844 0.712500 0.010937 0.037500
9 0.160156 0.714844 0.001563 0.035937
9 0.169531 0.782031 0.001563 0.073438
8 0.108594 0.733594 0.004687 0.004687
15 0.108594 0.781250 0.020313 0.053125
9 0.099219 0.778906 0.001563 0.051562
9 0.038281 0.782031 0.001563 0.073438
9 0.008594 0.785937 0.001563 0.065625
15 0.671094 0.860156 0.032813 0.039062
9 0.682031 0.537500 0.001563 0.046875
12 0.571094 0.564844 0.017188 0.048438
12 0.518750 0.567187 0.015625 0.028125
8 0.469531 0.511719 0.004687 0.004687
15 0.469531 0.562500 0.020313 0.053125
9 0.460156 0.560156 0.001563 0.051562
8 0.344531 0.539844 0.004687 0.004687
9 0.335156 0.585938 0.001563 0.053125
8 0.274219 0.511719 0.004687 0.004687
9 0.263281 0.573438 0.001563 0.078125
8 0.178906 0.539844 0.004687 0.004687
9 0.169531 0.585938 0.001563 0.053125
8 0.108594 0.511719 0.004687 0.004687
9 0.099219 0.573438 0.001563 0.078125
15 0.671094 0.635156 0.032813 0.039062
9 0.682031 0.394531 0.001563 0.060937
12 0.571094 0.364844 0.017188 0.048438
8 0.521094 0.278906 0.004687 0.004687
9 0.511719 0.352344 0.001563 0.098437
8 0.469531 0.355469 0.004687 0.004687
9 0.460156 0.396094 0.001563 0.042188
9 0.419531 0.330469 0.001563 0.060937
9 0.389844 0.335156 0.001563 0.070312
15 0.328906 0.335938 0.010937 0.037500
9 0.324219 0.336719 0.001563 0.035937
9 0.353906 0.330469 0.001563 0.060937
8 0.274219 0.388281 0.004687 0.004687
15 0.291406 0.342187 0.017188 0.053125
9 0.283594 0.343750 0.001563 0.053125
9 0.253906 0.330469 0.001563 0.060937
9 0.225781 0.335156 0.001563 0.070312
15 0.164844 0.335938 0.010937 0.037500
9 0.160156 0.336719 0.001563 0.035937
9 0.189844 0.330469 0.001563 0.060937
8 0.108594 0.388281 0.004687 0.004687
15 0.127344 0.342187 0.017188 0.053125
9 0.119531 0.343750 0.001563 0.053125
9 0.057031 0.330469 0.001563 0.060937
9 0.028906 0.335156 0.001563 0.070312
15 0.671094 0.478906 0.032813 0.039062
1 0.673438 0.960938 0.021875 0.018750
1 0.673438 0.985938 0.021875 0.018750
1 0.673438 0.996094 0.021875 0.007812
0 0.470313 0.896875 0.021875 0.018750
0 0.470313 0.929688 0.021875 0.018750
0 0.345313 0.896875 0.021875 0.018750
0 0.345313 0.937500 0.021875 0.018750
0 0.273438 0.896875 0.021875 0.018750
0 0.273438 0.929688 0.021875 0.018750
0 0.179688 0.896875 0.021875 0.018750
0 0.179688 0.937500 0.021875 0.018750
0 0.109375 0.896875 0.021875 0.018750
0 0.109375 0.929688 0.021875 0.018750
0 0.837500 0.782813 0.021875 0.018750
0 0.770312 0.767188 0.021875 0.018750
0 0.740625 0.823438 0.021875 0.018750
0 0.673438 0.782813 0.021875 0.018750
0 0.521875 0.678125 0.021875 0.018750
0 0.521875 0.693750 0.021875 0.018750
0 0.470313 0.750000 0.021875 0.018750
0 0.409375 0.742188 0.021875 0.018750
0 0.381250 0.750000 0.021875 0.018750
0 0.318750 0.733594 0.012500 0.010937
0 0.345313 0.742188 0.021875 0.018750
0 0.273438 0.750000 0.021875 0.018750
0 0.245312 0.742188 0.021875 0.018750
0 0.215625 0.750000 0.021875 0.018750
0 0.153125 0.733594 0.012500 0.010937
0 0.179688 0.742188 0.021875 0.018750
0 0.109375 0.750000 0.021875 0.018750
0 0.048438 0.742188 0.021875 0.018750
0 0.018750 0.750000 0.021875 0.018750
1 0.673438 0.564063 0.021875 0.018750
0 0.470313 0.532813 0.021875 0.018750
0 0.345313 0.556250 0.021875 0.018750
0 0.273438 0.532813 0.021875 0.018750
0 0.179688 0.556250 0.021875 0.018750
0 0.109375 0.532813 0.021875 0.018750
1 0.673438 0.429688 0.021875 0.018750
0 0.521875 0.300000 0.021875 0.018750
0 0.470313 0.373437 0.021875 0.018750
0 0.409375 0.364063 0.021875 0.018750
0 0.381250 0.373437 0.021875 0.018750
0 0.318750 0.357031 0.012500 0.010937
0 0.345313 0.364063 0.021875 0.018750
0 0.273438 0.373437 0.021875 0.018750
0 0.245312 0.364063 0.021875 0.018750
0 0.215625 0.373437 0.021875 0.018750
0 0.153125 0.357031 0.012500 0.010937
0 0.179688 0.364063 0.021875 0.018750
0 0.109375 0.373437 0.021875 0.018750
0 0.048438 0.364063 0.021875 0.018750
0 0.018750 0.373437 0.021875 0.018750
