10 0.925781 0.173437 0.114062 0.040625
10 0.725781 0.051562 0.114062 0.040625
10 0.567187 0.049219 0.131250 0.045312
10 0.353906 0.173437 0.114062 0.040625
10 0.203906 0.173437 0.114062 0.040625
10 0.037500 0.158594 0.075000 0.045312
13 0.939063 0.065625 0.121875 0.053125
13 0.632812 0.155469 0.281250 0.045312
13 0.287500 0.075000 0.262500 0.068750
13 0.042188 0.062500 0.084375 0.059375
14 0.804688 0.219531 0.003125 0.279687
14 0.448437 0.219531 0.003125 0.279687
14 0.112500 0.219531 0.003125 0.279687
9 0.869531 0.307031 0.001563 0.085938
3 0.827344 0.268750 0.014063 0.040625
6 0.850781 0.252344 0.026562 0.039062
9 0.483594 0.307812 0.001563 0.053125
3 0.471094 0.268750 0.014063 0.040625
9 0.147656 0.307812 0.001563 0.068750
9 0.980469 0.129688 0.001563 0.078125
6 0.963281 0.078906 0.026562 0.039062
9 0.944531 0.150000 0.001563 0.053125
9 0.907031 0.145313 0.001563 0.075000
3 0.894531 0.095312 0.014063 0.040625
9 0.869531 0.164062 0.001563 0.050000
9 0.782031 0.060937 0.001563 0.050000
9 0.744531 0.083594 0.001563 0.082812
9 0.707031 0.075000 0.001563 0.053125
9 0.669531 0.099219 0.001563 0.085938
9 0.632031 0.057813 0.001563 0.053125
9 0.594531 0.081250 0.001563 0.087500
3 0.563281 0.120313 0.014063 0.040625
9 0.549219 0.074219 0.001563 0.054688
3 0.516406 0.095312 0.014063 0.040625
9 0.502344 0.099219 0.001563 0.085938
9 0.410156 0.125781 0.001563 0.085938
9 0.372656 0.146094 0.001563 0.060937
9 0.335156 0.139844 0.001563 0.082812
9 0.297656 0.164062 0.001563 0.050000
9 0.260156 0.125781 0.001563 0.085938
3 0.247656 0.071875 0.014063 0.040625
9 0.222656 0.146094 0.001563 0.060937
9 0.185156 0.139844 0.001563 0.082812
9 0.147656 0.164062 0.001563 0.050000
3 0.135156 0.128125 0.014063 0.040625
9 0.074219 0.114062 0.001563 0.078125
9 0.036719 0.138281 0.001563 0.045312
14 0.155469 0.225781 0.054688 0.039062
1 0.879687 0.262500 0.021875 0.018750
1 0.879687 0.278125 0.021875 0.018750
1 0.879687 0.293750 0.021875 0.018750
1 0.493750 0.278125 0.021875 0.018750
1 0.157812 0.270313 0.021875 0.018750
1 0.157812 0.285938 0.021875 0.018750
0 0.989844 0.089063 0.020313 0.018750
0 0.954688 0.120313 0.021875 0.018750
0 0.917188 0.104688 0.021875 0.018750
0 0.879687 0.137500 0.021875 0.018750
0 0.773438 0.089063 0.021875 0.018750
0 0.735938 0.128125 0.021875 0.018750
0 0.698438 0.104688 0.021875 0.018750
0 0.660937 0.145313 0.021875 0.018750
0 0.623437 0.089063 0.021875 0.018750
0 0.585938 0.128125 0.021875 0.018750
0 0.539062 0.104688 0.021875 0.018750
0 0.493750 0.145313 0.021875 0.018750
0 0.420312 0.079687 0.021875 0.018750
0 0.382812 0.112500 0.021875 0.018750
0 0.345313 0.096875 0.021875 0.018750
0 0.307812 0.137500 0.021875 0.018750
0 0.270313 0.079687 0.021875 0.018750
0 0.232813 0.112500 0.021875 0.018750
0 0.195312 0.096875 0.021875 0.018750
0 0.157812 0.137500 0.021875 0.018750
0 0.084375 0.071875 0.021875 0.018750
0 0.046875 0.112500 0.021875 0.018750
0 0.010156 0.089063 0.020313 0.018750
