10 0.560937 0.334375 0.409375 0.012500
10 0.219531 0.348438 0.135937 0.040625
10 0.053906 0.364063 0.107813 0.040625
10 0.826562 0.721094 0.037500 0.051562
10 0.746875 0.868750 0.037500 0.037500
10 0.655469 0.728906 0.079687 0.067187
10 0.562500 0.736719 0.037500 0.051562
10 0.482812 0.868750 0.037500 0.037500
10 0.392969 0.728906 0.073438 0.067187
14 0.072656 0.863281 0.145313 0.026562
14 0.825000 0.811719 0.053125 0.048438
14 0.644531 0.893750 0.220312 0.193750
14 0.418750 0.893750 0.143750 0.193750
14 0.115625 0.816406 0.231250 0.032813
14 0.209375 0.428125 0.134375 0.046875
14 0.050000 0.437500 0.100000 0.046875
9 0.860938 0.835938 0.003125 0.243750
9 0.860938 0.458594 0.003125 0.254688
9 0.310937 0.835938 0.003125 0.243750
9 0.310937 0.458594 0.003125 0.254688
9 0.764844 0.915625 0.001563 0.106250
9 0.728906 0.883594 0.001563 0.057813
9 0.500781 0.915625 0.001563 0.106250
9 0.464844 0.883594 0.001563 0.057813
9 0.152344 0.867188 0.001563 0.040625
9 0.844531 0.750000 0.001563 0.068750
9 0.808594 0.732812 0.001563 0.068750
9 0.692969 0.765625 0.001563 0.068750
9 0.658594 0.750781 0.001563 0.067187
4 0.628906 0.787500 0.010937 0.043750
9 0.616406 0.734375 0.001563 0.068750
9 0.580469 0.765625 0.001563 0.068750
9 0.544531 0.746094 0.001563 0.060937
9 0.428906 0.773438 0.001563 0.084375
9 0.392969 0.757812 0.001563 0.084375
9 0.357031 0.736719 0.001563 0.076563
9 0.196094 0.745313 0.001563 0.031250
15 0.249219 0.740625 0.017188 0.053125
9 0.241406 0.750000 0.001563 0.068750
4 0.211719 0.787500 0.010937 0.043750
12 0.603906 0.552344 0.017188 0.048438
9 0.338281 0.573438 0.001563 0.050000
9 0.152344 0.539844 0.001563 0.051562
8 0.755469 0.439844 0.004687 0.004687
9 0.764844 0.374219 0.001563 0.085938
8 0.605469 0.439844 0.004687 0.004687
9 0.616406 0.375000 0.001563 0.084375
8 0.489844 0.457031 0.004687 0.004687
9 0.500781 0.384375 0.001563 0.100000
8 0.347656 0.457031 0.004687 0.004687
9 0.357031 0.385156 0.001563 0.098437
9 0.285156 0.357812 0.001563 0.053125
9 0.241406 0.370312 0.001563 0.062500
9 0.197656 0.381250 0.001563 0.071875
9 0.152344 0.388281 0.001563 0.073438
9 0.108594 0.371094 0.001563 0.045312
9 0.063281 0.378125 0.001563 0.046875
4 0.033594 0.404687 0.010937 0.043750
9 0.014844 0.389062 0.001563 0.056250
0 0.754687 0.971875 0.021875 0.018750
0 0.720313 0.915625 0.021875 0.018750
0 0.490625 0.971875 0.021875 0.018750
0 0.454688 0.915625 0.021875 0.018750
0 0.143750 0.892188 0.021875 0.018750
0 0.835938 0.787500 0.021875 0.018750
0 0.800000 0.771875 0.021875 0.018750
0 0.684375 0.803125 0.021875 0.018750
0 0.648438 0.787500 0.021875 0.018750
0 0.606250 0.771875 0.021875 0.018750
0 0.570312 0.803125 0.021875 0.018750
0 0.535937 0.779687 0.021875 0.018750
0 0.420312 0.820312 0.021875 0.018750
0 0.384375 0.803125 0.021875 0.018750
0 0.348438 0.779687 0.021875 0.018750
0 0.189062 0.763281 0.012500 0.010937
0 0.232813 0.771875 0.021875 0.018750
0 0.232813 0.787500 0.021875 0.018750
0 0.348438 0.545312 0.021875 0.018750
0 0.143750 0.568750 0.021875 0.018750
0 0.754687 0.389062 0.021875 0.018750
0 0.754687 0.421875 0.021875 0.018750
0 0.606250 0.389062 0.021875 0.018750
0 0.606250 0.421875 0.021875 0.018750
0 0.490625 0.437500 0.021875 0.018750
0 0.490625 0.396875 0.021875 0.018750
0 0.348438 0.396875 0.021875 0.018750
0 0.348438 0.437500 0.021875 0.018750
0 0.276562 0.389062 0.021875 0.018750
0 0.232813 0.404687 0.021875 0.018750
0 0.187500 0.421875 0.021875 0.018750
0 0.143750 0.429688 0.021875 0.018750
0 0.098437 0.396875 0.021875 0.018750
0 0.054688 0.404687 0.021875 0.018750
0 0.007812 0.421875 0.015625 0.018750
