10 0.812500 0.050000 0.046875 0.040625
10 0.712500 0.210156 0.046875 0.039062
10 0.600781 0.061719 0.092188 0.067187
10 0.487500 0.055469 0.046875 0.045312
10 0.385937 0.210156 0.046875 0.039062
10 0.274219 0.064062 0.092188 0.062500
10 0.129688 0.068750 0.046875 0.050000
10 0.028125 0.192969 0.046875 0.035937
14 0.815625 0.144531 0.071875 0.060937
14 0.589844 0.225781 0.270313 0.210938
14 0.248438 0.241406 0.303125 0.204687
9 0.860938 0.175000 0.003125 0.228125
9 0.178125 0.175000 0.003125 0.228125
9 0.733594 0.257812 0.001563 0.103125
9 0.689844 0.223438 0.001563 0.059375
9 0.408594 0.257812 0.001563 0.103125
4 0.378906 0.312500 0.010937 0.043750
9 0.363281 0.223438 0.001563 0.059375
4 0.333594 0.256250 0.010937 0.043750
9 0.050781 0.248438 0.001563 0.121875
9 0.005469 0.207031 0.001563 0.057813
9 0.835156 0.075000 0.001563 0.065625
9 0.789844 0.061719 0.001563 0.057813
9 0.644531 0.097656 0.001563 0.067187
9 0.599219 0.078125 0.001563 0.059375
4 0.569531 0.110937 0.010937 0.043750
9 0.555469 0.060937 0.001563 0.059375
9 0.510156 0.082031 0.001563 0.067187
9 0.464844 0.068750 0.001563 0.062500
9 0.319531 0.097656 0.001563 0.067187
4 0.289844 0.134375 0.010937 0.043750
9 0.274219 0.082812 0.001563 0.065625
9 0.228906 0.067187 0.001563 0.062500
4 0.199219 0.101562 0.010937 0.043750
9 0.152344 0.093750 0.001563 0.059375
9 0.107031 0.078125 0.001563 0.059375
0 0.725000 0.312500 0.021875 0.018750
0 0.679688 0.256250 0.021875 0.018750
0 0.400000 0.312500 0.021875 0.018750
0 0.354687 0.256250 0.021875 0.018750
0 0.042188 0.312500 0.021875 0.018750
0 0.003906 0.240625 0.007812 0.018750
0 0.826562 0.110937 0.021875 0.018750
0 0.781250 0.095312 0.021875 0.018750
0 0.635938 0.135937 0.021875 0.018750
0 0.590625 0.110937 0.021875 0.018750
0 0.545312 0.095312 0.021875 0.018750
0 0.500000 0.118750 0.021875 0.018750
0 0.456250 0.103125 0.021875 0.018750
0 0.309375 0.135937 0.021875 0.018750
0 0.264062 0.118750 0.021875 0.018750
0 0.220312 0.103125 0.021875 0.018750
0 0.142187 0.126562 0.021875 0.018750
0 0.096875 0.110937 0.021875 0.018750
