10 0.185938 0.325000 0.118750 0.025000
15 0.731250 0.748437 0.018750 0.025000
14 0.766406 0.751563 0.035937 0.012500
14 0.696875 0.757031 0.031250 0.014063
15 0.551562 0.745313 0.018750 0.025000
14 0.587500 0.745313 0.037500 0.012500
14 0.515625 0.757031 0.034375 0.017188
15 0.339062 0.748437 0.018750 0.025000
14 0.374219 0.751563 0.035937 0.012500
14 0.304688 0.757031 0.031250 0.014063
15 0.159375 0.745313 0.018750 0.025000
14 0.195312 0.745313 0.037500 0.012500
14 0.123438 0.757031 0.034375 0.017188
10 0.758594 0.727344 0.114062 0.048438
10 0.579688 0.720313 0.118750 0.040625
10 0.366406 0.727344 0.114062 0.048438
10 0.185938 0.720313 0.118750 0.040625
10 0.029687 0.736719 0.059375 0.032813
10 0.668750 0.888281 0.296875 0.007812
10 0.275000 0.888281 0.296875 0.007812
14 0.749219 0.807813 0.114062 0.037500
14 0.570312 0.804688 0.118750 0.031250
14 0.357031 0.807813 0.114062 0.037500
14 0.178125 0.804688 0.118750 0.031250
14 0.025000 0.814844 0.050000 0.026562
9 0.860938 0.838281 0.003125 0.239063
9 0.860938 0.461719 0.003125 0.260937
9 0.468750 0.838281 0.003125 0.239063
9 0.468750 0.461719 0.003125 0.260937
9 0.076563 0.838281 0.003125 0.239063
9 0.076563 0.461719 0.003125 0.260937
9 0.814844 0.939063 0.001563 0.109375
9 0.702344 0.910937 0.001563 0.053125
9 0.638281 0.939063 0.001563 0.109375
9 0.521094 0.910937 0.001563 0.053125
9 0.422656 0.939063 0.001563 0.109375
9 0.310156 0.910937 0.001563 0.053125
9 0.246094 0.939063 0.001563 0.109375
9 0.127344 0.910937 0.001563 0.053125
8 0.805469 0.775781 0.004687 0.004687
9 0.814844 0.732812 0.001563 0.050000
9 0.777344 0.745313 0.001563 0.056250
9 0.739844 0.753906 0.001563 0.054688
9 0.702344 0.767188 0.001563 0.062500
8 0.627344 0.775781 0.004687 0.004687
9 0.638281 0.725781 0.001563 0.045312
9 0.600781 0.732812 0.001563 0.046875
4 0.571094 0.760938 0.010937 0.043750
9 0.558594 0.745313 0.001563 0.056250
9 0.521094 0.756250 0.001563 0.065625
4 0.489844 0.792188 0.010937 0.043750
8 0.413281 0.775781 0.004687 0.004687
9 0.422656 0.732812 0.001563 0.050000
9 0.385156 0.745313 0.001563 0.056250
9 0.347656 0.753906 0.001563 0.054688
9 0.310156 0.767188 0.001563 0.062500
8 0.235156 0.775781 0.004687 0.004687
9 0.246094 0.725781 0.001563 0.045312
9 0.208594 0.732812 0.001563 0.046875
4 0.178906 0.760938 0.010937 0.043750
9 0.164844 0.745313 0.001563 0.056250
9 0.127344 0.756250 0.001563 0.065625
4 0.097656 0.792188 0.010937 0.043750
9 0.058594 0.750781 0.001563 0.060937
9 0.022656 0.755469 0.001563 0.070312
15 0.805469 0.849219 0.042188 0.039062
15 0.627344 0.849219 0.042188 0.039062
15 0.413281 0.849219 0.042188 0.039062
15 0.235156 0.849219 0.042188 0.039062
15 0.117969 0.849219 0.032813 0.039062
12 0.803125 0.560937 0.015625 0.028125
15 0.710156 0.543750 0.017188 0.053125
9 0.702344 0.545312 0.001563 0.053125
12 0.625000 0.560937 0.015625 0.028125
15 0.528906 0.543750 0.017188 0.053125
9 0.521094 0.545312 0.001563 0.053125
12 0.410938 0.560937 0.015625 0.028125
15 0.317969 0.543750 0.017188 0.053125
9 0.310156 0.545312 0.001563 0.053125
12 0.232813 0.560937 0.015625 0.028125
15 0.135156 0.543750 0.017188 0.053125
9 0.127344 0.545312 0.001563 0.053125
15 0.117969 0.636719 0.032813 0.039062
15 0.822656 0.365625 0.017188 0.053125
9 0.814844 0.382812 0.001563 0.084375
4 0.785156 0.428125 0.010937 0.043750
12 0.690625 0.367188 0.015625 0.028125
15 0.646094 0.334375 0.017188 0.053125
9 0.638281 0.354687 0.001563 0.093750
4 0.608594 0.404687 0.010937 0.043750
12 0.507812 0.367188 0.015625 0.028125
15 0.430469 0.342187 0.017188 0.053125
9 0.422656 0.355469 0.001563 0.076563
4 0.392969 0.371875 0.010937 0.043750
12 0.298438 0.367188 0.015625 0.028125
9 0.246094 0.358594 0.001563 0.085938
4 0.216406 0.404687 0.010937 0.043750
9 0.127344 0.357812 0.001563 0.053125
15 0.805469 0.482031 0.042188 0.039062
15 0.627344 0.482031 0.042188 0.039062
15 0.413281 0.482031 0.042188 0.039062
15 0.235156 0.482031 0.042188 0.039062
15 0.117969 0.482031 0.032813 0.039062
0 0.806250 0.994531 0.021875 0.010937
0 0.693750 0.940625 0.021875 0.018750
0 0.628125 0.994531 0.021875 0.010937
0 0.510938 0.940625 0.021875 0.018750
0 0.414062 0.994531 0.021875 0.010937
0 0.301563 0.940625 0.021875 0.018750
0 0.235937 0.994531 0.021875 0.010937
0 0.118750 0.940625 0.021875 0.018750
0 0.806250 0.760938 0.021875 0.018750
0 0.768750 0.776563 0.021875 0.018750
0 0.731250 0.784375 0.021875 0.018750
0 0.693750 0.801562 0.021875 0.018750
0 0.628125 0.753125 0.021875 0.018750
0 0.590625 0.760938 0.021875 0.018750
0 0.548438 0.776563 0.021875 0.018750
0 0.510938 0.793750 0.021875 0.018750
0 0.414062 0.760938 0.021875 0.018750
0 0.376563 0.776563 0.021875 0.018750
0 0.339062 0.784375 0.021875 0.018750
0 0.301563 0.801562 0.021875 0.018750
0 0.235937 0.753125 0.021875 0.018750
0 0.198437 0.760938 0.021875 0.018750
0 0.156250 0.776563 0.021875 0.018750
0 0.118750 0.793750 0.021875 0.018750
0 0.050000 0.784375 0.021875 0.018750
0 0.012500 0.793750 0.021875 0.018750
0 0.693750 0.575000 0.021875 0.018750
0 0.510938 0.575000 0.021875 0.018750
0 0.301563 0.575000 0.021875 0.018750
0 0.118750 0.575000 0.021875 0.018750
0 0.806250 0.396875 0.021875 0.018750
0 0.806250 0.429688 0.021875 0.018750
0 0.628125 0.364063 0.021875 0.018750
0 0.628125 0.404687 0.021875 0.018750
0 0.414062 0.373437 0.021875 0.018750
0 0.414062 0.396875 0.021875 0.018750
0 0.235937 0.364063 0.021875 0.018750
0 0.235937 0.404687 0.021875 0.018750
0 0.118750 0.389062 0.021875 0.018750
