2 0.407813 0.744531 0.015625 0.045312
2 0.387500 0.721094 0.015625 0.045312
2 0.368750 0.696094 0.015625 0.045312
2 0.348438 0.728906 0.015625 0.045312
2 0.328125 0.703906 0.015625 0.045312
7 0.281250 0.738281 0.043750 0.114062
2 0.407813 0.555469 0.015625 0.045312
2 0.387500 0.532031 0.015625 0.045312
2 0.368750 0.507031 0.015625 0.045312
2 0.348438 0.539844 0.015625 0.045312
2 0.328125 0.514844 0.015625 0.045312
13 0.282031 0.527344 0.045312 0.057813
2 0.407813 0.922656 0.015625 0.045312
2 0.387500 0.897656 0.015625 0.045312
2 0.368750 0.874219 0.015625 0.045312
2 0.348438 0.907031 0.015625 0.045312
2 0.328125 0.882031 0.015625 0.045312
13 0.282031 0.894531 0.045312 0.057813
2 0.407813 0.372656 0.015625 0.045312
2 0.387500 0.347656 0.015625 0.045312
2 0.368750 0.324219 0.015625 0.045312
2 0.348438 0.355469 0.015625 0.045312
2 0.328125 0.332031 0.015625 0.045312
7 0.281250 0.366406 0.043750 0.114062
10 0.975781 0.763281 0.048438 0.020313
10 0.846094 0.754687 0.057813 0.012500
10 0.854688 0.941406 0.118750 0.020313
10 0.668750 0.941406 0.118750 0.020313
10 0.512500 0.941406 0.118750 0.020313
14 0.761719 0.713281 0.101562 0.010937
14 0.449219 0.696875 0.042188 0.009375
14 0.902344 0.510938 0.195312 0.018750
9 0.248438 0.631250 0.003125 0.600000
9 0.768750 0.817187 0.003125 0.228125
9 0.768750 0.448437 0.003125 0.234375
12 0.959375 0.835938 0.015625 0.028125
9 0.952344 0.925000 0.001563 0.046875
9 0.913281 0.898438 0.001563 0.106250
9 0.874219 0.926562 0.001563 0.050000
9 0.835156 0.898438 0.001563 0.106250
9 0.796094 0.926562 0.001563 0.050000
9 0.727344 0.898438 0.001563 0.106250
9 0.688281 0.926562 0.001563 0.050000
9 0.649219 0.898438 0.001563 0.106250
9 0.610156 0.926562 0.001563 0.050000
9 0.571094 0.898438 0.001563 0.106250
9 0.532031 0.926562 0.001563 0.050000
9 0.492969 0.898438 0.001563 0.106250
9 0.453906 0.926562 0.001563 0.050000
9 0.991406 0.720313 0.001563 0.106250
9 0.952344 0.748437 0.001563 0.050000
9 0.874219 0.732812 0.001563 0.050000
5 0.860938 0.704688 0.015625 0.015625
9 0.817969 0.726562 0.001563 0.053125
9 0.814844 0.664062 0.001563 0.040625
15 0.697656 0.726562 0.020313 0.053125
9 0.688281 0.725781 0.001563 0.051562
9 0.630469 0.656250 0.001563 0.040625
9 0.532031 0.718750 0.001563 0.053125
15 0.485156 0.710938 0.020313 0.053125
9 0.475781 0.708594 0.001563 0.051562
9 0.474219 0.648438 0.001563 0.040625
9 0.796094 0.557813 0.001563 0.046875
11 0.598437 0.520312 0.018750 0.009375
12 0.959375 0.367188 0.015625 0.028125
12 0.803906 0.364844 0.017188 0.048438
11 0.598437 0.351562 0.018750 0.009375
0 0.962500 0.898438 0.021875 0.018750
0 0.923438 0.842187 0.021875 0.018750
0 0.884375 0.898438 0.021875 0.018750
0 0.845313 0.842187 0.021875 0.018750
0 0.806250 0.898438 0.021875 0.018750
0 0.737500 0.842187 0.021875 0.018750
0 0.698438 0.898438 0.021875 0.018750
0 0.659375 0.842187 0.021875 0.018750
0 0.620313 0.898438 0.021875 0.018750
0 0.581250 0.842187 0.021875 0.018750
0 0.542188 0.898438 0.021875 0.018750
0 0.503125 0.842187 0.021875 0.018750
0 0.464062 0.898438 0.021875 0.018750
0 0.995313 0.664062 0.009375 0.018750
0 0.962500 0.721875 0.021875 0.018750
0 0.884375 0.704688 0.021875 0.018750
0 0.828125 0.696875 0.021875 0.018750
0 0.806250 0.689063 0.021875 0.018750
0 0.698438 0.696875 0.021875 0.018750
0 0.620313 0.681250 0.021875 0.018750
0 0.542188 0.689063 0.021875 0.018750
0 0.485938 0.681250 0.021875 0.018750
0 0.464062 0.673438 0.021875 0.018750
1 0.806250 0.532813 0.021875 0.018750
