3 0.383594 0.725000 0.014063 0.040625
3 0.364844 0.750000 0.014063 0.040625
3 0.346094 0.717187 0.014063 0.040625
3 0.327344 0.742188 0.014063 0.040625
7 0.281250 0.750781 0.043750 0.114062
3 0.383594 0.548438 0.014063 0.040625
3 0.364844 0.571875 0.014063 0.040625
3 0.346094 0.539062 0.014063 0.040625
3 0.327344 0.564063 0.014063 0.040625
13 0.282031 0.552344 0.045312 0.057813
3 0.383594 0.904687 0.014063 0.040625
3 0.364844 0.929688 0.014063 0.040625
3 0.346094 0.896875 0.014063 0.040625
3 0.327344 0.921875 0.014063 0.040625
13 0.282031 0.908594 0.045312 0.057813
3 0.383594 0.340625 0.014063 0.040625
3 0.364844 0.364063 0.014063 0.040625
3 0.346094 0.331250 0.014063 0.040625
3 0.327344 0.356250 0.014063 0.040625
7 0.281250 0.366406 0.043750 0.114062
10 0.852344 0.319531 0.085938 0.032813
10 0.741406 0.332031 0.085938 0.032813
10 0.621875 0.333594 0.100000 0.035937
10 0.971094 0.800781 0.057813 0.042188
10 0.832031 0.807031 0.085938 0.032813
10 0.741406 0.700781 0.085938 0.032813
10 0.621875 0.707031 0.100000 0.035937
10 0.496875 0.719531 0.100000 0.035937
14 0.419531 0.842187 0.035937 0.018750
14 0.419531 0.855469 0.035937 0.010937
14 0.976562 0.716406 0.046875 0.010937
14 0.914062 0.713281 0.171875 0.035937
14 0.764062 0.688281 0.075000 0.051562
14 0.628125 0.782813 0.125000 0.028125
14 0.500000 0.806250 0.125000 0.040625
14 0.421875 0.735938 0.037500 0.053125
14 0.419531 0.520312 0.035937 0.021875
14 0.895312 0.314844 0.115625 0.057813
14 0.759375 0.404687 0.084375 0.031250
14 0.625781 0.420312 0.126562 0.040625
14 0.419531 0.407813 0.035937 0.015625
9 0.248438 0.639062 0.003125 0.615625
9 0.907813 0.832031 0.003125 0.229687
9 0.907813 0.460156 0.003125 0.257812
9 0.992969 0.919531 0.001563 0.085938
12 0.950000 0.915625 0.015625 0.028125
12 0.686719 0.913281 0.017188 0.048438
9 0.427344 0.917188 0.001563 0.081250
9 0.992969 0.771875 0.001563 0.071875
9 0.942969 0.768750 0.001563 0.065625
3 0.930469 0.725000 0.014063 0.040625
9 0.874219 0.784375 0.001563 0.078125
9 0.846094 0.788281 0.001563 0.070312
9 0.817969 0.791406 0.001563 0.060937
9 0.789844 0.784375 0.001563 0.078125
9 0.782031 0.714844 0.001563 0.060937
9 0.753906 0.719531 0.001563 0.070312
9 0.725781 0.723437 0.001563 0.078125
9 0.699219 0.714844 0.001563 0.060937
9 0.671094 0.724219 0.001563 0.060937
9 0.642969 0.728125 0.001563 0.068750
9 0.614844 0.732812 0.001563 0.075000
9 0.572656 0.729688 0.001563 0.065625
9 0.544531 0.737500 0.001563 0.065625
9 0.517969 0.742188 0.001563 0.071875
9 0.489844 0.747656 0.001563 0.079687
4 0.460156 0.789062 0.010937 0.043750
9 0.447656 0.744531 0.001563 0.070312
15 0.478906 0.850781 0.029687 0.026562
9 0.942969 0.576562 0.001563 0.050000
12 0.686719 0.555469 0.017188 0.048438
9 0.427344 0.576562 0.001563 0.050000
15 0.952344 0.632031 0.029687 0.026562
9 0.992969 0.405469 0.001563 0.045312
9 0.942969 0.397656 0.001563 0.060937
9 0.892969 0.335938 0.001563 0.065625
9 0.864844 0.339844 0.001563 0.073438
9 0.838281 0.343750 0.001563 0.081250
9 0.810156 0.335938 0.001563 0.065625
9 0.782031 0.346094 0.001563 0.060937
9 0.753906 0.350781 0.001563 0.070312
9 0.725781 0.354687 0.001563 0.078125
9 0.699219 0.346094 0.001563 0.060937
9 0.671094 0.353125 0.001563 0.065625
9 0.642969 0.356250 0.001563 0.071875
9 0.614844 0.361719 0.001563 0.079687
4 0.585156 0.404687 0.010937 0.043750
9 0.572656 0.358594 0.001563 0.070312
15 0.455469 0.350000 0.017188 0.053125
9 0.447656 0.351562 0.001563 0.053125
15 0.561719 0.460156 0.029687 0.026562
0 0.996094 0.873437 0.007812 0.018750
0 0.996094 0.889062 0.007812 0.018750
0 0.996094 0.906250 0.007812 0.018750
0 0.437500 0.889062 0.021875 0.018750
0 0.437500 0.906250 0.021875 0.018750
0 0.437500 0.873437 0.021875 0.018750
0 0.996094 0.734375 0.007812 0.018750
0 0.953125 0.734375 0.021875 0.018750
0 0.884375 0.742188 0.021875 0.018750
0 0.856250 0.750000 0.021875 0.018750
0 0.828125 0.757812 0.021875 0.018750
0 0.800000 0.742188 0.021875 0.018750
0 0.773438 0.750000 0.021875 0.018750
0 0.745313 0.757812 0.021875 0.018750
0 0.717187 0.765625 0.021875 0.018750
0 0.689063 0.750000 0.021875 0.018750
0 0.660937 0.757812 0.021875 0.018750
0 0.634375 0.765625 0.021875 0.018750
0 0.606250 0.775000 0.021875 0.018750
0 0.564063 0.765625 0.021875 0.018750
0 0.535937 0.775000 0.021875 0.018750
0 0.507812 0.782813 0.021875 0.018750
0 0.479687 0.790625 0.021875 0.018750
0 0.437500 0.782813 0.021875 0.018750
0 0.953125 0.548438 0.021875 0.018750
0 0.437500 0.548438 0.021875 0.018750
0 0.996094 0.381250 0.007812 0.018750
0 0.953125 0.364063 0.021875 0.018750
0 0.884375 0.373437 0.021875 0.018750
0 0.856250 0.381250 0.021875 0.018750
0 0.828125 0.389062 0.021875 0.018750
0 0.800000 0.373437 0.021875 0.018750
0 0.773438 0.381250 0.021875 0.018750
0 0.745313 0.389062 0.021875 0.018750
0 0.717187 0.396875 0.021875 0.018750
0 0.689063 0.381250 0.021875 0.018750
0 0.660937 0.389062 0.021875 0.018750
0 0.634375 0.396875 0.021875 0.018750
0 0.606250 0.404687 0.021875 0.018750
0 0.564063 0.396875 0.021875 0.018750
0 0.437500 0.381250 0.021875 0.018750
