10 0.760938 0.122656 0.068750 0.007812
10 0.592187 0.117188 0.187500 0.050000
10 0.354687 0.114844 0.078125 0.007812
10 0.218750 0.118750 0.103125 0.025000
10 0.032031 0.120313 0.064062 0.028125
10 0.778125 0.296094 0.103125 0.020313
10 0.578906 0.296094 0.160938 0.020313
10 0.371094 0.283594 0.110937 0.020313
10 0.218750 0.283594 0.103125 0.020313
10 0.048438 0.280469 0.096875 0.020313
14 0.425781 0.182031 0.851562 0.070312
14 0.621875 0.026562 0.228125 0.046875
14 0.542188 0.021094 0.068750 0.010937
14 0.251563 0.032813 0.150000 0.025000
14 0.035937 0.014063 0.071875 0.018750
9 0.860938 0.183594 0.003125 0.245312
9 0.467187 0.183594 0.003125 0.245312
9 0.135937 0.183594 0.003125 0.245312
9 0.827344 0.271094 0.001563 0.070312
9 0.794531 0.279687 0.001563 0.053125
9 0.760156 0.271094 0.001563 0.070312
9 0.727344 0.279687 0.001563 0.053125
9 0.657031 0.271094 0.001563 0.070312
9 0.566406 0.279687 0.001563 0.053125
9 0.532031 0.271094 0.001563 0.070312
9 0.499219 0.279687 0.001563 0.053125
4 0.488281 0.250000 0.010937 0.043750
9 0.427344 0.260937 0.001563 0.065625
9 0.392969 0.270313 0.001563 0.050000
9 0.360156 0.260937 0.001563 0.065625
4 0.349219 0.225000 0.010937 0.043750
9 0.316406 0.270313 0.001563 0.050000
4 0.307031 0.240625 0.010937 0.043750
9 0.267969 0.260937 0.001563 0.065625
9 0.235156 0.270313 0.001563 0.050000
9 0.200781 0.260937 0.001563 0.065625
9 0.167969 0.270313 0.001563 0.050000
9 0.096094 0.255469 0.001563 0.070312
9 0.061719 0.262500 0.001563 0.053125
9 0.028906 0.255469 0.001563 0.070312
9 0.794531 0.100000 0.001563 0.053125
9 0.727344 0.100000 0.001563 0.053125
4 0.716406 0.070312 0.010937 0.043750
9 0.683594 0.102344 0.001563 0.073438
9 0.657031 0.096875 0.001563 0.078125
4 0.647656 0.053125 0.010937 0.043750
9 0.611719 0.088281 0.001563 0.079687
4 0.600781 0.045312 0.010937 0.043750
9 0.566406 0.080469 0.001563 0.079687
9 0.499219 0.075781 0.001563 0.070312
9 0.392969 0.092188 0.001563 0.053125
9 0.316406 0.092188 0.001563 0.053125
9 0.267969 0.100000 0.001563 0.053125
2 0.254688 0.069531 0.015625 0.045312
9 0.167969 0.084375 0.001563 0.053125
4 0.157031 0.053125 0.010937 0.043750
8 0.071094 0.033594 0.004687 0.004687
9 0.061719 0.084375 0.001563 0.053125
8 0.003906 0.033594 0.004687 0.004687
0 0.837500 0.234375 0.021875 0.018750
0 0.804688 0.250000 0.021875 0.018750
0 0.770312 0.234375 0.021875 0.018750
0 0.737500 0.250000 0.021875 0.018750
0 0.667188 0.234375 0.021875 0.018750
0 0.576562 0.250000 0.021875 0.018750
0 0.542188 0.234375 0.021875 0.018750
0 0.509375 0.250000 0.021875 0.018750
0 0.437500 0.226562 0.021875 0.018750
0 0.403125 0.242188 0.021875 0.018750
0 0.370312 0.226562 0.021875 0.018750
0 0.326562 0.242188 0.021875 0.018750
0 0.278125 0.226562 0.021875 0.018750
0 0.245312 0.242188 0.021875 0.018750
0 0.210938 0.226562 0.021875 0.018750
0 0.178125 0.242188 0.021875 0.018750
0 0.106250 0.217188 0.021875 0.018750
0 0.071875 0.234375 0.021875 0.018750
0 0.039062 0.217188 0.021875 0.018750
0 0.007812 0.234375 0.015625 0.018750
0 0.804688 0.070312 0.021875 0.018750
0 0.737500 0.070312 0.021875 0.018750
0 0.693750 0.062500 0.021875 0.018750
0 0.667188 0.054688 0.021875 0.018750
0 0.621875 0.046875 0.021875 0.018750
0 0.576562 0.039062 0.021875 0.018750
0 0.509375 0.039062 0.021875 0.018750
0 0.403125 0.062500 0.021875 0.018750
0 0.326562 0.062500 0.021875 0.018750
0 0.278125 0.070312 0.021875 0.018750
0 0.178125 0.054688 0.021875 0.018750
0 0.071875 0.054688 0.021875 0.018750
0 0.007812 0.054688 0.015625 0.018750
