3 0.383594 0.092188 0.014063 0.040625
3 0.364844 0.117188 0.014063 0.040625
3 0.346094 0.084375 0.014063 0.040625
3 0.327344 0.109375 0.014063 0.040625
7 0.281250 0.117969 0.043750 0.114062
3 0.383594 0.273438 0.014063 0.040625
3 0.364844 0.296875 0.014063 0.040625
3 0.346094 0.265625 0.014063 0.040625
3 0.327344 0.289062 0.014063 0.040625
13 0.282031 0.277344 0.045312 0.057813
10 0.853906 0.072656 0.101562 0.057813
10 0.733594 0.077344 0.076563 0.045312
10 0.783594 0.230469 0.176563 0.020313
10 0.535156 0.230469 0.176563 0.020313
14 0.821875 0.189062 0.268750 0.031250
14 0.419531 0.179688 0.035937 0.018750
9 0.248438 0.157031 0.003125 0.314063
9 0.918750 0.200000 0.003125 0.231250
9 0.964844 0.273438 0.001563 0.106250
9 0.871094 0.245312 0.001563 0.050000
9 0.803906 0.273438 0.001563 0.106250
9 0.738281 0.245312 0.001563 0.050000
9 0.696094 0.273438 0.001563 0.106250
9 0.621094 0.245312 0.001563 0.050000
9 0.555469 0.273438 0.001563 0.106250
9 0.488281 0.245312 0.001563 0.050000
9 0.447656 0.273438 0.001563 0.106250
8 0.955469 0.169531 0.004687 0.004687
15 0.972656 0.118750 0.017188 0.053125
9 0.964844 0.120313 0.001563 0.053125
9 0.903906 0.113281 0.001563 0.082812
9 0.871094 0.101562 0.001563 0.075000
9 0.838281 0.089844 0.001563 0.067187
9 0.803906 0.075781 0.001563 0.057813
9 0.771094 0.090625 0.001563 0.062500
9 0.738281 0.104688 0.001563 0.068750
9 0.696094 0.118750 0.001563 0.071875
4 0.666406 0.156250 0.010937 0.043750
12 0.542188 0.120313 0.015625 0.028125
8 0.436719 0.169531 0.004687 0.004687
15 0.455469 0.118750 0.017188 0.053125
9 0.447656 0.120313 0.001563 0.053125
0 0.992969 0.273438 0.014063 0.018750
0 0.956250 0.329688 0.021875 0.018750
0 0.860938 0.273438 0.021875 0.018750
0 0.795312 0.329688 0.021875 0.018750
0 0.728125 0.273438 0.021875 0.018750
0 0.687500 0.329688 0.021875 0.018750
0 0.612500 0.273438 0.021875 0.018750
0 0.545312 0.329688 0.021875 0.018750
0 0.479687 0.273438 0.021875 0.018750
0 0.437500 0.329688 0.021875 0.018750
0 0.956250 0.150000 0.021875 0.018750
0 0.893750 0.157812 0.021875 0.018750
0 0.860938 0.142187 0.021875 0.018750
0 0.828125 0.125000 0.021875 0.018750
0 0.795312 0.109375 0.021875 0.018750
0 0.762500 0.125000 0.021875 0.018750
0 0.728125 0.142187 0.021875 0.018750
0 0.687500 0.157812 0.021875 0.018750
0 0.437500 0.150000 0.021875 0.018750
