2 0.407813 0.732031 0.015625 0.045312
2 0.387500 0.707031 0.015625 0.045312
2 0.368750 0.683594 0.015625 0.045312
2 0.348438 0.714844 0.015625 0.045312
2 0.328125 0.691406 0.015625 0.045312
7 0.281250 0.725781 0.043750 0.114062
2 0.407813 0.553906 0.015625 0.045312
2 0.387500 0.530469 0.015625 0.045312
2 0.368750 0.505469 0.015625 0.045312
2 0.348438 0.538281 0.015625 0.045312
2 0.328125 0.513281 0.015625 0.045312
13 0.282031 0.525781 0.045312 0.057813
2 0.407813 0.949219 0.015625 0.045312
2 0.387500 0.925781 0.015625 0.045312
2 0.368750 0.900781 0.015625 0.045312
2 0.348438 0.933594 0.015625 0.045312
2 0.328125 0.908594 0.015625 0.045312
13 0.282031 0.921094 0.045312 0.057813
2 0.407813 0.372656 0.015625 0.045312
2 0.387500 0.347656 0.015625 0.045312
2 0.368750 0.324219 0.015625 0.045312
2 0.348438 0.355469 0.015625 0.045312
2 0.328125 0.332031 0.015625 0.045312
7 0.281250 0.366406 0.043750 0.114062
10 0.931250 0.400000 0.084375 0.025000
10 0.771094 0.399219 0.114062 0.035937
10 0.607812 0.317188 0.134375 0.034375
10 0.931250 0.746094 0.084375 0.026562
10 0.771094 0.741406 0.114062 0.035937
10 0.589063 0.772656 0.134375 0.032813
15 0.539062 0.711719 0.034375 0.026562
14 0.507812 0.853125 0.053125 0.015625
14 0.878125 0.699219 0.015625 0.007812
14 0.949219 0.659375 0.101562 0.021875
14 0.715625 0.682813 0.243750 0.043750
14 0.499219 0.687500 0.070312 0.021875
14 0.499219 0.586719 0.070312 0.010937
14 0.878125 0.355469 0.015625 0.007812
14 0.949219 0.317969 0.101562 0.023438
14 0.721094 0.304688 0.232813 0.046875
14 0.499219 0.345313 0.070312 0.021875
9 0.248438 0.645312 0.003125 0.628125
9 0.689063 0.825000 0.003125 0.268750
9 0.689063 0.447656 0.003125 0.232813
8 0.947656 0.857031 0.004687 0.004687
15 0.947656 0.923438 0.020313 0.053125
9 0.938281 0.913281 0.001563 0.067187
12 0.896875 0.928125 0.015625 0.028125
12 0.722656 0.925781 0.017188 0.048438
12 0.618750 0.928125 0.015625 0.028125
15 0.549219 0.862500 0.017188 0.053125
9 0.541406 0.864062 0.001563 0.053125
9 0.453906 0.938281 0.001563 0.051562
9 0.474219 0.860938 0.001563 0.040625
9 0.972656 0.730469 0.001563 0.054688
9 0.938281 0.721094 0.001563 0.054688
9 0.875781 0.657813 0.001563 0.031250
9 0.889844 0.713281 0.001563 0.054688
9 0.827344 0.722656 0.001563 0.057813
9 0.785156 0.719531 0.001563 0.067187
9 0.757031 0.723437 0.001563 0.059375
9 0.714844 0.729688 0.001563 0.053125
9 0.653906 0.750000 0.001563 0.078125
9 0.611719 0.753906 0.001563 0.070312
9 0.585156 0.757031 0.001563 0.060937
2 0.571875 0.724219 0.015625 0.045312
9 0.522656 0.753906 0.001563 0.070312
9 0.453906 0.736719 0.001563 0.051562
8 0.947656 0.574219 0.004687 0.004687
15 0.964844 0.523438 0.017188 0.053125
9 0.957031 0.525000 0.001563 0.053125
12 0.896875 0.532813 0.015625 0.028125
12 0.722656 0.530469 0.017188 0.048438
12 0.618750 0.532813 0.015625 0.028125
15 0.549219 0.540625 0.017188 0.053125
9 0.541406 0.540625 0.001563 0.053125
9 0.474219 0.540625 0.001563 0.053125
9 0.972656 0.384375 0.001563 0.050000
9 0.938281 0.378125 0.001563 0.053125
9 0.875781 0.314063 0.001563 0.031250
9 0.889844 0.370312 0.001563 0.053125
9 0.827344 0.380469 0.001563 0.057813
9 0.785156 0.377344 0.001563 0.067187
9 0.757031 0.381250 0.001563 0.059375
9 0.714844 0.385937 0.001563 0.053125
9 0.674219 0.332031 0.001563 0.057813
9 0.632031 0.336719 0.001563 0.064062
9 0.603906 0.342187 0.001563 0.071875
5 0.571875 0.379688 0.015625 0.015625
9 0.541406 0.338281 0.001563 0.060937
9 0.453906 0.390625 0.001563 0.046875
0 0.948438 0.876563 0.021875 0.018750
0 0.948438 0.893750 0.021875 0.018750
0 0.532813 0.893750 0.021875 0.018750
0 0.464062 0.909375 0.021875 0.018750
0 0.464062 0.884375 0.021875 0.018750
0 0.982812 0.700000 0.021875 0.018750
0 0.948438 0.692187 0.021875 0.018750
0 0.870313 0.675781 0.012500 0.010937
0 0.900000 0.684375 0.021875 0.018750
0 0.837500 0.692187 0.021875 0.018750
0 0.795312 0.684375 0.021875 0.018750
0 0.767188 0.692187 0.021875 0.018750
0 0.725000 0.700000 0.021875 0.018750
0 0.664062 0.707812 0.021875 0.018750
0 0.621875 0.715625 0.021875 0.018750
0 0.595313 0.723437 0.021875 0.018750
0 0.532813 0.715625 0.021875 0.018750
0 0.464062 0.707812 0.021875 0.018750
0 0.948438 0.554688 0.021875 0.018750
0 0.532813 0.570312 0.021875 0.018750
0 0.464062 0.570312 0.021875 0.018750
0 0.982812 0.356250 0.021875 0.018750
0 0.948438 0.348438 0.021875 0.018750
0 0.870313 0.332031 0.012500 0.010937
0 0.900000 0.340625 0.021875 0.018750
0 0.837500 0.348438 0.021875 0.018750
0 0.795312 0.340625 0.021875 0.018750
0 0.767188 0.348438 0.021875 0.018750
0 0.725000 0.356250 0.021875 0.018750
0 0.664062 0.364063 0.021875 0.018750
0 0.621875 0.373437 0.021875 0.018750
0 0.595313 0.381250 0.021875 0.018750
0 0.532813 0.373437 0.021875 0.018750
0 0.464062 0.364063 0.021875 0.018750
