3 0.383594 0.100000 0.014063 0.040625
3 0.364844 0.125000 0.014063 0.040625
3 0.346094 0.092188 0.014063 0.040625
3 0.327344 0.117188 0.014063 0.040625
7 0.281250 0.125781 0.043750 0.114062
3 0.383594 0.279687 0.014063 0.040625
3 0.364844 0.304688 0.014063 0.040625
3 0.346094 0.271875 0.014063 0.040625
3 0.327344 0.296875 0.014063 0.040625
13 0.282031 0.283594 0.045312 0.057813
10 0.971094 0.175781 0.057813 0.042188
10 0.832031 0.182031 0.085938 0.032813
10 0.741406 0.075781 0.085938 0.032813
10 0.621875 0.082031 0.100000 0.035937
10 0.496875 0.094531 0.100000 0.035937
14 0.419531 0.217188 0.035937 0.018750
14 0.419531 0.230469 0.035937 0.010937
14 0.976562 0.091406 0.046875 0.010937
14 0.914062 0.088281 0.171875 0.035937
14 0.764062 0.063281 0.075000 0.051562
14 0.628125 0.157812 0.125000 0.028125
14 0.500000 0.181250 0.125000 0.040625
14 0.421875 0.110937 0.037500 0.053125
9 0.248438 0.160938 0.003125 0.321875
9 0.907813 0.207031 0.003125 0.229687
9 0.992969 0.294531 0.001563 0.085938
12 0.950000 0.290625 0.015625 0.028125
12 0.686719 0.288281 0.017188 0.048438
9 0.427344 0.292187 0.001563 0.081250
9 0.992969 0.146875 0.001563 0.071875
9 0.942969 0.143750 0.001563 0.065625
3 0.930469 0.100000 0.014063 0.040625
9 0.874219 0.159375 0.001563 0.078125
9 0.846094 0.163281 0.001563 0.070312
9 0.817969 0.166406 0.001563 0.060937
9 0.789844 0.159375 0.001563 0.078125
9 0.782031 0.089844 0.001563 0.060937
9 0.753906 0.094531 0.001563 0.070312
9 0.725781 0.098437 0.001563 0.078125
9 0.699219 0.089844 0.001563 0.060937
9 0.671094 0.099219 0.001563 0.060937
9 0.642969 0.103125 0.001563 0.068750
9 0.614844 0.107813 0.001563 0.075000
9 0.572656 0.104688 0.001563 0.065625
9 0.544531 0.112500 0.001563 0.065625
9 0.517969 0.117188 0.001563 0.071875
9 0.489844 0.122656 0.001563 0.079687
4 0.460156 0.164062 0.010937 0.043750
9 0.447656 0.119531 0.001563 0.070312
15 0.478906 0.225781 0.029687 0.026562
15 0.952344 0.010156 0.029687 0.020313
0 0.996094 0.248438 0.007812 0.018750
0 0.996094 0.264062 0.007812 0.018750
0 0.996094 0.281250 0.007812 0.018750
0 0.437500 0.264062 0.021875 0.018750
0 0.437500 0.281250 0.021875 0.018750
0 0.437500 0.248438 0.021875 0.018750
0 0.996094 0.109375 0.007812 0.018750
0 0.953125 0.109375 0.021875 0.018750
0 0.884375 0.117188 0.021875 0.018750
0 0.856250 0.125000 0.021875 0.018750
0 0.828125 0.132812 0.021875 0.018750
0 0.800000 0.117188 0.021875 0.018750
0 0.773438 0.125000 0.021875 0.018750
0 0.745313 0.132812 0.021875 0.018750
0 0.717187 0.140625 0.021875 0.018750
0 0.689063 0.125000 0.021875 0.018750
0 0.660937 0.132812 0.021875 0.018750
0 0.634375 0.140625 0.021875 0.018750
0 0.606250 0.150000 0.021875 0.018750
0 0.564063 0.140625 0.021875 0.018750
0 0.535937 0.150000 0.021875 0.018750
0 0.507812 0.157812 0.021875 0.018750
0 0.479687 0.165625 0.021875 0.018750
0 0.437500 0.157812 0.021875 0.018750
