3 0.383594 0.129688 0.014063 0.040625
3 0.364844 0.153125 0.014063 0.040625
3 0.346094 0.120313 0.014063 0.040625
3 0.327344 0.145313 0.014063 0.040625
7 0.281250 0.155469 0.043750 0.114062
3 0.383594 0.306250 0.014063 0.040625
3 0.364844 0.331250 0.014063 0.040625
3 0.346094 0.298438 0.014063 0.040625
3 0.327344 0.323437 0.014063 0.040625
13 0.282031 0.310156 0.045312 0.057813
10 0.978906 0.296094 0.042188 0.035937
10 0.860156 0.282813 0.120313 0.040625
10 0.664844 0.280469 0.120313 0.035937
10 0.507031 0.275781 0.120313 0.020313
14 0.748437 0.102344 0.087500 0.010937
14 0.419531 0.086719 0.035937 0.010937
9 0.248438 0.174219 0.003125 0.348438
9 0.745313 0.234375 0.003125 0.228125
4 0.971094 0.339062 0.010937 0.043750
9 0.958594 0.345313 0.001563 0.093750
4 0.928906 0.395313 0.010937 0.043750
9 0.919531 0.292187 0.001563 0.053125
9 0.878906 0.325000 0.001563 0.103125
9 0.839844 0.303906 0.001563 0.048438
9 0.800781 0.335156 0.001563 0.098437
9 0.724219 0.288281 0.001563 0.045312
9 0.685156 0.320312 0.001563 0.096875
9 0.644531 0.297656 0.001563 0.042188
9 0.605469 0.329688 0.001563 0.093750
9 0.566406 0.292187 0.001563 0.053125
9 0.525781 0.320312 0.001563 0.109375
9 0.486719 0.292187 0.001563 0.053125
9 0.447656 0.320312 0.001563 0.109375
9 0.938281 0.202344 0.001563 0.042188
9 0.878906 0.104688 0.001563 0.040625
9 0.780469 0.193750 0.001563 0.043750
15 0.808594 0.090625 0.017188 0.053125
9 0.800781 0.092188 0.001563 0.053125
3 0.767969 0.160938 0.014063 0.040625
15 0.692969 0.090625 0.017188 0.053125
9 0.685156 0.092188 0.001563 0.053125
9 0.586719 0.186719 0.001563 0.045312
9 0.525781 0.089063 0.001563 0.040625
9 0.427344 0.179688 0.001563 0.046875
15 0.455469 0.075000 0.017188 0.053125
9 0.447656 0.075000 0.001563 0.053125
0 0.990625 0.339062 0.018750 0.018750
0 0.948438 0.395313 0.021875 0.018750
0 0.909375 0.323437 0.021875 0.018750
0 0.870313 0.379688 0.021875 0.018750
0 0.829688 0.331250 0.021875 0.018750
0 0.790625 0.387500 0.021875 0.018750
0 0.715625 0.315625 0.021875 0.018750
0 0.675000 0.371875 0.021875 0.018750
0 0.635938 0.323437 0.021875 0.018750
0 0.596875 0.379688 0.021875 0.018750
0 0.556250 0.323437 0.021875 0.018750
0 0.517188 0.379688 0.021875 0.018750
0 0.478125 0.323437 0.021875 0.018750
0 0.437500 0.379688 0.021875 0.018750
0 0.948438 0.178125 0.021875 0.018750
0 0.870313 0.129688 0.021875 0.018750
0 0.790625 0.170313 0.021875 0.018750
0 0.790625 0.121875 0.021875 0.018750
0 0.675000 0.121875 0.021875 0.018750
0 0.596875 0.160938 0.021875 0.018750
0 0.517188 0.112500 0.021875 0.018750
0 0.437500 0.153125 0.021875 0.018750
0 0.437500 0.104688 0.021875 0.018750
