10 0.682031 0.319531 0.239063 0.007812
10 0.066406 0.414062 0.123438 0.021875
10 0.054688 0.516406 0.109375 0.007812
10 0.782031 0.933594 0.120313 0.020313
10 0.622656 0.933594 0.120313 0.020313
10 0.436719 0.933594 0.120313 0.020313
10 0.278906 0.933594 0.120313 0.020313
10 0.086719 0.921094 0.123438 0.035937
14 0.827344 0.796094 0.048438 0.010937
14 0.510156 0.779687 0.101562 0.012500
14 0.049219 0.602344 0.098437 0.026562
14 0.649219 0.422656 0.404687 0.035937
14 0.068750 0.319531 0.137500 0.048438
9 0.860938 0.859375 0.003125 0.228125
9 0.860938 0.459375 0.003125 0.256250
9 0.517188 0.859375 0.003125 0.228125
9 0.517188 0.459375 0.003125 0.256250
9 0.168750 0.859375 0.003125 0.228125
9 0.168750 0.459375 0.003125 0.256250
9 0.841406 0.950000 0.001563 0.053125
9 0.800781 0.961719 0.001563 0.076563
9 0.761719 0.950000 0.001563 0.053125
9 0.722656 0.961719 0.001563 0.076563
9 0.682031 0.950000 0.001563 0.053125
9 0.642969 0.961719 0.001563 0.076563
9 0.603906 0.950000 0.001563 0.053125
9 0.563281 0.961719 0.001563 0.076563
9 0.496094 0.950000 0.001563 0.053125
9 0.457031 0.961719 0.001563 0.076563
9 0.417969 0.950000 0.001563 0.053125
9 0.377344 0.961719 0.001563 0.076563
9 0.338281 0.950000 0.001563 0.053125
9 0.299219 0.961719 0.001563 0.076563
9 0.258594 0.950000 0.001563 0.053125
9 0.219531 0.961719 0.001563 0.076563
9 0.147656 0.930469 0.001563 0.045312
9 0.107031 0.956250 0.001563 0.087500
9 0.067969 0.939063 0.001563 0.043750
4 0.038281 0.964063 0.010937 0.043750
9 0.025781 0.961719 0.001563 0.076563
15 0.791406 0.809375 0.020313 0.053125
9 0.782031 0.807031 0.001563 0.051562
9 0.722656 0.737500 0.001563 0.043750
9 0.622656 0.798438 0.001563 0.050000
15 0.575781 0.792188 0.020313 0.053125
9 0.566406 0.791406 0.001563 0.051562
9 0.563281 0.729688 0.001563 0.040625
15 0.446094 0.792188 0.020313 0.053125
9 0.436719 0.791406 0.001563 0.051562
15 0.464844 0.715625 0.017188 0.053125
9 0.457031 0.717187 0.001563 0.053125
12 0.365625 0.781250 0.015625 0.028125
9 0.199219 0.811719 0.001563 0.045312
9 0.219531 0.744531 0.001563 0.045312
4 0.189844 0.785937 0.010937 0.043750
15 0.114844 0.731250 0.017188 0.053125
9 0.107031 0.732812 0.001563 0.053125
9 0.005469 0.827344 0.001563 0.042188
15 0.208594 0.866406 0.032813 0.039062
12 0.710156 0.553906 0.017188 0.048438
9 0.563281 0.564063 0.001563 0.053125
12 0.366406 0.553906 0.017188 0.048438
9 0.219531 0.564063 0.001563 0.053125
9 0.107031 0.539062 0.001563 0.053125
9 0.025781 0.542969 0.001563 0.060937
15 0.208594 0.635156 0.032813 0.039062
9 0.800781 0.354687 0.001563 0.078125
4 0.771094 0.396875 0.010937 0.043750
9 0.722656 0.338281 0.001563 0.045312
9 0.642969 0.342187 0.001563 0.053125
4 0.613281 0.371875 0.010937 0.043750
9 0.563281 0.346094 0.001563 0.060937
15 0.464844 0.357812 0.017188 0.053125
9 0.457031 0.359375 0.001563 0.053125
12 0.365625 0.367188 0.015625 0.028125
9 0.219531 0.345313 0.001563 0.050000
4 0.189844 0.371875 0.010937 0.043750
9 0.127344 0.393750 0.001563 0.053125
9 0.088281 0.385937 0.001563 0.068750
9 0.005469 0.388281 0.001563 0.057813
15 0.208594 0.435156 0.032813 0.039062
0 0.831250 0.979688 0.021875 0.018750
0 0.751563 0.979688 0.021875 0.018750
0 0.673438 0.979688 0.021875 0.018750
0 0.593750 0.979688 0.021875 0.018750
0 0.487500 0.979688 0.021875 0.018750
0 0.407813 0.979688 0.021875 0.018750
0 0.328125 0.979688 0.021875 0.018750
0 0.250000 0.979688 0.021875 0.018750
0 0.137500 0.956250 0.021875 0.018750
0 0.059375 0.964063 0.021875 0.018750
0 0.792188 0.778125 0.021875 0.018750
0 0.712500 0.762500 0.021875 0.018750
0 0.632812 0.770312 0.021875 0.018750
0 0.576562 0.762500 0.021875 0.018750
0 0.554688 0.754687 0.021875 0.018750
0 0.446875 0.762500 0.021875 0.018750
0 0.446875 0.746875 0.021875 0.018750
0 0.209375 0.785937 0.021875 0.018750
0 0.209375 0.770312 0.021875 0.018750
0 0.098437 0.762500 0.021875 0.018750
0 0.015625 0.803125 0.021875 0.018750
0 0.554688 0.593750 0.021875 0.018750
0 0.209375 0.593750 0.021875 0.018750
0 0.098437 0.570312 0.021875 0.018750
0 0.015625 0.578125 0.021875 0.018750
0 0.792188 0.396875 0.021875 0.018750
0 0.712500 0.364063 0.021875 0.018750
0 0.632812 0.373437 0.021875 0.018750
0 0.554688 0.381250 0.021875 0.018750
0 0.446875 0.389062 0.021875 0.018750
0 0.209375 0.373437 0.021875 0.018750
0 0.137500 0.364063 0.021875 0.018750
0 0.098437 0.348438 0.021875 0.018750
0 0.015625 0.356250 0.021875 0.018750
