10 0.482031 0.318750 0.507812 0.012500
10 0.812500 0.675000 0.046875 0.040625
10 0.712500 0.835156 0.046875 0.039062
10 0.600781 0.686719 0.092188 0.067187
10 0.487500 0.680469 0.046875 0.045312
10 0.385937 0.835156 0.046875 0.039062
10 0.274219 0.689063 0.092188 0.062500
10 0.129688 0.693750 0.046875 0.050000
10 0.028125 0.817969 0.046875 0.035937
14 0.815625 0.769531 0.071875 0.060937
14 0.589844 0.850781 0.270313 0.210938
14 0.248438 0.866406 0.303125 0.204687
9 0.860938 0.800000 0.003125 0.228125
9 0.860938 0.445312 0.003125 0.228125
9 0.178125 0.800000 0.003125 0.228125
9 0.178125 0.445312 0.003125 0.228125
9 0.733594 0.882812 0.001563 0.103125
9 0.689844 0.848437 0.001563 0.059375
9 0.408594 0.882812 0.001563 0.103125
4 0.378906 0.937500 0.010937 0.043750
9 0.363281 0.848437 0.001563 0.059375
4 0.333594 0.881250 0.010937 0.043750
9 0.050781 0.873437 0.001563 0.121875
9 0.005469 0.832031 0.001563 0.057813
9 0.835156 0.700000 0.001563 0.065625
9 0.789844 0.686719 0.001563 0.057813
9 0.644531 0.722656 0.001563 0.067187
9 0.599219 0.703125 0.001563 0.059375
4 0.569531 0.735938 0.010937 0.043750
9 0.555469 0.685937 0.001563 0.059375
9 0.510156 0.707031 0.001563 0.067187
9 0.464844 0.693750 0.001563 0.062500
9 0.319531 0.722656 0.001563 0.067187
4 0.289844 0.759375 0.010937 0.043750
9 0.274219 0.707812 0.001563 0.065625
9 0.228906 0.692187 0.001563 0.062500
4 0.199219 0.726562 0.010937 0.043750
9 0.152344 0.718750 0.001563 0.059375
9 0.107031 0.703125 0.001563 0.059375
12 0.542969 0.525781 0.017188 0.048438
9 0.210156 0.551562 0.001563 0.046875
4 0.199219 0.525000 0.010937 0.043750
8 0.724219 0.388281 0.004687 0.004687
9 0.733594 0.338281 0.001563 0.045312
8 0.544531 0.388281 0.004687 0.004687
9 0.555469 0.339062 0.001563 0.043750
8 0.399219 0.388281 0.004687 0.004687
9 0.408594 0.344531 0.001563 0.051562
8 0.219531 0.388281 0.004687 0.004687
9 0.228906 0.345313 0.001563 0.050000
4 0.199219 0.371875 0.010937 0.043750
8 0.041406 0.407031 0.004687 0.004687
9 0.050781 0.353125 0.001563 0.050000
0 0.725000 0.937500 0.021875 0.018750
0 0.679688 0.881250 0.021875 0.018750
0 0.400000 0.937500 0.021875 0.018750
0 0.354687 0.881250 0.021875 0.018750
0 0.042188 0.937500 0.021875 0.018750
0 0.003906 0.865625 0.007812 0.018750
0 0.826562 0.735938 0.021875 0.018750
0 0.781250 0.720313 0.021875 0.018750
0 0.635938 0.760938 0.021875 0.018750
0 0.590625 0.735938 0.021875 0.018750
0 0.545312 0.720313 0.021875 0.018750
0 0.500000 0.743750 0.021875 0.018750
0 0.456250 0.728125 0.021875 0.018750
0 0.309375 0.760938 0.021875 0.018750
0 0.264062 0.743750 0.021875 0.018750
0 0.220312 0.728125 0.021875 0.018750
0 0.142187 0.751563 0.021875 0.018750
0 0.096875 0.735938 0.021875 0.018750
0 0.220312 0.526563 0.021875 0.018750
0 0.725000 0.364063 0.021875 0.018750
0 0.545312 0.364063 0.021875 0.018750
0 0.400000 0.373437 0.021875 0.018750
0 0.220312 0.373437 0.021875 0.018750
0 0.042188 0.381250 0.021875 0.018750
