10 0.747656 0.072656 0.101562 0.057813
10 0.627344 0.077344 0.076563 0.045312
10 0.228906 0.072656 0.101562 0.057813
10 0.108594 0.077344 0.076563 0.045312
10 0.677344 0.230469 0.176563 0.020313
10 0.427344 0.230469 0.176563 0.020313
10 0.158594 0.230469 0.176563 0.020313
14 0.978125 0.164062 0.043750 0.021875
14 0.714063 0.189062 0.268750 0.031250
14 0.196875 0.189062 0.268750 0.031250
9 0.810937 0.200000 0.003125 0.231250
9 0.293750 0.200000 0.003125 0.231250
12 0.996875 0.280469 0.006250 0.048438
12 0.903125 0.284375 0.015625 0.028125
15 0.864844 0.298438 0.017188 0.053125
9 0.857031 0.300000 0.001563 0.053125
9 0.763281 0.245312 0.001563 0.050000
9 0.697656 0.273438 0.001563 0.106250
9 0.630469 0.245312 0.001563 0.050000
9 0.589844 0.273438 0.001563 0.106250
9 0.513281 0.245312 0.001563 0.050000
9 0.447656 0.273438 0.001563 0.106250
9 0.380469 0.245312 0.001563 0.050000
9 0.339844 0.273438 0.001563 0.106250
9 0.246094 0.245312 0.001563 0.050000
9 0.178906 0.273438 0.001563 0.106250
9 0.113281 0.245312 0.001563 0.050000
9 0.071094 0.273438 0.001563 0.106250
15 0.974219 0.098437 0.017188 0.062500
9 0.966406 0.100000 0.001563 0.059375
8 0.928125 0.109375 0.006250 0.006250
8 0.847656 0.169531 0.004687 0.004687
15 0.864844 0.118750 0.017188 0.053125
9 0.857031 0.120313 0.001563 0.053125
9 0.796094 0.113281 0.001563 0.082812
9 0.763281 0.101562 0.001563 0.075000
9 0.730469 0.089844 0.001563 0.067187
9 0.697656 0.075781 0.001563 0.057813
9 0.663281 0.090625 0.001563 0.062500
9 0.630469 0.104688 0.001563 0.068750
9 0.589844 0.118750 0.001563 0.071875
4 0.560156 0.156250 0.010937 0.043750
12 0.434375 0.120313 0.015625 0.028125
8 0.330469 0.169531 0.004687 0.004687
15 0.347656 0.118750 0.017188 0.053125
9 0.339844 0.120313 0.001563 0.053125
9 0.278906 0.113281 0.001563 0.082812
9 0.246094 0.101562 0.001563 0.075000
9 0.213281 0.089844 0.001563 0.067187
9 0.178906 0.075781 0.001563 0.057813
9 0.146094 0.090625 0.001563 0.062500
9 0.113281 0.104688 0.001563 0.068750
9 0.071094 0.118750 0.001563 0.071875
4 0.041406 0.156250 0.010937 0.043750
15 0.956250 0.199219 0.053125 0.026562
0 0.848437 0.329688 0.021875 0.018750
0 0.753125 0.273438 0.021875 0.018750
0 0.687500 0.329688 0.021875 0.018750
0 0.621875 0.273438 0.021875 0.018750
0 0.579688 0.329688 0.021875 0.018750
0 0.504687 0.273438 0.021875 0.018750
0 0.437500 0.329688 0.021875 0.018750
0 0.371875 0.273438 0.021875 0.018750
0 0.331250 0.329688 0.021875 0.018750
0 0.235937 0.273438 0.021875 0.018750
0 0.170313 0.329688 0.021875 0.018750
0 0.103125 0.273438 0.021875 0.018750
0 0.062500 0.329688 0.021875 0.018750
0 0.957812 0.132812 0.021875 0.018750
0 0.848437 0.150000 0.021875 0.018750
0 0.787500 0.157812 0.021875 0.018750
0 0.753125 0.142187 0.021875 0.018750
0 0.720313 0.125000 0.021875 0.018750
0 0.687500 0.109375 0.021875 0.018750
0 0.654687 0.125000 0.021875 0.018750
0 0.621875 0.142187 0.021875 0.018750
0 0.579688 0.157812 0.021875 0.018750
0 0.331250 0.150000 0.021875 0.018750
0 0.268750 0.157812 0.021875 0.018750
0 0.235937 0.142187 0.021875 0.018750
0 0.203125 0.125000 0.021875 0.018750
0 0.170313 0.109375 0.021875 0.018750
0 0.137500 0.125000 0.021875 0.018750
0 0.103125 0.142187 0.021875 0.018750
0 0.062500 0.157812 0.021875 0.018750
