10 0.018750 0.558594 0.037500 0.007812
10 0.782813 0.772656 0.087500 0.032813
10 0.666406 0.757031 0.079687 0.032813
10 0.549219 0.741406 0.092188 0.032813
10 0.446875 0.732812 0.043750 0.050000
10 0.087500 0.732031 0.106250 0.048438
10 0.265625 0.842969 0.131250 0.020313
10 0.062500 0.842969 0.125000 0.020313
14 0.160938 0.927344 0.321875 0.042188
14 0.823438 0.685156 0.059375 0.029687
14 0.714844 0.668750 0.070312 0.028125
14 0.597656 0.652344 0.082812 0.029687
14 0.475000 0.629687 0.078125 0.034375
14 0.118750 0.654687 0.146875 0.031250
14 0.335938 0.478125 0.115625 0.021875
14 0.196094 0.302344 0.392188 0.042188
9 0.860938 0.804688 0.003125 0.228125
9 0.860938 0.447656 0.003125 0.232813
9 0.356250 0.804688 0.003125 0.228125
9 0.356250 0.447656 0.003125 0.232813
12 0.635156 0.885156 0.017188 0.048438
12 0.510938 0.889062 0.015625 0.028125
15 0.410156 0.864062 0.017188 0.053125
9 0.402344 0.864062 0.001563 0.053125
9 0.332031 0.857812 0.001563 0.050000
9 0.288281 0.865625 0.001563 0.065625
9 0.244531 0.857812 0.001563 0.050000
9 0.200781 0.865625 0.001563 0.065625
9 0.124219 0.857812 0.001563 0.050000
9 0.055469 0.865625 0.001563 0.065625
9 0.011719 0.857812 0.001563 0.050000
9 0.825781 0.750000 0.001563 0.078125
4 0.816406 0.707812 0.010937 0.043750
9 0.783594 0.758594 0.001563 0.060937
4 0.774219 0.723437 0.010937 0.043750
8 0.749219 0.672656 0.004687 0.004687
9 0.739844 0.742188 0.001563 0.093750
9 0.705469 0.730469 0.001563 0.085938
9 0.671094 0.738281 0.001563 0.070312
4 0.660156 0.700000 0.010937 0.043750
8 0.636719 0.655469 0.004687 0.004687
9 0.627344 0.726562 0.001563 0.093750
9 0.592969 0.713281 0.001563 0.085938
3 0.580469 0.659375 0.014063 0.040625
9 0.546094 0.722656 0.001563 0.070312
8 0.513281 0.639844 0.004687 0.004687
9 0.503906 0.709375 0.001563 0.093750
9 0.467969 0.696875 0.001563 0.084375
4 0.458594 0.651563 0.010937 0.043750
9 0.425781 0.712500 0.001563 0.084375
4 0.416406 0.667188 0.010937 0.043750
12 0.275000 0.726562 0.015625 0.028125
8 0.191406 0.680469 0.004687 0.004687
15 0.191406 0.731250 0.020313 0.053125
9 0.182031 0.728906 0.001563 0.051562
4 0.171094 0.700000 0.010937 0.043750
9 0.139844 0.724219 0.001563 0.057813
9 0.105469 0.717969 0.001563 0.060937
9 0.069531 0.711719 0.001563 0.064062
9 0.035156 0.703125 0.001563 0.065625
15 0.392188 0.805469 0.050000 0.039062
12 0.635156 0.530469 0.017188 0.048438
12 0.510938 0.532813 0.015625 0.028125
15 0.392969 0.529687 0.020313 0.053125
9 0.383594 0.527344 0.001563 0.051562
15 0.277344 0.537500 0.020313 0.053125
9 0.267969 0.535156 0.001563 0.051562
12 0.189062 0.532813 0.015625 0.028125
8 0.044531 0.486719 0.004687 0.004687
9 0.035156 0.535937 0.001563 0.053125
15 0.391406 0.602344 0.032813 0.039062
12 0.635156 0.364844 0.017188 0.048438
12 0.510938 0.367188 0.015625 0.028125
15 0.392969 0.362500 0.020313 0.053125
9 0.383594 0.360156 0.001563 0.051562
9 0.182031 0.370312 0.001563 0.053125
4 0.171094 0.339062 0.010937 0.043750
15 0.391406 0.435156 0.032813 0.039062
15 0.191406 0.435156 0.042188 0.039062
0 0.393750 0.893750 0.021875 0.018750
0 0.321875 0.885938 0.021875 0.018750
0 0.278125 0.903125 0.021875 0.018750
0 0.235937 0.885938 0.021875 0.018750
0 0.192188 0.903125 0.021875 0.018750
0 0.115625 0.885938 0.021875 0.018750
0 0.045312 0.903125 0.021875 0.018750
0 0.006250 0.885938 0.012500 0.018750
0 0.835938 0.709375 0.021875 0.018750
0 0.793750 0.725000 0.021875 0.018750
0 0.750000 0.692187 0.021875 0.018750
0 0.715625 0.684375 0.021875 0.018750
0 0.681250 0.700000 0.021875 0.018750
0 0.637500 0.676562 0.021875 0.018750
0 0.603125 0.668750 0.021875 0.018750
0 0.556250 0.684375 0.021875 0.018750
0 0.514062 0.660937 0.021875 0.018750
0 0.478125 0.651563 0.021875 0.018750
0 0.435937 0.668750 0.021875 0.018750
0 0.192188 0.700000 0.021875 0.018750
0 0.150000 0.692187 0.021875 0.018750
0 0.115625 0.684375 0.021875 0.018750
0 0.079687 0.676562 0.021875 0.018750
0 0.045312 0.668750 0.021875 0.018750
0 0.393750 0.498437 0.021875 0.018750
0 0.278125 0.506250 0.021875 0.018750
0 0.045312 0.506250 0.021875 0.018750
0 0.393750 0.332813 0.021875 0.018750
0 0.192188 0.340625 0.021875 0.018750
