10 0.900000 0.117188 0.187500 0.050000
10 0.662500 0.114844 0.078125 0.007812
10 0.526563 0.118750 0.103125 0.025000
10 0.265625 0.120313 0.212500 0.028125
10 0.046875 0.110937 0.093750 0.040625
10 0.886719 0.296094 0.160938 0.020313
10 0.678906 0.283594 0.110937 0.020313
10 0.526563 0.283594 0.103125 0.020313
10 0.353125 0.280469 0.103125 0.020313
10 0.214844 0.280469 0.110937 0.020313
14 0.584375 0.182031 0.831250 0.070312
14 0.907813 0.026562 0.184375 0.046875
14 0.850000 0.021094 0.068750 0.010937
14 0.559375 0.032813 0.150000 0.025000
14 0.312500 0.014063 0.134375 0.018750
14 0.085156 0.029687 0.170313 0.059375
9 0.775000 0.183594 0.003125 0.245312
9 0.443750 0.183594 0.003125 0.245312
9 0.128125 0.183594 0.003125 0.245312
9 0.964844 0.271094 0.001563 0.070312
9 0.874219 0.279687 0.001563 0.053125
9 0.839844 0.271094 0.001563 0.070312
9 0.807031 0.279687 0.001563 0.053125
4 0.796094 0.250000 0.010937 0.043750
9 0.735156 0.260937 0.001563 0.065625
9 0.700781 0.270313 0.001563 0.050000
9 0.667969 0.260937 0.001563 0.065625
4 0.657031 0.225000 0.010937 0.043750
9 0.624219 0.270313 0.001563 0.050000
4 0.614844 0.240625 0.010937 0.043750
9 0.575781 0.260937 0.001563 0.065625
9 0.542969 0.270313 0.001563 0.050000
9 0.508594 0.260937 0.001563 0.065625
9 0.475781 0.270313 0.001563 0.050000
9 0.403906 0.255469 0.001563 0.070312
9 0.369531 0.262500 0.001563 0.053125
9 0.336719 0.255469 0.001563 0.070312
9 0.302344 0.262500 0.001563 0.053125
9 0.269531 0.255469 0.001563 0.070312
9 0.235156 0.262500 0.001563 0.053125
9 0.202344 0.255469 0.001563 0.070312
4 0.191406 0.217188 0.010937 0.043750
9 0.160156 0.262500 0.001563 0.053125
9 0.991406 0.102344 0.001563 0.073438
9 0.964844 0.096875 0.001563 0.078125
4 0.955469 0.053125 0.010937 0.043750
9 0.919531 0.088281 0.001563 0.079687
4 0.908594 0.045312 0.010937 0.043750
9 0.874219 0.080469 0.001563 0.079687
9 0.807031 0.075781 0.001563 0.070312
9 0.700781 0.092188 0.001563 0.053125
9 0.624219 0.092188 0.001563 0.053125
9 0.575781 0.100000 0.001563 0.053125
2 0.562500 0.069531 0.015625 0.045312
9 0.475781 0.084375 0.001563 0.053125
4 0.464844 0.053125 0.010937 0.043750
8 0.378906 0.033594 0.004687 0.004687
9 0.369531 0.084375 0.001563 0.053125
8 0.311719 0.033594 0.004687 0.004687
9 0.302344 0.087500 0.001563 0.059375
8 0.244531 0.033594 0.004687 0.004687
9 0.235156 0.091406 0.001563 0.067187
4 0.225781 0.053125 0.010937 0.043750
9 0.160156 0.106250 0.001563 0.050000
4 0.149219 0.078125 0.010937 0.043750
9 0.092969 0.100000 0.001563 0.053125
9 0.060156 0.093750 0.001563 0.056250
9 0.025781 0.086719 0.001563 0.057813
4 0.016406 0.053125 0.010937 0.043750
0 0.975000 0.234375 0.021875 0.018750
0 0.884375 0.250000 0.021875 0.018750
0 0.850000 0.234375 0.021875 0.018750
0 0.817187 0.250000 0.021875 0.018750
0 0.745313 0.226562 0.021875 0.018750
0 0.710938 0.242188 0.021875 0.018750
0 0.678125 0.226562 0.021875 0.018750
0 0.634375 0.242188 0.021875 0.018750
0 0.585938 0.226562 0.021875 0.018750
0 0.553125 0.242188 0.021875 0.018750
0 0.518750 0.226562 0.021875 0.018750
0 0.485938 0.242188 0.021875 0.018750
0 0.414062 0.217188 0.021875 0.018750
0 0.379688 0.234375 0.021875 0.018750
0 0.346875 0.217188 0.021875 0.018750
0 0.312500 0.234375 0.021875 0.018750
0 0.279687 0.217188 0.021875 0.018750
0 0.245312 0.234375 0.021875 0.018750
0 0.212500 0.217188 0.021875 0.018750
0 0.170313 0.234375 0.021875 0.018750
0 0.995313 0.062500 0.009375 0.018750
0 0.975000 0.054688 0.021875 0.018750
0 0.929688 0.046875 0.021875 0.018750
0 0.884375 0.039062 0.021875 0.018750
0 0.817187 0.039062 0.021875 0.018750
0 0.710938 0.062500 0.021875 0.018750
0 0.634375 0.062500 0.021875 0.018750
0 0.585938 0.070312 0.021875 0.018750
0 0.485938 0.054688 0.021875 0.018750
0 0.379688 0.054688 0.021875 0.018750
0 0.312500 0.054688 0.021875 0.018750
0 0.245312 0.054688 0.021875 0.018750
0 0.170313 0.078125 0.021875 0.018750
0 0.103125 0.070312 0.021875 0.018750
0 0.070312 0.062500 0.021875 0.018750
0 0.035937 0.054688 0.021875 0.018750
