10 0.793750 0.170313 0.053125 0.025000
10 0.675781 0.177344 0.067187 0.032813
10 0.510156 0.177344 0.067187 0.032813
10 0.313281 0.177344 0.067187 0.032813
10 0.153125 0.170313 0.053125 0.025000
10 0.032031 0.157812 0.064062 0.021875
10 0.525000 0.364844 0.237500 0.007812
14 0.632812 0.125000 0.012500 0.009375
14 0.714844 0.087500 0.126562 0.018750
14 0.467187 0.125000 0.012500 0.009375
14 0.535156 0.088281 0.095312 0.017188
14 0.270313 0.125000 0.012500 0.009375
14 0.353906 0.087500 0.126562 0.018750
14 0.068750 0.082812 0.137500 0.028125
9 0.943750 0.235156 0.003125 0.270313
9 0.742188 0.235156 0.003125 0.270313
9 0.379688 0.235156 0.003125 0.270313
9 0.100000 0.235156 0.003125 0.270313
9 0.989844 0.338281 0.001563 0.104688
12 0.878906 0.336719 0.017188 0.048438
12 0.826562 0.339062 0.015625 0.028125
8 0.777344 0.250781 0.004687 0.004687
15 0.777344 0.334375 0.020313 0.053125
9 0.767969 0.317188 0.001563 0.084375
8 0.652344 0.250781 0.004687 0.004687
9 0.642969 0.321875 0.001563 0.093750
8 0.582031 0.250781 0.004687 0.004687
9 0.571094 0.321875 0.001563 0.093750
8 0.486719 0.250781 0.004687 0.004687
9 0.477344 0.321875 0.001563 0.093750
8 0.416406 0.250781 0.004687 0.004687
9 0.407031 0.321875 0.001563 0.093750
8 0.289844 0.250781 0.004687 0.004687
15 0.289844 0.342187 0.020313 0.053125
9 0.280469 0.321094 0.001563 0.092188
12 0.237500 0.339062 0.015625 0.028125
12 0.185938 0.339062 0.015625 0.028125
8 0.136719 0.267969 0.004687 0.004687
15 0.136719 0.334375 0.020313 0.053125
9 0.127344 0.324219 0.001563 0.067187
8 0.036719 0.275781 0.004687 0.004687
15 0.036719 0.342187 0.020313 0.053125
9 0.027344 0.332031 0.001563 0.067187
9 0.989844 0.127344 0.001563 0.054688
12 0.878906 0.133594 0.017188 0.048438
8 0.828906 0.032031 0.004687 0.004687
9 0.819531 0.107813 0.001563 0.106250
8 0.777344 0.108594 0.004687 0.004687
9 0.767969 0.153125 0.001563 0.050000
9 0.707031 0.157031 0.001563 0.073438
9 0.678906 0.160938 0.001563 0.065625
15 0.636719 0.087500 0.010937 0.037500
9 0.632031 0.089844 0.001563 0.035937
9 0.642969 0.157031 0.001563 0.073438
8 0.582031 0.108594 0.004687 0.004687
15 0.580469 0.156250 0.020313 0.053125
9 0.571094 0.153906 0.001563 0.051562
9 0.542969 0.157031 0.001563 0.073438
9 0.513281 0.160938 0.001563 0.065625
15 0.472656 0.087500 0.010937 0.037500
9 0.467969 0.089844 0.001563 0.035937
9 0.477344 0.157031 0.001563 0.073438
8 0.416406 0.108594 0.004687 0.004687
15 0.416406 0.156250 0.020313 0.053125
9 0.407031 0.153906 0.001563 0.051562
9 0.346094 0.157031 0.001563 0.073438
9 0.316406 0.160938 0.001563 0.065625
15 0.275781 0.087500 0.010937 0.037500
9 0.271094 0.089844 0.001563 0.035937
9 0.280469 0.157031 0.001563 0.073438
12 0.237500 0.135937 0.015625 0.028125
8 0.188281 0.047656 0.004687 0.004687
9 0.178906 0.117188 0.001563 0.090625
8 0.136719 0.108594 0.004687 0.004687
9 0.127344 0.153125 0.001563 0.050000
9 0.063281 0.142969 0.001563 0.045312
9 0.027344 0.138281 0.001563 0.051562
15 0.978906 0.235156 0.032813 0.039062
15 0.289844 0.222656 0.029687 0.026562
15 0.978906 0.014844 0.032813 0.029687
15 0.289844 0.014844 0.029687 0.026562
1 0.981250 0.335938 0.021875 0.018750
1 0.981250 0.360938 0.021875 0.018750
1 0.981250 0.376563 0.021875 0.018750
1 0.981250 0.393750 0.021875 0.018750
0 0.778125 0.271875 0.021875 0.018750
0 0.778125 0.304688 0.021875 0.018750
0 0.653125 0.271875 0.021875 0.018750
0 0.653125 0.312500 0.021875 0.018750
0 0.581250 0.271875 0.021875 0.018750
0 0.581250 0.304688 0.021875 0.018750
0 0.487500 0.271875 0.021875 0.018750
0 0.487500 0.312500 0.021875 0.018750
0 0.417187 0.271875 0.021875 0.018750
0 0.417187 0.304688 0.021875 0.018750
0 0.290625 0.271875 0.021875 0.018750
0 0.290625 0.312500 0.021875 0.018750
0 0.137500 0.287500 0.021875 0.018750
0 0.137500 0.304688 0.021875 0.018750
0 0.037500 0.296875 0.021875 0.018750
0 0.037500 0.312500 0.021875 0.018750
0 0.981250 0.157812 0.021875 0.018750
0 0.829688 0.053125 0.021875 0.018750
0 0.829688 0.068750 0.021875 0.018750
0 0.778125 0.125000 0.021875 0.018750
0 0.717187 0.117188 0.021875 0.018750
0 0.689063 0.125000 0.021875 0.018750
0 0.626563 0.108594 0.012500 0.010937
0 0.653125 0.117188 0.021875 0.018750
0 0.581250 0.125000 0.021875 0.018750
0 0.553125 0.117188 0.021875 0.018750
0 0.523438 0.125000 0.021875 0.018750
0 0.460938 0.108594 0.012500 0.010937
0 0.487500 0.117188 0.021875 0.018750
0 0.417187 0.125000 0.021875 0.018750
0 0.356250 0.117188 0.021875 0.018750
0 0.326562 0.125000 0.021875 0.018750
0 0.264062 0.108594 0.012500 0.010937
0 0.290625 0.117188 0.021875 0.018750
0 0.189062 0.068750 0.021875 0.018750
0 0.189062 0.084375 0.021875 0.018750
0 0.137500 0.125000 0.021875 0.018750
0 0.073438 0.117188 0.021875 0.018750
0 0.037500 0.109375 0.021875 0.018750
