10 0.660156 0.403906 0.139063 0.045312
10 0.500000 0.388281 0.112500 0.048438
10 0.360938 0.411719 0.084375 0.045312
10 0.160156 0.710156 0.139063 0.020313
10 0.028125 0.727344 0.056250 0.048438
10 0.889844 0.892969 0.139063 0.020313
15 0.335938 0.707031 0.034375 0.026562
14 0.306250 0.700000 0.021875 0.018750
14 0.050781 0.646094 0.101562 0.067187
14 0.579688 0.496094 0.465625 0.051562
14 0.534375 0.326562 0.409375 0.059375
9 0.775000 0.831250 0.003125 0.290625
9 0.775000 0.445312 0.003125 0.228125
9 0.275000 0.831250 0.003125 0.290625
9 0.275000 0.445312 0.003125 0.228125
9 0.958594 0.907813 0.001563 0.050000
9 0.913281 0.935937 0.001563 0.106250
9 0.867969 0.907813 0.001563 0.050000
9 0.821094 0.935937 0.001563 0.106250
9 0.319531 0.908594 0.001563 0.101562
4 0.310156 0.885938 0.010937 0.043750
12 0.099219 0.942969 0.017188 0.048438
12 0.992188 0.721875 0.015625 0.028125
9 0.802344 0.725000 0.001563 0.053125
15 0.307031 0.677344 0.010937 0.032813
9 0.302344 0.678125 0.001563 0.031250
9 0.319531 0.717187 0.001563 0.053125
8 0.238281 0.617969 0.004687 0.004687
9 0.228906 0.681250 0.001563 0.078125
8 0.192969 0.617969 0.004687 0.004687
9 0.183594 0.681250 0.001563 0.078125
8 0.147656 0.617969 0.004687 0.004687
9 0.138281 0.681250 0.001563 0.078125
9 0.091406 0.681250 0.001563 0.078125
9 0.055469 0.691406 0.001563 0.082812
4 0.044531 0.646875 0.010937 0.043750
9 0.010156 0.697656 0.001563 0.079687
12 0.992188 0.525781 0.015625 0.048438
9 0.802344 0.545312 0.001563 0.050000
9 0.339844 0.513281 0.001563 0.051562
12 0.099219 0.525781 0.017188 0.048438
12 0.992188 0.364844 0.015625 0.048438
12 0.901563 0.367188 0.015625 0.028125
15 0.828906 0.350000 0.017188 0.053125
9 0.821094 0.351562 0.001563 0.053125
9 0.728906 0.397656 0.001563 0.045312
9 0.683594 0.382812 0.001563 0.062500
9 0.636719 0.369531 0.001563 0.070312
9 0.591406 0.357812 0.001563 0.078125
9 0.555469 0.359375 0.001563 0.065625
9 0.517969 0.366406 0.001563 0.064062
9 0.482031 0.374219 0.001563 0.060937
9 0.444531 0.380469 0.001563 0.057813
4 0.435156 0.348438 0.010937 0.043750
9 0.402344 0.388281 0.001563 0.057813
9 0.366406 0.394531 0.001563 0.054688
9 0.319531 0.401562 0.001563 0.053125
12 0.099219 0.364844 0.017188 0.048438
0 0.992188 0.991406 0.015625 0.017188
0 0.950000 0.934375 0.021875 0.018750
0 0.904687 0.991406 0.021875 0.017188
0 0.857812 0.934375 0.021875 0.018750
0 0.812500 0.991406 0.021875 0.017188
1 0.329688 0.854688 0.021875 0.018750
1 0.329688 0.870313 0.021875 0.018750
1 0.329688 0.885938 0.021875 0.018750
1 0.329688 0.903125 0.021875 0.018750
0 0.812500 0.695312 0.021875 0.018750
0 0.295312 0.696094 0.012500 0.010937
1 0.329688 0.687500 0.021875 0.018750
0 0.239063 0.639062 0.021875 0.018750
0 0.193750 0.639062 0.021875 0.018750
0 0.148438 0.639062 0.021875 0.018750
0 0.101562 0.639062 0.021875 0.018750
0 0.065625 0.646875 0.021875 0.018750
0 0.020313 0.654687 0.021875 0.018750
0 0.812500 0.518750 0.021875 0.018750
1 0.329688 0.542188 0.021875 0.018750
0 0.812500 0.381250 0.021875 0.018750
0 0.739062 0.373437 0.021875 0.018750
0 0.693750 0.348438 0.021875 0.018750
0 0.646875 0.332813 0.021875 0.018750
0 0.601562 0.315625 0.021875 0.018750
0 0.565625 0.325000 0.021875 0.018750
0 0.528125 0.332813 0.021875 0.018750
0 0.492188 0.340625 0.021875 0.018750
0 0.454688 0.348438 0.021875 0.018750
0 0.412500 0.356250 0.021875 0.018750
0 0.376563 0.364063 0.021875 0.018750
0 0.329688 0.373437 0.021875 0.018750
