10 0.646094 0.057813 0.067187 0.025000
10 0.496875 0.052344 0.112500 0.035937
10 0.344531 0.132812 0.067187 0.028125
10 0.772656 0.313281 0.098437 0.020313
10 0.642969 0.320312 0.098437 0.040625
10 0.160156 0.346094 0.098437 0.020313
10 0.050000 0.221094 0.100000 0.020313
14 0.727344 0.204687 0.248438 0.037500
14 0.145313 0.239844 0.290625 0.089063
14 0.635938 0.132812 0.065625 0.025000
14 0.436719 0.037500 0.232813 0.037500
9 0.860938 0.190625 0.003125 0.259375
9 0.567187 0.190625 0.003125 0.259375
9 0.243750 0.190625 0.003125 0.259375
9 0.821094 0.282813 0.001563 0.081250
9 0.788281 0.300000 0.001563 0.050000
9 0.755469 0.282813 0.001563 0.081250
9 0.724219 0.290625 0.001563 0.065625
9 0.691406 0.278906 0.001563 0.073438
9 0.658594 0.299219 0.001563 0.048438
9 0.625781 0.285938 0.001563 0.087500
3 0.613281 0.231250 0.014063 0.040625
9 0.594531 0.313281 0.001563 0.045312
12 0.430469 0.288281 0.017188 0.048438
12 0.350000 0.290625 0.015625 0.028125
15 0.305469 0.289062 0.017188 0.053125
9 0.297656 0.290625 0.001563 0.053125
3 0.266406 0.310937 0.014063 0.040625
9 0.208594 0.310937 0.001563 0.090625
9 0.177344 0.331250 0.001563 0.050000
9 0.144531 0.310937 0.001563 0.090625
9 0.111719 0.323437 0.001563 0.065625
9 0.099219 0.235937 0.001563 0.050000
9 0.066406 0.255469 0.001563 0.089063
9 0.033594 0.235937 0.001563 0.050000
3 0.004687 0.254688 0.009375 0.040625
12 0.732031 0.094531 0.017188 0.048438
9 0.678906 0.075000 0.001563 0.050000
9 0.613281 0.090625 0.001563 0.050000
8 0.542969 0.136719 0.004687 0.004687
9 0.552344 0.081250 0.001563 0.053125
3 0.521094 0.103125 0.014063 0.040625
8 0.496094 0.117969 0.004687 0.004687
9 0.507031 0.072656 0.001563 0.051562
8 0.463281 0.117969 0.004687 0.004687
9 0.474219 0.066406 0.001563 0.048438
8 0.432031 0.102344 0.004687 0.004687
9 0.441406 0.060156 0.001563 0.045312
3 0.410156 0.078125 0.014063 0.040625
8 0.385156 0.050781 0.004687 0.004687
9 0.375781 0.107813 0.001563 0.053125
8 0.352344 0.050781 0.004687 0.004687
9 0.342969 0.106250 0.001563 0.065625
8 0.321094 0.069531 0.004687 0.004687
9 0.311719 0.119531 0.001563 0.045312
11 0.087500 0.082812 0.018750 0.009375
0 0.831250 0.239063 0.021875 0.018750
0 0.798438 0.271875 0.021875 0.018750
0 0.765625 0.239063 0.021875 0.018750
0 0.734375 0.256250 0.021875 0.018750
0 0.701562 0.239063 0.021875 0.018750
0 0.668750 0.271875 0.021875 0.018750
0 0.635938 0.239063 0.021875 0.018750
0 0.604688 0.287500 0.021875 0.018750
0 0.289062 0.320312 0.021875 0.018750
0 0.218750 0.264062 0.021875 0.018750
0 0.187500 0.304688 0.021875 0.018750
0 0.154688 0.264062 0.021875 0.018750
0 0.121875 0.287500 0.021875 0.018750
0 0.089063 0.264062 0.021875 0.018750
0 0.057813 0.304688 0.021875 0.018750
0 0.025000 0.264062 0.021875 0.018750
0 0.668750 0.103125 0.021875 0.018750
0 0.604688 0.118750 0.021875 0.018750
0 0.543750 0.110937 0.021875 0.018750
0 0.496875 0.103125 0.021875 0.018750
0 0.464062 0.095312 0.021875 0.018750
0 0.432812 0.087500 0.021875 0.018750
0 0.385937 0.078125 0.021875 0.018750
0 0.353125 0.070312 0.021875 0.018750
0 0.321875 0.095312 0.021875 0.018750
