2 0.407813 0.107031 0.015625 0.045312
2 0.387500 0.082031 0.015625 0.045312
2 0.368750 0.058594 0.015625 0.045312
2 0.348438 0.089844 0.015625 0.045312
2 0.328125 0.066406 0.015625 0.045312
7 0.281250 0.100781 0.043750 0.114062
2 0.407813 0.324219 0.015625 0.045312
2 0.387500 0.300781 0.015625 0.045312
2 0.368750 0.275781 0.015625 0.045312
2 0.348438 0.308594 0.015625 0.045312
2 0.328125 0.283594 0.015625 0.045312
13 0.282031 0.296094 0.045312 0.057813
10 0.931250 0.121094 0.084375 0.026562
10 0.771094 0.116406 0.114062 0.035937
10 0.589063 0.147656 0.134375 0.032813
15 0.539062 0.086719 0.034375 0.026562
14 0.507812 0.228125 0.053125 0.015625
14 0.878125 0.074219 0.015625 0.007812
14 0.949219 0.034375 0.101562 0.021875
14 0.715625 0.057813 0.243750 0.043750
14 0.499219 0.062500 0.070312 0.021875
9 0.248438 0.167187 0.003125 0.334375
9 0.689063 0.200000 0.003125 0.268750
8 0.947656 0.232031 0.004687 0.004687
15 0.947656 0.298438 0.020313 0.053125
9 0.938281 0.288281 0.001563 0.067187
12 0.896875 0.303125 0.015625 0.028125
12 0.722656 0.300781 0.017188 0.048438
12 0.618750 0.303125 0.015625 0.028125
15 0.549219 0.237500 0.017188 0.053125
9 0.541406 0.239063 0.001563 0.053125
9 0.453906 0.313281 0.001563 0.051562
9 0.474219 0.235937 0.001563 0.040625
9 0.972656 0.105469 0.001563 0.054688
9 0.938281 0.096094 0.001563 0.054688
9 0.875781 0.032813 0.001563 0.031250
9 0.889844 0.088281 0.001563 0.054688
9 0.827344 0.097656 0.001563 0.057813
9 0.785156 0.094531 0.001563 0.067187
9 0.757031 0.098437 0.001563 0.059375
9 0.714844 0.104688 0.001563 0.053125
9 0.653906 0.125000 0.001563 0.078125
9 0.611719 0.128906 0.001563 0.070312
9 0.585156 0.132031 0.001563 0.060937
2 0.571875 0.099219 0.015625 0.045312
9 0.522656 0.128906 0.001563 0.070312
9 0.453906 0.111719 0.001563 0.051562
0 0.948438 0.251563 0.021875 0.018750
0 0.948438 0.268750 0.021875 0.018750
0 0.532813 0.268750 0.021875 0.018750
0 0.464062 0.284375 0.021875 0.018750
0 0.464062 0.259375 0.021875 0.018750
0 0.982812 0.075000 0.021875 0.018750
0 0.948438 0.067187 0.021875 0.018750
0 0.870313 0.050781 0.012500 0.010937
0 0.900000 0.059375 0.021875 0.018750
0 0.837500 0.067187 0.021875 0.018750
0 0.795312 0.059375 0.021875 0.018750
0 0.767188 0.067187 0.021875 0.018750
0 0.725000 0.075000 0.021875 0.018750
0 0.664062 0.082812 0.021875 0.018750
0 0.621875 0.090625 0.021875 0.018750
0 0.595313 0.098437 0.021875 0.018750
0 0.532813 0.090625 0.021875 0.018750
0 0.464062 0.082812 0.021875 0.018750
