10 0.961719 0.103906 0.076563 0.067187
10 0.870313 0.111719 0.037500 0.051562
10 0.790625 0.243750 0.037500 0.037500
10 0.700781 0.103906 0.073438 0.067187
10 0.130469 0.086719 0.135937 0.035937
10 0.014844 0.086719 0.029687 0.035937
14 0.369531 0.238281 0.167187 0.026562
14 0.921094 0.268750 0.157812 0.193750
14 0.726562 0.268750 0.143750 0.193750
14 0.403125 0.191406 0.271875 0.032813
14 0.143750 0.155469 0.090625 0.026562
14 0.027344 0.179688 0.054688 0.018750
9 0.618750 0.210938 0.003125 0.243750
9 0.223438 0.210938 0.003125 0.243750
9 0.808594 0.290625 0.001563 0.106250
9 0.772656 0.258594 0.001563 0.057813
9 0.460156 0.242188 0.001563 0.040625
9 0.258594 0.339062 0.001563 0.043750
9 0.277344 0.250000 0.001563 0.040625
11 0.004687 0.285938 0.009375 0.009375
13 0.198437 0.290625 0.031250 0.037500
9 0.966406 0.125781 0.001563 0.067187
4 0.936719 0.162500 0.010937 0.043750
9 0.924219 0.109375 0.001563 0.068750
9 0.888281 0.140625 0.001563 0.068750
9 0.852344 0.121094 0.001563 0.060937
9 0.736719 0.148438 0.001563 0.084375
9 0.700781 0.132812 0.001563 0.084375
9 0.664844 0.111719 0.001563 0.076563
9 0.503906 0.120313 0.001563 0.031250
15 0.557031 0.115625 0.017188 0.053125
9 0.549219 0.125000 0.001563 0.068750
4 0.519531 0.162500 0.010937 0.043750
9 0.277344 0.123438 0.001563 0.053125
3 0.246094 0.145313 0.014063 0.040625
9 0.197656 0.096094 0.001563 0.045312
9 0.152344 0.102344 0.001563 0.048438
9 0.108594 0.110156 0.001563 0.051562
8 0.053906 0.164844 0.004687 0.004687
9 0.063281 0.115625 0.001563 0.053125
9 0.028906 0.105469 0.001563 0.057813
15 0.267969 0.008594 0.029687 0.017188
0 0.798438 0.346875 0.021875 0.018750
0 0.762500 0.290625 0.021875 0.018750
0 0.451562 0.267188 0.021875 0.018750
1 0.268750 0.315625 0.021875 0.018750
0 0.268750 0.275000 0.021875 0.018750
0 0.990625 0.178125 0.018750 0.018750
0 0.956250 0.162500 0.021875 0.018750
0 0.914062 0.146875 0.021875 0.018750
0 0.878125 0.178125 0.021875 0.018750
0 0.843750 0.154688 0.021875 0.018750
0 0.728125 0.195312 0.021875 0.018750
0 0.692187 0.178125 0.021875 0.018750
0 0.656250 0.154688 0.021875 0.018750
0 0.496875 0.138281 0.012500 0.010937
0 0.540625 0.146875 0.021875 0.018750
0 0.540625 0.162500 0.021875 0.018750
0 0.268750 0.154688 0.021875 0.018750
0 0.187500 0.121875 0.021875 0.018750
0 0.143750 0.129688 0.021875 0.018750
0 0.098437 0.137500 0.021875 0.018750
0 0.054688 0.146875 0.021875 0.018750
0 0.018750 0.137500 0.021875 0.018750
