10 0.956250 0.164844 0.071875 0.032813
10 0.484375 0.078125 0.071875 0.012500
10 0.335156 0.174219 0.135937 0.048438
10 0.155469 0.177344 0.104688 0.032813
10 0.035937 0.164844 0.071875 0.032813
10 0.771094 0.394531 0.107813 0.020313
10 0.630469 0.404687 0.107813 0.040625
10 0.403125 0.251563 0.234375 0.025000
14 0.741406 0.300000 0.310937 0.050000
14 0.402344 0.229687 0.232813 0.034375
14 0.496094 0.153125 0.026562 0.031250
14 0.474219 0.171094 0.070312 0.026562
14 0.275781 0.096875 0.270313 0.031250
14 0.069531 0.075000 0.089063 0.031250
14 0.741406 0.004687 0.310937 0.009375
9 0.859375 0.237500 0.003125 0.278125
9 0.550000 0.237500 0.003125 0.278125
9 0.240625 0.237500 0.003125 0.278125
12 0.964063 0.346875 0.015625 0.028125
15 0.913281 0.337500 0.017188 0.053125
9 0.905469 0.339062 0.001563 0.053125
9 0.824219 0.359375 0.001563 0.090625
9 0.788281 0.379688 0.001563 0.050000
9 0.753906 0.359375 0.001563 0.090625
9 0.717969 0.371875 0.001563 0.065625
9 0.682031 0.357031 0.001563 0.085938
9 0.647656 0.381250 0.001563 0.053125
9 0.611719 0.364063 0.001563 0.100000
9 0.577344 0.395313 0.001563 0.050000
9 0.519531 0.262500 0.001563 0.040625
9 0.430469 0.364063 0.001563 0.050000
9 0.449219 0.269531 0.001563 0.045312
9 0.336719 0.277344 0.001563 0.045312
9 0.267969 0.370312 0.001563 0.046875
9 0.286719 0.284375 0.001563 0.050000
9 0.992969 0.137500 0.001563 0.053125
8 0.966406 0.078906 0.004687 0.004687
9 0.957031 0.136719 0.001563 0.067187
8 0.932031 0.107031 0.004687 0.004687
9 0.921094 0.151562 0.001563 0.050000
12 0.725781 0.132031 0.017188 0.048438
9 0.596094 0.112500 0.001563 0.050000
9 0.488281 0.106250 0.001563 0.031250
9 0.519531 0.110156 0.001563 0.070312
9 0.449219 0.108594 0.001563 0.057813
9 0.402344 0.164844 0.001563 0.057813
9 0.374219 0.157031 0.001563 0.060937
9 0.346094 0.150781 0.001563 0.064062
9 0.317969 0.144531 0.001563 0.067187
9 0.267969 0.135937 0.001563 0.065625
9 0.207031 0.151562 0.001563 0.081250
3 0.194531 0.100000 0.014063 0.040625
9 0.160156 0.155469 0.001563 0.073438
9 0.132031 0.159375 0.001563 0.065625
9 0.103906 0.140625 0.001563 0.106250
9 0.071094 0.138281 0.001563 0.085938
9 0.042969 0.142187 0.001563 0.078125
9 0.014844 0.146094 0.001563 0.070312
4 0.005469 0.107813 0.010937 0.043750
15 0.585156 0.238281 0.029687 0.026562
15 0.585156 0.014844 0.029687 0.026562
0 0.896875 0.368750 0.021875 0.018750
0 0.834375 0.310937 0.021875 0.018750
0 0.798438 0.351562 0.021875 0.018750
0 0.764062 0.310937 0.021875 0.018750
0 0.728125 0.335938 0.021875 0.018750
0 0.692187 0.310937 0.021875 0.018750
0 0.657813 0.351562 0.021875 0.018750
0 0.621875 0.310937 0.021875 0.018750
0 0.587500 0.368750 0.021875 0.018750
0 0.509375 0.287500 0.021875 0.018750
0 0.440625 0.335938 0.021875 0.018750
0 0.440625 0.295312 0.021875 0.018750
0 0.328125 0.303125 0.021875 0.018750
0 0.278125 0.343750 0.021875 0.018750
0 0.278125 0.310937 0.021875 0.018750
0 0.996094 0.107813 0.007812 0.018750
0 0.967187 0.100000 0.021875 0.018750
0 0.931250 0.125000 0.021875 0.018750
0 0.587500 0.140625 0.021875 0.018750
0 0.482812 0.124219 0.012500 0.010937
0 0.509375 0.132812 0.021875 0.018750
0 0.509375 0.148438 0.021875 0.018750
0 0.440625 0.140625 0.021875 0.018750
0 0.412500 0.132812 0.021875 0.018750
0 0.384375 0.125000 0.021875 0.018750
0 0.356250 0.115625 0.021875 0.018750
0 0.328125 0.107813 0.021875 0.018750
0 0.278125 0.100000 0.021875 0.018750
0 0.217188 0.107813 0.021875 0.018750
0 0.170313 0.115625 0.021875 0.018750
0 0.142187 0.125000 0.021875 0.018750
0 0.114062 0.084375 0.021875 0.018750
0 0.081250 0.092188 0.021875 0.018750
0 0.053125 0.100000 0.021875 0.018750
0 0.025000 0.107813 0.021875 0.018750
0 0.003906 0.067187 0.007812 0.018750
