10 0.782813 0.147656 0.087500 0.032813
10 0.666406 0.132031 0.079687 0.032813
10 0.549219 0.116406 0.092188 0.032813
10 0.446875 0.107813 0.043750 0.050000
10 0.087500 0.107031 0.106250 0.048438
10 0.265625 0.217969 0.131250 0.020313
10 0.062500 0.217969 0.125000 0.020313
14 0.160938 0.302344 0.321875 0.042188
14 0.823438 0.060156 0.059375 0.029687
14 0.714844 0.043750 0.070312 0.028125
14 0.597656 0.027344 0.082812 0.029687
14 0.475000 0.010937 0.078125 0.021875
14 0.118750 0.029687 0.146875 0.031250
9 0.860938 0.179688 0.003125 0.228125
9 0.356250 0.179688 0.003125 0.228125
12 0.635156 0.260156 0.017188 0.048438
12 0.510938 0.264062 0.015625 0.028125
15 0.410156 0.239063 0.017188 0.053125
9 0.402344 0.239063 0.001563 0.053125
9 0.332031 0.232813 0.001563 0.050000
9 0.288281 0.240625 0.001563 0.065625
9 0.244531 0.232813 0.001563 0.050000
9 0.200781 0.240625 0.001563 0.065625
9 0.124219 0.232813 0.001563 0.050000
9 0.055469 0.240625 0.001563 0.065625
9 0.011719 0.232813 0.001563 0.050000
9 0.825781 0.125000 0.001563 0.078125
4 0.816406 0.082812 0.010937 0.043750
9 0.783594 0.133594 0.001563 0.060937
4 0.774219 0.098437 0.010937 0.043750
8 0.749219 0.047656 0.004687 0.004687
9 0.739844 0.117188 0.001563 0.093750
9 0.705469 0.105469 0.001563 0.085938
9 0.671094 0.113281 0.001563 0.070312
4 0.660156 0.075000 0.010937 0.043750
8 0.636719 0.030469 0.004687 0.004687
9 0.627344 0.101562 0.001563 0.093750
9 0.592969 0.088281 0.001563 0.085938
3 0.580469 0.034375 0.014063 0.040625
9 0.546094 0.097656 0.001563 0.070312
8 0.513281 0.014844 0.004687 0.004687
9 0.503906 0.084375 0.001563 0.093750
9 0.467969 0.071875 0.001563 0.084375
4 0.458594 0.026562 0.010937 0.043750
9 0.425781 0.087500 0.001563 0.084375
4 0.416406 0.042188 0.010937 0.043750
12 0.275000 0.101562 0.015625 0.028125
8 0.191406 0.055469 0.004687 0.004687
15 0.191406 0.106250 0.020313 0.053125
9 0.182031 0.103906 0.001563 0.051562
4 0.171094 0.075000 0.010937 0.043750
9 0.139844 0.099219 0.001563 0.057813
9 0.105469 0.092969 0.001563 0.060937
9 0.069531 0.086719 0.001563 0.064062
9 0.035156 0.078125 0.001563 0.065625
15 0.392188 0.180469 0.050000 0.039062
0 0.393750 0.268750 0.021875 0.018750
0 0.321875 0.260937 0.021875 0.018750
0 0.278125 0.278125 0.021875 0.018750
0 0.235937 0.260937 0.021875 0.018750
0 0.192188 0.278125 0.021875 0.018750
0 0.115625 0.260937 0.021875 0.018750
0 0.045312 0.278125 0.021875 0.018750
0 0.006250 0.260937 0.012500 0.018750
0 0.835938 0.084375 0.021875 0.018750
0 0.793750 0.100000 0.021875 0.018750
0 0.750000 0.067187 0.021875 0.018750
0 0.715625 0.059375 0.021875 0.018750
0 0.681250 0.075000 0.021875 0.018750
0 0.637500 0.051562 0.021875 0.018750
0 0.603125 0.043750 0.021875 0.018750
0 0.556250 0.059375 0.021875 0.018750
0 0.514062 0.035937 0.021875 0.018750
0 0.478125 0.026562 0.021875 0.018750
0 0.435937 0.043750 0.021875 0.018750
0 0.192188 0.075000 0.021875 0.018750
0 0.150000 0.067187 0.021875 0.018750
0 0.115625 0.059375 0.021875 0.018750
0 0.079687 0.051562 0.021875 0.018750
0 0.045312 0.043750 0.021875 0.018750
