10 0.913281 0.318750 0.173437 0.012500
10 0.603125 0.325781 0.271875 0.020313
10 0.170313 0.319531 0.181250 0.007812
10 0.875781 0.830469 0.135937 0.048438
10 0.696094 0.838281 0.135937 0.032813
10 0.515625 0.838281 0.137500 0.032813
10 0.308594 0.827344 0.135937 0.032813
10 0.128906 0.827344 0.135937 0.032813
10 0.558594 0.925781 0.182812 0.007812
14 0.917188 0.939063 0.165625 0.021875
14 0.733594 0.900000 0.532813 0.059375
14 0.841406 0.742188 0.317188 0.053125
14 0.570312 0.751563 0.137500 0.034375
14 0.376563 0.735156 0.162500 0.035937
14 0.183594 0.735938 0.135937 0.034375
14 0.035937 0.712500 0.071875 0.031250
14 0.728906 0.549219 0.542188 0.060937
14 0.728906 0.418750 0.542188 0.059375
9 0.421875 0.880469 0.003125 0.239063
9 0.421875 0.482812 0.003125 0.303125
4 0.977344 0.989844 0.010937 0.020313
9 0.827344 0.937500 0.001563 0.040625
9 0.647656 0.944531 0.001563 0.045312
4 0.617969 0.970313 0.010937 0.043750
9 0.467969 0.944531 0.001563 0.045312
9 0.942969 0.820312 0.001563 0.062500
9 0.897656 0.813281 0.001563 0.064062
9 0.853906 0.807031 0.001563 0.067187
9 0.808594 0.799219 0.001563 0.070312
9 0.763281 0.814063 0.001563 0.081250
9 0.717969 0.817969 0.001563 0.073438
9 0.674219 0.821875 0.001563 0.065625
9 0.628906 0.809375 0.001563 0.090625
9 0.583594 0.814063 0.001563 0.081250
3 0.571094 0.760938 0.014063 0.040625
9 0.538281 0.817969 0.001563 0.073438
9 0.492969 0.821875 0.001563 0.065625
9 0.447656 0.801562 0.001563 0.106250
9 0.375781 0.799219 0.001563 0.085938
9 0.330469 0.803125 0.001563 0.078125
9 0.285156 0.808594 0.001563 0.070312
9 0.241406 0.795312 0.001563 0.093750
9 0.196094 0.799219 0.001563 0.085938
9 0.150781 0.803125 0.001563 0.078125
9 0.107031 0.808594 0.001563 0.070312
4 0.096094 0.768750 0.010937 0.043750
9 0.061719 0.787500 0.001563 0.109375
9 0.016406 0.783594 0.001563 0.085938
15 0.993750 0.631250 0.012500 0.053125
9 0.988281 0.628906 0.001563 0.051562
4 0.977344 0.600000 0.010937 0.043750
9 0.447656 0.626563 0.001563 0.046875
3 0.975781 0.364063 0.014063 0.040625
9 0.827344 0.338281 0.001563 0.045312
9 0.738281 0.342187 0.001563 0.053125
4 0.708594 0.371875 0.010937 0.043750
9 0.467969 0.342187 0.001563 0.053125
9 0.260156 0.342187 0.001563 0.053125
9 0.080469 0.342187 0.001563 0.053125
9 0.036719 0.349219 0.001563 0.057813
0 0.818750 0.962500 0.021875 0.018750
0 0.639062 0.970313 0.021875 0.018750
0 0.457813 0.996875 0.021875 0.006250
0 0.457813 0.970313 0.021875 0.018750
0 0.993750 0.793750 0.012500 0.018750
0 0.953125 0.785937 0.021875 0.018750
0 0.907813 0.778125 0.021875 0.018750
0 0.864062 0.770312 0.021875 0.018750
0 0.818750 0.762500 0.021875 0.018750
0 0.773438 0.770312 0.021875 0.018750
0 0.728125 0.778125 0.021875 0.018750
0 0.684375 0.785937 0.021875 0.018750
0 0.639062 0.762500 0.021875 0.018750
0 0.593750 0.770312 0.021875 0.018750
0 0.548438 0.778125 0.021875 0.018750
0 0.503125 0.785937 0.021875 0.018750
0 0.457813 0.745313 0.021875 0.018750
0 0.385937 0.754687 0.021875 0.018750
0 0.340625 0.762500 0.021875 0.018750
0 0.295312 0.770312 0.021875 0.018750
0 0.251563 0.745313 0.021875 0.018750
0 0.206250 0.754687 0.021875 0.018750
0 0.160938 0.762500 0.021875 0.018750
0 0.117188 0.770312 0.021875 0.018750
0 0.071875 0.729688 0.021875 0.018750
0 0.026562 0.737500 0.021875 0.018750
0 0.993750 0.600000 0.012500 0.018750
0 0.457813 0.600000 0.021875 0.018750
0 0.993750 0.373437 0.012500 0.018750
0 0.818750 0.364063 0.021875 0.018750
0 0.728125 0.373437 0.021875 0.018750
0 0.457813 0.373437 0.021875 0.018750
0 0.251563 0.373437 0.021875 0.018750
0 0.071875 0.373437 0.021875 0.018750
0 0.026562 0.381250 0.021875 0.018750
