15 0.741406 0.745313 0.020313 0.025000
15 0.598437 0.725000 0.018750 0.025000
14 0.630469 0.713281 0.029687 0.017188
14 0.562500 0.728125 0.034375 0.012500
10 0.742188 0.772656 0.171875 0.045312
10 0.558594 0.785156 0.132812 0.045312
10 0.394531 0.695312 0.101562 0.028125
10 0.219531 0.689844 0.135937 0.032813
10 0.036719 0.782031 0.073438 0.032813
14 0.678125 0.986719 0.350000 0.026562
14 0.678125 0.982031 0.350000 0.035937
14 0.706250 0.658594 0.290625 0.039062
14 0.320312 0.747656 0.028125 0.017188
14 0.423438 0.696094 0.159375 0.067187
14 0.211719 0.771875 0.135937 0.025000
14 0.042188 0.692187 0.084375 0.043750
14 0.324219 0.502344 0.360938 0.035937
14 0.678906 0.443750 0.348438 0.021875
14 0.323437 0.444531 0.356250 0.023438
14 0.071094 0.444531 0.142187 0.023438
9 0.860938 0.814844 0.003125 0.229687
9 0.860938 0.452344 0.003125 0.242188
9 0.467187 0.814844 0.003125 0.229687
9 0.467187 0.452344 0.003125 0.242188
9 0.106250 0.814844 0.003125 0.229687
9 0.106250 0.452344 0.003125 0.242188
9 0.513281 0.899219 0.001563 0.104688
9 0.152344 0.899219 0.001563 0.104688
9 0.827344 0.767969 0.001563 0.045312
9 0.792969 0.761719 0.001563 0.048438
9 0.758594 0.755469 0.001563 0.051562
9 0.725781 0.747656 0.001563 0.054688
9 0.691406 0.741406 0.001563 0.057813
9 0.657031 0.735938 0.001563 0.062500
9 0.624219 0.738281 0.001563 0.082812
9 0.589844 0.737500 0.001563 0.096875
9 0.552344 0.736719 0.001563 0.110937
9 0.492969 0.782031 0.001563 0.042188
9 0.442969 0.720313 0.001563 0.053125
9 0.402344 0.714844 0.001563 0.048438
9 0.313281 0.707812 0.001563 0.031250
9 0.344531 0.708594 0.001563 0.045312
9 0.288281 0.706250 0.001563 0.065625
9 0.236719 0.702344 0.001563 0.057813
9 0.203906 0.706250 0.001563 0.065625
9 0.152344 0.710156 0.001563 0.073438
9 0.072656 0.767969 0.001563 0.060937
9 0.021094 0.771875 0.001563 0.053125
9 0.492969 0.567187 0.001563 0.046875
9 0.133594 0.560937 0.001563 0.050000
9 0.513281 0.390625 0.001563 0.053125
9 0.152344 0.390625 0.001563 0.053125
1 0.503125 0.896875 0.021875 0.018750
1 0.503125 0.954688 0.021875 0.018750
1 0.143750 0.896875 0.021875 0.018750
1 0.143750 0.954688 0.021875 0.018750
0 0.837500 0.742188 0.021875 0.018750
0 0.803125 0.734375 0.021875 0.018750
0 0.768750 0.726562 0.021875 0.018750
0 0.735938 0.718750 0.021875 0.018750
0 0.701562 0.709375 0.021875 0.018750
0 0.667188 0.701562 0.021875 0.018750
0 0.634375 0.693750 0.021875 0.018750
0 0.600000 0.685937 0.021875 0.018750
0 0.562500 0.678125 0.021875 0.018750
0 0.503125 0.757812 0.021875 0.018750
0 0.434375 0.750000 0.021875 0.018750
0 0.393750 0.742188 0.021875 0.018750
0 0.307812 0.725781 0.012500 0.010937
0 0.334375 0.734375 0.021875 0.018750
0 0.278125 0.742188 0.021875 0.018750
0 0.228125 0.734375 0.021875 0.018750
0 0.193750 0.742188 0.021875 0.018750
0 0.143750 0.750000 0.021875 0.018750
0 0.082812 0.734375 0.021875 0.018750
0 0.031250 0.742188 0.021875 0.018750
0 0.004687 0.734375 0.009375 0.018750
1 0.503125 0.540625 0.021875 0.018750
1 0.143750 0.532813 0.021875 0.018750
1 0.503125 0.421875 0.021875 0.018750
1 0.143750 0.421875 0.021875 0.018750
