10 0.176563 0.309375 0.071875 0.012500
10 0.047656 0.405469 0.095312 0.048438
10 0.394531 0.510156 0.214062 0.007812
10 0.157812 0.607031 0.071875 0.007812
10 0.772656 0.799219 0.107813 0.035937
10 0.648438 0.789844 0.071875 0.032813
10 0.176563 0.703125 0.071875 0.012500
10 0.047656 0.799219 0.095312 0.048438
10 0.106250 0.876563 0.212500 0.025000
14 0.433594 0.925000 0.310937 0.050000
14 0.105469 0.854688 0.210938 0.034375
14 0.188281 0.778125 0.026562 0.031250
14 0.166406 0.796094 0.070312 0.026562
14 0.051562 0.721875 0.103125 0.031250
14 0.433594 0.619531 0.310937 0.029687
14 0.066406 0.532031 0.132812 0.023438
14 0.189062 0.404687 0.028125 0.009375
14 0.204687 0.388281 0.146875 0.010937
14 0.052344 0.325000 0.104688 0.037500
9 0.860938 0.861719 0.003125 0.276562
9 0.860938 0.464062 0.003125 0.265625
9 0.551562 0.861719 0.003125 0.276562
9 0.551562 0.464062 0.003125 0.265625
9 0.242188 0.861719 0.003125 0.276562
9 0.242188 0.464062 0.003125 0.265625
12 0.727344 0.967969 0.017188 0.048438
12 0.656250 0.971875 0.015625 0.028125
15 0.605469 0.962500 0.017188 0.053125
9 0.597656 0.964063 0.001563 0.053125
9 0.516406 0.969531 0.001563 0.060937
9 0.480469 0.989844 0.001563 0.020313
9 0.446094 0.969531 0.001563 0.060937
9 0.410156 0.982031 0.001563 0.035937
9 0.374219 0.969531 0.001563 0.060937
9 0.339844 0.989844 0.001563 0.020313
9 0.303906 0.969531 0.001563 0.060937
9 0.211719 0.887500 0.001563 0.040625
9 0.122656 0.982031 0.001563 0.035937
9 0.141406 0.894531 0.001563 0.045312
9 0.028906 0.902344 0.001563 0.045312
8 0.835156 0.749219 0.004687 0.004687
9 0.825781 0.791406 0.001563 0.045312
8 0.799219 0.732031 0.004687 0.004687
9 0.789844 0.785156 0.001563 0.048438
8 0.764844 0.732031 0.004687 0.004687
9 0.755469 0.777344 0.001563 0.051562
8 0.728906 0.713281 0.004687 0.004687
9 0.719531 0.770312 0.001563 0.053125
8 0.694531 0.713281 0.004687 0.004687
9 0.685156 0.762500 0.001563 0.053125
8 0.658594 0.703906 0.004687 0.004687
9 0.649219 0.761719 0.001563 0.067187
8 0.624219 0.732031 0.004687 0.004687
9 0.613281 0.776563 0.001563 0.050000
12 0.417969 0.757031 0.017188 0.048438
9 0.288281 0.737500 0.001563 0.050000
9 0.180469 0.731250 0.001563 0.031250
9 0.211719 0.735156 0.001563 0.070312
9 0.141406 0.733594 0.001563 0.057813
9 0.094531 0.789844 0.001563 0.057813
9 0.066406 0.782031 0.001563 0.060937
9 0.038281 0.775781 0.001563 0.064062
9 0.010156 0.769531 0.001563 0.067187
15 0.277344 0.863281 0.029687 0.026562
12 0.727344 0.563281 0.017188 0.048438
12 0.656250 0.565625 0.015625 0.028125
15 0.605469 0.557813 0.017188 0.053125
9 0.597656 0.557813 0.001563 0.053125
9 0.500781 0.536719 0.001563 0.060937
9 0.430469 0.528906 0.001563 0.045312
9 0.358594 0.536719 0.001563 0.060937
9 0.288281 0.545312 0.001563 0.078125
9 0.191406 0.584375 0.001563 0.053125
9 0.122656 0.584375 0.001563 0.053125
15 0.277344 0.639844 0.029687 0.026562
11 0.706250 0.351562 0.018750 0.009375
12 0.417969 0.364844 0.017188 0.048438
12 0.346875 0.367188 0.015625 0.028125
15 0.296094 0.342187 0.017188 0.053125
9 0.288281 0.343750 0.001563 0.053125
9 0.180469 0.339062 0.001563 0.031250
9 0.211719 0.334375 0.001563 0.053125
9 0.141406 0.341406 0.001563 0.057813
9 0.094531 0.396094 0.001563 0.057813
9 0.066406 0.389844 0.001563 0.060937
9 0.038281 0.383594 0.001563 0.064062
9 0.010156 0.377344 0.001563 0.067187
15 0.277344 0.439844 0.029687 0.026562
0 0.589063 0.992188 0.021875 0.015625
0 0.526563 0.935937 0.021875 0.018750
0 0.490625 0.976562 0.021875 0.018750
0 0.456250 0.935937 0.021875 0.018750
0 0.420312 0.960938 0.021875 0.018750
0 0.384375 0.935937 0.021875 0.018750
0 0.350000 0.976562 0.021875 0.018750
0 0.314063 0.935937 0.021875 0.018750
0 0.279687 0.992188 0.021875 0.015625
0 0.201563 0.912500 0.021875 0.018750
0 0.132812 0.960938 0.021875 0.018750
0 0.132812 0.920312 0.021875 0.018750
0 0.020313 0.928125 0.021875 0.018750
0 0.835938 0.765625 0.021875 0.018750
0 0.800000 0.757812 0.021875 0.018750
0 0.765625 0.750000 0.021875 0.018750
0 0.729688 0.740625 0.021875 0.018750
0 0.695312 0.732812 0.021875 0.018750
0 0.659375 0.725000 0.021875 0.018750
0 0.623437 0.750000 0.021875 0.018750
0 0.279687 0.765625 0.021875 0.018750
0 0.175000 0.749219 0.012500 0.010937
0 0.201563 0.757812 0.021875 0.018750
0 0.201563 0.773438 0.021875 0.018750
0 0.132812 0.765625 0.021875 0.018750
0 0.104688 0.757812 0.021875 0.018750
0 0.076563 0.750000 0.021875 0.018750
0 0.048438 0.740625 0.021875 0.018750
0 0.020313 0.732812 0.021875 0.018750
0 0.589063 0.587500 0.021875 0.018750
0 0.490625 0.571875 0.021875 0.018750
0 0.420312 0.556250 0.021875 0.018750
0 0.350000 0.571875 0.021875 0.018750
0 0.279687 0.587500 0.021875 0.018750
0 0.201563 0.556250 0.021875 0.018750
0 0.132812 0.556250 0.021875 0.018750
0 0.279687 0.373437 0.021875 0.018750
0 0.175000 0.357031 0.012500 0.010937
0 0.201563 0.364063 0.021875 0.018750
0 0.132812 0.373437 0.021875 0.018750
0 0.104688 0.364063 0.021875 0.018750
0 0.076563 0.356250 0.021875 0.018750
0 0.048438 0.348438 0.021875 0.018750
0 0.020313 0.340625 0.021875 0.018750
