10 0.765625 0.096094 0.112500 0.035937
10 0.600000 0.107031 0.075000 0.007812
10 0.301563 0.127344 0.103125 0.032813
10 0.035937 0.122656 0.071875 0.007812
10 0.785937 0.213281 0.112500 0.020313
10 0.639062 0.213281 0.112500 0.020313
10 0.456250 0.213281 0.112500 0.020313
10 0.268750 0.213281 0.146875 0.020313
10 0.073438 0.213281 0.112500 0.020313
13 0.702344 0.309375 0.257812 0.034375
13 0.343750 0.317188 0.315625 0.050000
13 0.059375 0.292969 0.118750 0.035937
13 0.786719 0.023438 0.132812 0.021875
13 0.239844 0.070312 0.014063 0.009375
13 0.325000 0.032031 0.131250 0.026562
13 0.097656 0.035937 0.179688 0.034375
14 0.860938 0.175000 0.003125 0.228125
14 0.528125 0.175000 0.003125 0.228125
14 0.145313 0.175000 0.003125 0.228125
9 0.839844 0.228125 0.001563 0.050000
9 0.803906 0.243750 0.001563 0.081250
9 0.766406 0.228125 0.001563 0.050000
9 0.730469 0.243750 0.001563 0.081250
9 0.692969 0.228125 0.001563 0.050000
9 0.657031 0.243750 0.001563 0.081250
9 0.619531 0.228125 0.001563 0.050000
9 0.583594 0.243750 0.001563 0.081250
3 0.550781 0.279687 0.014063 0.040625
9 0.510156 0.228125 0.001563 0.050000
9 0.474219 0.247656 0.001563 0.089063
9 0.436719 0.228125 0.001563 0.050000
9 0.400781 0.247656 0.001563 0.089063
9 0.341406 0.228125 0.001563 0.050000
9 0.269531 0.247656 0.001563 0.089063
9 0.233594 0.228125 0.001563 0.050000
9 0.196094 0.247656 0.001563 0.089063
4 0.166406 0.295312 0.010937 0.043750
9 0.127344 0.228125 0.001563 0.050000
9 0.091406 0.235937 0.001563 0.065625
9 0.053906 0.228125 0.001563 0.050000
9 0.017969 0.235937 0.001563 0.065625
9 0.821094 0.067187 0.001563 0.053125
9 0.710156 0.084375 0.001563 0.053125
8 0.647656 0.033594 0.004687 0.004687
9 0.636719 0.084375 0.001563 0.053125
8 0.574219 0.033594 0.004687 0.004687
9 0.563281 0.084375 0.001563 0.053125
11 0.460938 0.096875 0.015625 0.028125
8 0.391406 0.041406 0.004687 0.004687
14 0.389844 0.092188 0.020313 0.053125
9 0.380469 0.091406 0.001563 0.051562
9 0.352344 0.100781 0.001563 0.085938
9 0.322656 0.104688 0.001563 0.078125
9 0.292969 0.108594 0.001563 0.070312
4 0.283594 0.070312 0.010937 0.043750
14 0.244531 0.036719 0.010937 0.032813
9 0.241406 0.035156 0.014063 0.032813
9 0.250781 0.104688 0.001563 0.078125
8 0.186719 0.041406 0.004687 0.004687
14 0.186719 0.092188 0.020313 0.053125
9 0.177344 0.091406 0.001563 0.051562
9 0.071094 0.100000 0.001563 0.053125
4 0.061719 0.070312 0.010937 0.043750
0 0.831250 0.256250 0.021875 0.018750
0 0.793750 0.289062 0.021875 0.018750
0 0.757812 0.256250 0.021875 0.018750
0 0.720313 0.289062 0.021875 0.018750
0 0.684375 0.256250 0.021875 0.018750
0 0.646875 0.289062 0.021875 0.018750
0 0.610938 0.256250 0.021875 0.018750
0 0.573438 0.289062 0.021875 0.018750
0 0.501563 0.256250 0.021875 0.018750
0 0.464062 0.296875 0.021875 0.018750
0 0.428125 0.256250 0.021875 0.018750
0 0.390625 0.296875 0.021875 0.018750
0 0.332813 0.256250 0.021875 0.018750
0 0.260937 0.296875 0.021875 0.018750
0 0.223438 0.256250 0.021875 0.018750
0 0.187500 0.296875 0.021875 0.018750
0 0.118750 0.256250 0.021875 0.018750
0 0.081250 0.271875 0.021875 0.018750
0 0.045312 0.256250 0.021875 0.018750
0 0.009375 0.271875 0.018750 0.018750
0 0.831250 0.039062 0.021875 0.018750
0 0.720313 0.054688 0.021875 0.018750
0 0.646875 0.054688 0.021875 0.018750
0 0.573438 0.054688 0.021875 0.018750
0 0.390625 0.062500 0.021875 0.018750
0 0.362500 0.054688 0.021875 0.018750
0 0.332813 0.062500 0.021875 0.018750
0 0.303125 0.070312 0.021875 0.018750
0 0.232813 0.053906 0.012500 0.010937
0 0.260937 0.062500 0.021875 0.018750
0 0.187500 0.062500 0.021875 0.018750
0 0.081250 0.070312 0.021875 0.018750
0 0.009375 0.070312 0.018750 0.018750
