10 0.404687 0.279687 0.353125 0.025000
10 0.607812 0.421094 0.328125 0.032813
10 0.060937 0.428906 0.121875 0.032813
14 0.690625 0.562500 0.018750 0.025000
14 0.364063 0.562500 0.018750 0.025000
14 0.039062 0.562500 0.018750 0.025000
10 0.691406 0.512500 0.273438 0.043750
10 0.364844 0.512500 0.273438 0.043750
10 0.088281 0.512500 0.176563 0.043750
14 0.860938 0.464062 0.003125 0.265625
9 0.825781 0.541406 0.001563 0.101562
9 0.771094 0.537500 0.001563 0.093750
9 0.717969 0.541406 0.001563 0.101562
9 0.663281 0.537500 0.001563 0.093750
9 0.608594 0.541406 0.001563 0.101562
9 0.555469 0.537500 0.001563 0.093750
4 0.525781 0.554688 0.010937 0.043750
9 0.500781 0.541406 0.001563 0.101562
9 0.446094 0.537500 0.001563 0.093750
9 0.391406 0.541406 0.001563 0.101562
9 0.338281 0.537500 0.001563 0.093750
9 0.283594 0.541406 0.001563 0.101562
9 0.228906 0.537500 0.001563 0.093750
3 0.197656 0.546875 0.014063 0.040625
9 0.175781 0.541406 0.001563 0.101562
9 0.121094 0.537500 0.001563 0.093750
9 0.066406 0.541406 0.001563 0.101562
9 0.011719 0.537500 0.001563 0.093750
9 0.771094 0.405469 0.001563 0.060937
9 0.580469 0.321094 0.001563 0.098437
4 0.550781 0.315625 0.010937 0.043750
14 0.545312 0.453906 0.015625 0.017188
9 0.535156 0.398438 0.001563 0.078125
9 0.444531 0.405469 0.001563 0.060937
9 0.228906 0.340625 0.001563 0.106250
8 0.240625 0.420312 0.006250 0.006250
9 0.119531 0.413281 0.001563 0.060937
0 0.817187 0.595313 0.021875 0.018750
0 0.762500 0.554688 0.021875 0.018750
0 0.762500 0.571875 0.021875 0.018750
0 0.762500 0.587500 0.021875 0.018750
0 0.707812 0.595313 0.021875 0.018750
0 0.654687 0.554688 0.021875 0.018750
0 0.654687 0.571875 0.021875 0.018750
0 0.654687 0.587500 0.021875 0.018750
0 0.600000 0.595313 0.021875 0.018750
0 0.545312 0.554688 0.021875 0.018750
0 0.545312 0.571875 0.021875 0.018750
0 0.545312 0.587500 0.021875 0.018750
0 0.490625 0.595313 0.021875 0.018750
0 0.437500 0.554688 0.021875 0.018750
0 0.437500 0.571875 0.021875 0.018750
0 0.437500 0.587500 0.021875 0.018750
0 0.382812 0.595313 0.021875 0.018750
0 0.328125 0.554688 0.021875 0.018750
0 0.328125 0.571875 0.021875 0.018750
0 0.328125 0.587500 0.021875 0.018750
0 0.275000 0.595313 0.021875 0.018750
0 0.220312 0.554688 0.021875 0.018750
0 0.220312 0.571875 0.021875 0.018750
0 0.220312 0.587500 0.021875 0.018750
0 0.165625 0.595313 0.021875 0.018750
0 0.110937 0.554688 0.021875 0.018750
0 0.110937 0.571875 0.021875 0.018750
0 0.110937 0.587500 0.021875 0.018750
0 0.057813 0.595313 0.021875 0.018750
0 0.007031 0.554688 0.014063 0.018750
0 0.007031 0.571875 0.014063 0.018750
0 0.007031 0.587500 0.014063 0.018750
0 0.781250 0.373437 0.021875 0.018750
0 0.571875 0.315625 0.021875 0.018750
0 0.571875 0.373437 0.021875 0.018750
0 0.545312 0.356250 0.021875 0.018750
0 0.454688 0.373437 0.021875 0.018750
0 0.220312 0.340625 0.021875 0.018750
0 0.220312 0.356250 0.021875 0.018750
0 0.220312 0.373437 0.021875 0.018750
0 0.220312 0.396875 0.021875 0.018750
0 0.129688 0.381250 0.021875 0.018750
