3 0.421094 0.528125 0.014063 0.040625
3 0.402344 0.553125 0.014063 0.040625
3 0.383594 0.520312 0.014063 0.040625
3 0.364844 0.543750 0.014063 0.040625
3 0.346094 0.512500 0.014063 0.040625
3 0.327344 0.535937 0.014063 0.040625
13 0.282031 0.524219 0.045312 0.057813
3 0.421094 0.348438 0.014063 0.040625
3 0.402344 0.371875 0.014063 0.040625
3 0.383594 0.340625 0.014063 0.040625
3 0.364844 0.364063 0.014063 0.040625
3 0.346094 0.331250 0.014063 0.040625
3 0.327344 0.356250 0.014063 0.040625
7 0.281250 0.366406 0.043750 0.114062
10 0.960938 0.408594 0.078125 0.032813
10 0.749219 0.414844 0.089063 0.020313
10 0.593750 0.413281 0.159375 0.073438
10 0.953125 0.578125 0.062500 0.025000
10 0.768750 0.577344 0.050000 0.023438
10 0.550000 0.577344 0.071875 0.023438
14 0.748437 0.437500 0.087500 0.021875
14 0.966406 0.311719 0.067187 0.032813
14 0.777344 0.307812 0.048438 0.021875
9 0.248438 0.446875 0.003125 0.231250
9 0.848437 0.446875 0.003125 0.231250
9 0.983594 0.524219 0.001563 0.098437
2 0.957812 0.503906 0.015625 0.045312
4 0.974219 0.471875 0.010937 0.043750
4 0.974219 0.520312 0.010937 0.043750
9 0.922656 0.537500 0.001563 0.093750
4 0.913281 0.487500 0.010937 0.043750
2 0.909375 0.536719 0.015625 0.045312
9 0.792969 0.529687 0.001563 0.093750
9 0.744531 0.537500 0.001563 0.093750
9 0.585156 0.528125 0.001563 0.090625
4 0.547656 0.495312 0.010937 0.043750
4 0.561719 0.520312 0.010937 0.043750
2 0.571875 0.480469 0.015625 0.045312
9 0.514844 0.537500 0.001563 0.093750
4 0.505469 0.487500 0.010937 0.043750
2 0.501563 0.536719 0.015625 0.045312
15 0.991406 0.314063 0.017188 0.015625
9 0.983594 0.384375 0.001563 0.081250
4 0.974219 0.339062 0.010937 0.043750
9 0.922656 0.392188 0.001563 0.065625
2 0.909375 0.355469 0.015625 0.045312
9 0.792969 0.379688 0.001563 0.090625
2 0.779687 0.332031 0.015625 0.045312
9 0.744531 0.384375 0.001563 0.081250
9 0.705469 0.392188 0.001563 0.065625
9 0.672656 0.381250 0.001563 0.075000
9 0.638281 0.375000 0.001563 0.096875
2 0.625000 0.324219 0.015625 0.045312
9 0.585156 0.375781 0.001563 0.114062
2 0.565625 0.355469 0.015625 0.045312
4 0.574219 0.315625 0.010937 0.043750
9 0.514844 0.395313 0.001563 0.103125
4 0.496094 0.371875 0.010937 0.043750
4 0.505469 0.339062 0.010937 0.043750
0 0.991406 0.471875 0.017188 0.018750
0 0.991406 0.504687 0.017188 0.018750
0 0.991406 0.520312 0.017188 0.018750
0 0.932813 0.489063 0.021875 0.018750
0 0.932813 0.537500 0.021875 0.018750
0 0.803125 0.479687 0.021875 0.018750
0 0.803125 0.496875 0.021875 0.018750
0 0.803125 0.520312 0.021875 0.018750
0 0.754687 0.489063 0.021875 0.018750
0 0.754687 0.537500 0.021875 0.018750
0 0.595313 0.479687 0.021875 0.018750
0 0.595313 0.496875 0.021875 0.018750
0 0.595313 0.520312 0.021875 0.018750
0 0.525000 0.489063 0.021875 0.018750
0 0.525000 0.537500 0.021875 0.018750
0 0.991406 0.340625 0.017188 0.018750
0 0.932813 0.356250 0.021875 0.018750
0 0.803125 0.332813 0.021875 0.018750
0 0.803125 0.356250 0.021875 0.018750
0 0.754687 0.340625 0.021875 0.018750
0 0.754687 0.373437 0.021875 0.018750
0 0.715625 0.356250 0.021875 0.018750
0 0.682813 0.340625 0.021875 0.018750
0 0.648438 0.325000 0.021875 0.018750
0 0.595313 0.315625 0.021875 0.018750
0 0.595313 0.356250 0.021875 0.018750
0 0.525000 0.340625 0.021875 0.018750
0 0.525000 0.373437 0.021875 0.018750
