10 0.794531 0.384375 0.167187 0.065625
10 0.369531 0.396875 0.173437 0.065625
10 0.032031 0.396875 0.064062 0.065625
10 0.820312 0.498437 0.156250 0.043750
10 0.398438 0.531250 0.150000 0.043750
10 0.041406 0.531250 0.082812 0.043750
10 0.842187 0.649219 0.262500 0.020313
10 0.539062 0.659375 0.090625 0.025000
14 0.944531 0.437500 0.054688 0.021875
14 0.849219 0.437500 0.054688 0.021875
14 0.514844 0.436719 0.210938 0.023438
14 0.751563 0.561719 0.031250 0.010937
14 0.751563 0.614062 0.031250 0.009375
14 0.435156 0.630469 0.104688 0.010937
14 0.342187 0.629687 0.025000 0.009375
14 0.311719 0.607031 0.048438 0.010937
14 0.331250 0.581250 0.046875 0.009375
14 0.048438 0.599219 0.096875 0.010937
14 0.048438 0.630469 0.096875 0.010937
14 0.805469 0.273438 0.167187 0.043750
9 0.634375 0.485156 0.003125 0.307812
9 0.204687 0.485156 0.003125 0.307812
9 0.972656 0.614062 0.001563 0.090625
9 0.897656 0.519531 0.001563 0.085938
9 0.842969 0.507031 0.001563 0.060937
4 0.813281 0.540625 0.010937 0.043750
9 0.772656 0.614062 0.001563 0.090625
9 0.791406 0.503125 0.001563 0.053125
9 0.742969 0.531250 0.001563 0.109375
9 0.711719 0.614062 0.001563 0.090625
9 0.583594 0.639844 0.001563 0.045312
4 0.572656 0.614062 0.010937 0.043750
9 0.494531 0.646094 0.001563 0.042188
9 0.514844 0.565625 0.001563 0.043750
9 0.474219 0.548438 0.001563 0.078125
9 0.428906 0.539844 0.001563 0.060937
4 0.399219 0.573438 0.010937 0.043750
15 0.367969 0.653125 0.020313 0.053125
9 0.358594 0.634375 0.001563 0.084375
9 0.378906 0.535937 0.001563 0.053125
9 0.324219 0.564063 0.001563 0.109375
9 0.283594 0.634375 0.001563 0.084375
9 0.102344 0.629687 0.001563 0.075000
9 0.122656 0.565625 0.001563 0.043750
9 0.082031 0.548438 0.001563 0.078125
9 0.038281 0.539844 0.001563 0.060937
4 0.007031 0.573438 0.010937 0.043750
9 0.972656 0.373437 0.001563 0.078125
9 0.877344 0.352344 0.001563 0.082812
9 0.822656 0.342187 0.001563 0.112500
4 0.813281 0.282813 0.010937 0.043750
9 0.772656 0.341406 0.001563 0.126562
9 0.711719 0.373437 0.001563 0.078125
9 0.494531 0.360938 0.001563 0.053125
9 0.453906 0.369531 0.001563 0.070312
9 0.410156 0.364063 0.001563 0.090625
4 0.399219 0.315625 0.010937 0.043750
9 0.358594 0.363281 0.001563 0.104688
9 0.283594 0.396094 0.001563 0.057813
9 0.102344 0.360938 0.001563 0.053125
9 0.061719 0.369531 0.001563 0.070312
9 0.017969 0.364063 0.001563 0.090625
4 0.007031 0.315625 0.010937 0.043750
15 0.721094 0.453906 0.032813 0.039062
0 0.991406 0.590625 0.017188 0.018750
0 0.982812 0.565625 0.021875 0.018750
0 0.982812 0.606250 0.021875 0.018750
0 0.887500 0.565625 0.021875 0.018750
0 0.832812 0.542188 0.021875 0.018750
0 0.782813 0.565625 0.021875 0.018750
0 0.782813 0.606250 0.021875 0.018750
0 0.782813 0.534375 0.021875 0.018750
0 0.734375 0.590625 0.021875 0.018750
0 0.721875 0.565625 0.021875 0.018750
0 0.721875 0.606250 0.021875 0.018750
0 0.593750 0.614062 0.021875 0.018750
0 0.504687 0.621875 0.021875 0.018750
0 0.504687 0.590625 0.021875 0.018750
0 0.464062 0.590625 0.021875 0.018750
0 0.420312 0.573438 0.021875 0.018750
0 0.368750 0.621875 0.021875 0.018750
0 0.368750 0.590625 0.021875 0.018750
0 0.350000 0.598437 0.021875 0.018750
0 0.368750 0.565625 0.021875 0.018750
0 0.315625 0.621875 0.021875 0.018750
0 0.293750 0.621875 0.021875 0.018750
0 0.293750 0.590625 0.021875 0.018750
0 0.273438 0.598437 0.021875 0.018750
0 0.112500 0.590625 0.021875 0.018750
0 0.112500 0.621875 0.021875 0.018750
0 0.112500 0.590625 0.021875 0.018750
0 0.071875 0.590625 0.021875 0.018750
0 0.028125 0.573438 0.021875 0.018750
0 0.982812 0.332813 0.021875 0.018750
0 0.887500 0.307812 0.021875 0.018750
0 0.832812 0.284375 0.021875 0.018750
0 0.782813 0.276562 0.021875 0.018750
0 0.721875 0.332813 0.021875 0.018750
0 0.504687 0.332813 0.021875 0.018750
0 0.464062 0.332813 0.021875 0.018750
0 0.420312 0.315625 0.021875 0.018750
0 0.368750 0.307812 0.021875 0.018750
0 0.293750 0.364063 0.021875 0.018750
0 0.112500 0.332813 0.021875 0.018750
0 0.071875 0.332813 0.021875 0.018750
0 0.028125 0.315625 0.021875 0.018750
