15 0.312500 0.364063 0.018750 0.025000
10 0.719531 0.296094 0.376563 0.007812
10 0.313281 0.297656 0.220312 0.020313
10 0.874219 0.446094 0.251563 0.032813
10 0.102344 0.457031 0.204687 0.007812
15 0.987500 0.550000 0.018750 0.025000
15 0.659375 0.550000 0.018750 0.025000
15 0.320312 0.550000 0.018750 0.025000
15 0.003906 0.550000 0.007812 0.025000
10 0.929688 0.500000 0.140625 0.043750
10 0.668750 0.500000 0.275000 0.043750
10 0.321875 0.637500 0.275000 0.043750
10 0.064844 0.637500 0.129688 0.043750
14 0.313281 0.264062 0.220312 0.031250
9 0.969531 0.525000 0.001563 0.093750
9 0.914844 0.528906 0.001563 0.101562
9 0.860156 0.525000 0.001563 0.093750
4 0.830469 0.542188 0.010937 0.043750
9 0.805469 0.528906 0.001563 0.101562
9 0.750781 0.525000 0.001563 0.093750
9 0.696094 0.528906 0.001563 0.101562
9 0.641406 0.525000 0.001563 0.093750
9 0.586719 0.528906 0.001563 0.101562
9 0.532031 0.525000 0.001563 0.093750
3 0.500781 0.534375 0.014063 0.040625
9 0.457031 0.622656 0.001563 0.073438
9 0.403906 0.602344 0.001563 0.114062
9 0.349219 0.622656 0.001563 0.073438
9 0.294531 0.602344 0.001563 0.114062
9 0.239844 0.622656 0.001563 0.073438
9 0.185156 0.602344 0.001563 0.114062
9 0.203906 0.475781 0.001563 0.045312
4 0.161719 0.542188 0.010937 0.043750
2 0.171875 0.502344 0.015625 0.045312
9 0.130469 0.622656 0.001563 0.073438
9 0.075781 0.602344 0.001563 0.114062
9 0.021094 0.622656 0.001563 0.073438
9 0.907031 0.342969 0.001563 0.101562
4 0.877344 0.339062 0.010937 0.043750
9 0.839844 0.421875 0.001563 0.078125
4 0.830469 0.379688 0.010937 0.043750
9 0.749219 0.430469 0.001563 0.060937
4 0.739844 0.396875 0.010937 0.043750
9 0.532031 0.342969 0.001563 0.101562
8 0.543750 0.420312 0.006250 0.006250
3 0.500781 0.331250 0.014063 0.040625
3 0.500781 0.389062 0.014063 0.040625
9 0.422656 0.340625 0.001563 0.106250
9 0.313281 0.340625 0.001563 0.106250
9 0.203906 0.340625 0.001563 0.106250
4 0.141406 0.371875 0.010937 0.043750
2 0.157812 0.355469 0.015625 0.045312
4 0.174219 0.339062 0.010937 0.043750
4 0.174219 0.396875 0.010937 0.043750
0 0.959375 0.542188 0.021875 0.018750
0 0.959375 0.559375 0.021875 0.018750
0 0.959375 0.575000 0.021875 0.018750
0 0.904687 0.582812 0.021875 0.018750
0 0.850000 0.542188 0.021875 0.018750
0 0.850000 0.559375 0.021875 0.018750
0 0.850000 0.575000 0.021875 0.018750
0 0.795312 0.582812 0.021875 0.018750
0 0.740625 0.542188 0.021875 0.018750
0 0.740625 0.559375 0.021875 0.018750
0 0.740625 0.575000 0.021875 0.018750
0 0.685937 0.582812 0.021875 0.018750
0 0.631250 0.542188 0.021875 0.018750
0 0.631250 0.559375 0.021875 0.018750
0 0.631250 0.575000 0.021875 0.018750
0 0.576562 0.582812 0.021875 0.018750
0 0.523438 0.542188 0.021875 0.018750
0 0.523438 0.559375 0.021875 0.018750
0 0.523438 0.575000 0.021875 0.018750
0 0.467187 0.582812 0.021875 0.018750
0 0.414062 0.542188 0.021875 0.018750
0 0.414062 0.559375 0.021875 0.018750
0 0.414062 0.575000 0.021875 0.018750
0 0.359375 0.582812 0.021875 0.018750
0 0.304688 0.542188 0.021875 0.018750
0 0.304688 0.559375 0.021875 0.018750
0 0.304688 0.575000 0.021875 0.018750
0 0.250000 0.582812 0.021875 0.018750
0 0.195312 0.542188 0.021875 0.018750
0 0.195312 0.559375 0.021875 0.018750
0 0.195312 0.575000 0.021875 0.018750
0 0.195312 0.501563 0.021875 0.018750
0 0.140625 0.582812 0.021875 0.018750
0 0.085938 0.542188 0.021875 0.018750
0 0.085938 0.559375 0.021875 0.018750
0 0.085938 0.575000 0.021875 0.018750
0 0.031250 0.582812 0.021875 0.018750
0 0.898438 0.340625 0.021875 0.018750
0 0.898438 0.356250 0.021875 0.018750
0 0.898438 0.373437 0.021875 0.018750
0 0.898438 0.396875 0.021875 0.018750
0 0.850000 0.381250 0.021875 0.018750
0 0.759375 0.396875 0.021875 0.018750
0 0.523438 0.340625 0.021875 0.018750
0 0.523438 0.356250 0.021875 0.018750
0 0.523438 0.373437 0.021875 0.018750
0 0.523438 0.396875 0.021875 0.018750
0 0.414062 0.340625 0.021875 0.018750
0 0.414062 0.356250 0.021875 0.018750
0 0.414062 0.373437 0.021875 0.018750
0 0.414062 0.396875 0.021875 0.018750
0 0.304688 0.340625 0.021875 0.018750
0 0.304688 0.356250 0.021875 0.018750
0 0.304688 0.373437 0.021875 0.018750
0 0.304688 0.396875 0.021875 0.018750
0 0.195312 0.340625 0.021875 0.018750
0 0.195312 0.356250 0.021875 0.018750
0 0.195312 0.373437 0.021875 0.018750
0 0.195312 0.396875 0.021875 0.018750
