3 0.421094 0.534375 0.014063 0.040625
3 0.402344 0.557813 0.014063 0.040625
3 0.383594 0.525000 0.014063 0.040625
3 0.364844 0.550000 0.014063 0.040625
3 0.346094 0.517188 0.014063 0.040625
3 0.327344 0.542188 0.014063 0.040625
13 0.282031 0.528906 0.045312 0.057813
3 0.421094 0.348438 0.014063 0.040625
3 0.402344 0.371875 0.014063 0.040625
3 0.383594 0.340625 0.014063 0.040625
3 0.364844 0.364063 0.014063 0.040625
3 0.346094 0.331250 0.014063 0.040625
3 0.327344 0.356250 0.014063 0.040625
7 0.281250 0.366406 0.043750 0.114062
10 0.784375 0.386719 0.100000 0.029687
10 0.607812 0.386719 0.171875 0.045312
10 0.807813 0.477344 0.087500 0.032813
10 0.632031 0.454688 0.160938 0.043750
14 0.664844 0.460156 0.129688 0.014063
14 0.656250 0.551562 0.112500 0.012500
14 0.558594 0.460156 0.026562 0.010937
14 0.557813 0.552344 0.025000 0.010937
9 0.248438 0.449219 0.003125 0.235937
9 0.895312 0.449219 0.003125 0.235937
9 0.985156 0.537500 0.001563 0.115625
2 0.954688 0.517969 0.015625 0.045312
4 0.975781 0.476562 0.010937 0.043750
2 0.971875 0.541406 0.015625 0.045312
9 0.852344 0.486719 0.001563 0.042188
9 0.808594 0.493750 0.001563 0.043750
9 0.764844 0.499219 0.001563 0.045312
9 0.735156 0.531250 0.001563 0.118750
4 0.724219 0.525000 0.010937 0.043750
9 0.711719 0.473438 0.001563 0.081250
2 0.679688 0.517969 0.015625 0.045312
9 0.649219 0.465625 0.001563 0.065625
4 0.619531 0.501563 0.010937 0.043750
9 0.607031 0.461719 0.001563 0.057813
15 0.585156 0.571875 0.020313 0.053125
9 0.575781 0.533594 0.001563 0.123438
4 0.566406 0.493750 0.010937 0.043750
9 0.552344 0.469531 0.001563 0.073438
9 0.522656 0.533594 0.001563 0.123438
4 0.496094 0.509375 0.010937 0.043750
4 0.511719 0.468750 0.010937 0.043750
4 0.511719 0.542188 0.010937 0.043750
9 0.985156 0.360156 0.001563 0.051562
2 0.971875 0.332031 0.015625 0.045312
9 0.832031 0.353125 0.001563 0.053125
9 0.788281 0.360938 0.001563 0.053125
9 0.735156 0.370312 0.001563 0.053125
4 0.724219 0.339062 0.010937 0.043750
9 0.692969 0.369531 0.001563 0.070312
2 0.679688 0.332031 0.015625 0.045312
9 0.630469 0.360938 0.001563 0.084375
4 0.619531 0.315625 0.010937 0.043750
9 0.575781 0.356250 0.001563 0.090625
4 0.566406 0.307812 0.010937 0.043750
9 0.522656 0.363281 0.001563 0.073438
4 0.511719 0.323437 0.010937 0.043750
0 0.992188 0.478125 0.015625 0.018750
0 0.992188 0.542188 0.015625 0.018750
0 0.842187 0.509375 0.021875 0.018750
0 0.798438 0.518750 0.021875 0.018750
0 0.756250 0.526563 0.021875 0.018750
0 0.745313 0.470313 0.021875 0.018750
0 0.745313 0.542188 0.021875 0.018750
0 0.703125 0.518750 0.021875 0.018750
0 0.640625 0.501563 0.021875 0.018750
0 0.596875 0.493750 0.021875 0.018750
0 0.585938 0.470313 0.021875 0.018750
0 0.585938 0.542188 0.021875 0.018750
0 0.543750 0.509375 0.021875 0.018750
0 0.532813 0.470313 0.021875 0.018750
0 0.532813 0.542188 0.021875 0.018750
0 0.992188 0.332813 0.015625 0.018750
0 0.842187 0.325000 0.021875 0.018750
0 0.798438 0.332813 0.021875 0.018750
0 0.745313 0.340625 0.021875 0.018750
0 0.703125 0.332813 0.021875 0.018750
0 0.640625 0.315625 0.021875 0.018750
0 0.585938 0.307812 0.021875 0.018750
0 0.532813 0.325000 0.021875 0.018750
