3 0.421094 0.525000 0.014063 0.040625
3 0.402344 0.550000 0.014063 0.040625
3 0.383594 0.517188 0.014063 0.040625
3 0.364844 0.542188 0.014063 0.040625
3 0.346094 0.509375 0.014063 0.040625
3 0.327344 0.534375 0.014063 0.040625
13 0.282031 0.521094 0.045312 0.057813
3 0.421094 0.348438 0.014063 0.040625
3 0.402344 0.371875 0.014063 0.040625
3 0.383594 0.340625 0.014063 0.040625
3 0.364844 0.364063 0.014063 0.040625
3 0.346094 0.331250 0.014063 0.040625
3 0.327344 0.356250 0.014063 0.040625
7 0.281250 0.366406 0.043750 0.114062
15 0.951562 0.526563 0.018750 0.025000
15 0.626563 0.526563 0.018750 0.025000
10 0.907813 0.584375 0.184375 0.043750
10 0.627344 0.584375 0.273438 0.043750
9 0.248438 0.445312 0.003125 0.228125
9 0.978906 0.567187 0.001563 0.078125
9 0.925781 0.548438 0.001563 0.118750
9 0.871094 0.567187 0.001563 0.078125
9 0.816406 0.548438 0.001563 0.118750
9 0.763281 0.567187 0.001563 0.078125
9 0.708594 0.548438 0.001563 0.118750
9 0.653906 0.567187 0.001563 0.078125
9 0.599219 0.548438 0.001563 0.118750
9 0.546094 0.567187 0.001563 0.078125
9 0.491406 0.548438 0.001563 0.118750
3 0.461719 0.501563 0.014063 0.040625
8 0.848437 0.356250 0.006250 0.006250
12 0.498437 0.367188 0.015625 0.028125
0 0.989062 0.526563 0.021875 0.018750
0 0.935937 0.485938 0.021875 0.018750
0 0.935937 0.509375 0.021875 0.018750
0 0.915625 0.493750 0.021875 0.018750
0 0.881250 0.526563 0.021875 0.018750
0 0.826562 0.485938 0.021875 0.018750
0 0.826562 0.509375 0.021875 0.018750
0 0.807813 0.493750 0.021875 0.018750
0 0.773438 0.526563 0.021875 0.018750
0 0.718750 0.509375 0.021875 0.018750
0 0.718750 0.485938 0.021875 0.018750
0 0.698438 0.493750 0.021875 0.018750
0 0.664062 0.526563 0.021875 0.018750
0 0.609375 0.509375 0.021875 0.018750
0 0.609375 0.485938 0.021875 0.018750
0 0.590625 0.493750 0.021875 0.018750
0 0.556250 0.526563 0.021875 0.018750
0 0.501563 0.509375 0.021875 0.018750
0 0.501563 0.485938 0.021875 0.018750
0 0.481250 0.493750 0.021875 0.018750
