10 0.526563 0.414062 0.065625 0.025000
10 0.309375 0.413281 0.071875 0.023438
15 0.684375 0.526563 0.018750 0.025000
15 0.006250 0.526563 0.012500 0.025000
10 0.652344 0.587500 0.317188 0.043750
10 0.309375 0.574219 0.071875 0.023438
10 0.066406 0.587500 0.132812 0.043750
14 0.733594 0.598437 0.151562 0.021875
14 0.550781 0.598437 0.114062 0.021875
14 0.065625 0.598437 0.131250 0.021875
14 0.494531 0.437500 0.126562 0.021875
14 0.064062 0.544531 0.025000 0.010937
9 0.860938 0.445312 0.003125 0.228125
9 0.184375 0.445312 0.003125 0.228125
9 0.810156 0.550000 0.001563 0.121875
9 0.760156 0.544531 0.001563 0.129688
9 0.710156 0.550000 0.001563 0.121875
9 0.658594 0.544531 0.001563 0.129688
9 0.608594 0.550000 0.001563 0.121875
9 0.558594 0.544531 0.001563 0.129688
9 0.494531 0.550000 0.001563 0.121875
9 0.342969 0.525000 0.001563 0.090625
4 0.305469 0.493750 0.010937 0.043750
4 0.321094 0.517188 0.010937 0.043750
2 0.329688 0.477344 0.015625 0.045312
9 0.274219 0.535937 0.001563 0.093750
4 0.263281 0.484375 0.010937 0.043750
2 0.260937 0.533594 0.015625 0.045312
9 0.132031 0.565625 0.001563 0.090625
9 0.082031 0.553906 0.001563 0.114062
9 0.028906 0.565625 0.001563 0.090625
9 0.558594 0.371094 0.001563 0.073438
9 0.494531 0.382812 0.001563 0.078125
9 0.342969 0.371094 0.001563 0.073438
2 0.310937 0.355469 0.015625 0.045312
2 0.329688 0.332031 0.015625 0.045312
9 0.274219 0.382812 0.001563 0.078125
4 0.255469 0.371875 0.010937 0.043750
4 0.263281 0.339062 0.010937 0.043750
0 0.820312 0.485938 0.021875 0.018750
0 0.820312 0.534375 0.021875 0.018750
0 0.770312 0.478125 0.021875 0.018750
0 0.770312 0.493750 0.021875 0.018750
0 0.770312 0.534375 0.021875 0.018750
0 0.720313 0.485938 0.021875 0.018750
0 0.720313 0.534375 0.021875 0.018750
0 0.668750 0.478125 0.021875 0.018750
0 0.668750 0.493750 0.021875 0.018750
0 0.668750 0.518750 0.021875 0.018750
0 0.618750 0.485938 0.021875 0.018750
0 0.618750 0.534375 0.021875 0.018750
0 0.568750 0.478125 0.021875 0.018750
0 0.568750 0.493750 0.021875 0.018750
0 0.568750 0.518750 0.021875 0.018750
0 0.504687 0.485938 0.021875 0.018750
0 0.504687 0.534375 0.021875 0.018750
0 0.353125 0.478125 0.021875 0.018750
0 0.353125 0.493750 0.021875 0.018750
0 0.353125 0.518750 0.021875 0.018750
0 0.284375 0.485938 0.021875 0.018750
0 0.284375 0.534375 0.021875 0.018750
0 0.142187 0.518750 0.021875 0.018750
0 0.142187 0.534375 0.021875 0.018750
0 0.092188 0.493750 0.021875 0.018750
0 0.092188 0.534375 0.021875 0.018750
0 0.039062 0.534375 0.021875 0.018750
0 0.039062 0.518750 0.021875 0.018750
0 0.568750 0.332813 0.021875 0.018750
0 0.568750 0.356250 0.021875 0.018750
0 0.504687 0.340625 0.021875 0.018750
0 0.504687 0.373437 0.021875 0.018750
0 0.353125 0.332813 0.021875 0.018750
0 0.353125 0.356250 0.021875 0.018750
0 0.284375 0.340625 0.021875 0.018750
0 0.284375 0.373437 0.021875 0.018750
