10 0.622656 0.222656 0.332813 0.032813
10 0.318750 0.380469 0.240625 0.032813
10 0.053906 0.380469 0.107813 0.032813
15 0.687500 0.542188 0.018750 0.025000
15 0.356250 0.542188 0.018750 0.025000
15 0.025000 0.542188 0.018750 0.025000
10 0.687500 0.482812 0.278125 0.043750
10 0.356250 0.492188 0.278125 0.043750
10 0.082812 0.482812 0.165625 0.043750
9 0.860938 0.453125 0.003125 0.243750
9 0.825781 0.520312 0.001563 0.118750
9 0.769531 0.507812 0.001563 0.093750
9 0.714844 0.520312 0.001563 0.118750
9 0.660156 0.507812 0.001563 0.093750
9 0.603906 0.520312 0.001563 0.118750
9 0.549219 0.507812 0.001563 0.093750
9 0.494531 0.525000 0.001563 0.109375
9 0.439844 0.513281 0.001563 0.085938
9 0.383594 0.525000 0.001563 0.109375
9 0.328906 0.513281 0.001563 0.085938
9 0.274219 0.525000 0.001563 0.109375
9 0.217969 0.513281 0.001563 0.085938
4 0.188281 0.534375 0.010937 0.043750
9 0.163281 0.520312 0.001563 0.118750
9 0.108594 0.507812 0.001563 0.093750
9 0.053906 0.520312 0.001563 0.118750
9 0.788281 0.267188 0.001563 0.121875
9 0.549219 0.259375 0.001563 0.106250
3 0.517969 0.251563 0.014063 0.040625
9 0.438281 0.363281 0.001563 0.057813
9 0.457031 0.255469 0.001563 0.098437
15 0.209375 0.413281 0.015625 0.017188
9 0.199219 0.349219 0.001563 0.060937
8 0.229687 0.259375 0.006250 0.006250
9 0.107031 0.364844 0.001563 0.060937
0 0.815625 0.582812 0.021875 0.018750
0 0.760938 0.559375 0.021875 0.018750
0 0.760938 0.526563 0.021875 0.018750
0 0.760938 0.542188 0.021875 0.018750
0 0.706250 0.582812 0.021875 0.018750
0 0.650000 0.542188 0.021875 0.018750
0 0.650000 0.526563 0.021875 0.018750
0 0.650000 0.559375 0.021875 0.018750
0 0.595313 0.582812 0.021875 0.018750
0 0.540625 0.559375 0.021875 0.018750
0 0.540625 0.542188 0.021875 0.018750
0 0.540625 0.526563 0.021875 0.018750
0 0.484375 0.582812 0.021875 0.018750
0 0.450000 0.534375 0.021875 0.018750
0 0.429688 0.559375 0.021875 0.018750
0 0.429688 0.542188 0.021875 0.018750
0 0.375000 0.582812 0.021875 0.018750
0 0.339062 0.534375 0.021875 0.018750
0 0.318750 0.559375 0.021875 0.018750
0 0.318750 0.542188 0.021875 0.018750
0 0.264062 0.582812 0.021875 0.018750
0 0.228125 0.534375 0.021875 0.018750
0 0.209375 0.542188 0.021875 0.018750
0 0.209375 0.559375 0.021875 0.018750
0 0.154688 0.582812 0.021875 0.018750
0 0.098437 0.526563 0.021875 0.018750
0 0.098437 0.542188 0.021875 0.018750
0 0.098437 0.559375 0.021875 0.018750
0 0.043750 0.582812 0.021875 0.018750
0 0.779687 0.276562 0.021875 0.018750
0 0.779687 0.307812 0.021875 0.018750
0 0.779687 0.332813 0.021875 0.018750
0 0.559375 0.307812 0.021875 0.018750
0 0.540625 0.259375 0.021875 0.018750
0 0.540625 0.315625 0.021875 0.018750
0 0.448437 0.332813 0.021875 0.018750
0 0.448437 0.276562 0.021875 0.018750
0 0.448437 0.307812 0.021875 0.018750
0 0.209375 0.315625 0.021875 0.018750
0 0.117188 0.332813 0.021875 0.018750
