10 0.721094 0.399219 0.117188 0.026562
10 0.546875 0.232031 0.181250 0.032813
10 0.157812 0.247656 0.278125 0.032813
10 0.467187 0.387500 0.059375 0.028125
10 0.029687 0.401562 0.059375 0.025000
15 0.192188 0.626563 0.018750 0.025000
10 0.750000 0.702344 0.059375 0.020313
10 0.467187 0.702344 0.059375 0.020313
10 0.172656 0.535937 0.307812 0.043750
14 0.028906 0.284375 0.057813 0.021875
14 0.759375 0.628906 0.028125 0.010937
14 0.476562 0.628906 0.028125 0.010937
14 0.476562 0.667969 0.028125 0.010937
14 0.244531 0.628906 0.026562 0.010937
14 0.244531 0.667969 0.026562 0.010937
14 0.142969 0.628906 0.026562 0.010937
14 0.142969 0.667969 0.026562 0.010937
14 0.039062 0.628906 0.028125 0.010937
14 0.039062 0.667969 0.028125 0.010937
14 0.759375 0.307031 0.028125 0.010937
14 0.467187 0.403906 0.059375 0.026562
14 0.029687 0.420312 0.059375 0.021875
14 0.038281 0.322656 0.026562 0.010937
9 0.860938 0.496094 0.003125 0.329688
9 0.353125 0.496094 0.003125 0.329688
9 0.778906 0.646094 0.001563 0.129688
9 0.721094 0.667188 0.001563 0.090625
9 0.496094 0.646094 0.001563 0.129688
4 0.485156 0.578125 0.010937 0.043750
9 0.438281 0.667188 0.001563 0.090625
9 0.325781 0.585156 0.001563 0.142187
9 0.280469 0.585156 0.001563 0.142187
9 0.224219 0.585156 0.001563 0.142187
9 0.178906 0.585156 0.001563 0.142187
9 0.124219 0.585156 0.001563 0.142187
9 0.077344 0.585156 0.001563 0.142187
9 0.019531 0.585156 0.001563 0.142187
9 0.778906 0.341406 0.001563 0.110937
9 0.721094 0.349219 0.001563 0.107813
9 0.663281 0.356250 0.001563 0.106250
4 0.653906 0.356250 0.010937 0.043750
9 0.636719 0.280469 0.001563 0.129688
9 0.591406 0.276562 0.001563 0.121875
9 0.538281 0.268750 0.001563 0.106250
9 0.496094 0.348438 0.001563 0.059375
9 0.438281 0.371094 0.001563 0.054688
9 0.457031 0.264844 0.001563 0.098437
4 0.413281 0.315625 0.010937 0.043750
4 0.427344 0.300000 0.010937 0.043750
9 0.296094 0.264062 0.001563 0.065625
9 0.058594 0.371094 0.001563 0.054688
9 0.077344 0.271875 0.001563 0.081250
9 0.000781 0.384375 0.001563 0.050000
9 0.019531 0.284375 0.001563 0.106250
0 0.789062 0.578125 0.021875 0.018750
0 0.789062 0.659375 0.021875 0.018750
0 0.789062 0.618750 0.021875 0.018750
0 0.731250 0.618750 0.021875 0.018750
0 0.731250 0.659375 0.021875 0.018750
0 0.506250 0.578125 0.021875 0.018750
0 0.506250 0.618750 0.021875 0.018750
0 0.506250 0.659375 0.021875 0.018750
0 0.448437 0.618750 0.021875 0.018750
0 0.448437 0.659375 0.021875 0.018750
0 0.317188 0.618750 0.021875 0.018750
0 0.317188 0.659375 0.021875 0.018750
0 0.270313 0.578125 0.021875 0.018750
0 0.270313 0.618750 0.021875 0.018750
0 0.270313 0.659375 0.021875 0.018750
0 0.215625 0.618750 0.021875 0.018750
0 0.215625 0.659375 0.021875 0.018750
0 0.168750 0.578125 0.021875 0.018750
0 0.168750 0.618750 0.021875 0.018750
0 0.168750 0.659375 0.021875 0.018750
0 0.114062 0.618750 0.021875 0.018750
0 0.114062 0.659375 0.021875 0.018750
0 0.068750 0.578125 0.021875 0.018750
0 0.068750 0.618750 0.021875 0.018750
0 0.068750 0.659375 0.021875 0.018750
0 0.010937 0.618750 0.021875 0.018750
0 0.010937 0.659375 0.021875 0.018750
0 0.789062 0.284375 0.021875 0.018750
0 0.789062 0.340625 0.021875 0.018750
0 0.789062 0.315625 0.021875 0.018750
0 0.731250 0.315625 0.021875 0.018750
0 0.731250 0.292187 0.021875 0.018750
0 0.731250 0.348438 0.021875 0.018750
0 0.673438 0.300000 0.021875 0.018750
0 0.673438 0.356250 0.021875 0.018750
0 0.628125 0.292187 0.021875 0.018750
0 0.628125 0.348438 0.021875 0.018750
0 0.581250 0.284375 0.021875 0.018750
0 0.581250 0.340625 0.021875 0.018750
0 0.528125 0.267188 0.021875 0.018750
0 0.528125 0.325000 0.021875 0.018750
0 0.506250 0.315625 0.021875 0.018750
0 0.448437 0.340625 0.021875 0.018750
0 0.448437 0.300000 0.021875 0.018750
0 0.448437 0.315625 0.021875 0.018750
0 0.285938 0.300000 0.021875 0.018750
0 0.068750 0.340625 0.021875 0.018750
0 0.068750 0.284375 0.021875 0.018750
0 0.068750 0.315625 0.021875 0.018750
0 0.010937 0.356250 0.021875 0.018750
0 0.010937 0.340625 0.021875 0.018750
