10 0.871875 0.402344 0.171875 0.045312
10 0.159375 0.386719 0.100000 0.029687
10 0.034375 0.386719 0.068750 0.045312
10 0.897656 0.462500 0.160938 0.043750
10 0.182812 0.477344 0.087500 0.032813
10 0.043750 0.454688 0.087500 0.043750
10 0.589844 0.591406 0.142187 0.032813
14 0.930469 0.472656 0.129688 0.014063
14 0.921875 0.551562 0.112500 0.012500
14 0.824219 0.472656 0.026562 0.010937
14 0.823438 0.552344 0.025000 0.010937
14 0.509375 0.499219 0.037500 0.010937
14 0.491406 0.472656 0.051562 0.010937
14 0.490625 0.552344 0.050000 0.010937
14 0.429688 0.499219 0.037500 0.010937
14 0.410156 0.472656 0.051562 0.010937
14 0.409375 0.552344 0.050000 0.010937
14 0.052344 0.460156 0.104688 0.014063
14 0.043750 0.551562 0.087500 0.012500
14 0.492188 0.314844 0.078125 0.010937
14 0.410938 0.314844 0.081250 0.010937
9 0.695312 0.449219 0.003125 0.235937
9 0.270313 0.449219 0.003125 0.235937
9 0.999219 0.534375 0.001563 0.109375
4 0.988281 0.532813 0.010937 0.043750
9 0.975781 0.481250 0.001563 0.081250
4 0.946094 0.525000 0.010937 0.043750
9 0.919531 0.473438 0.001563 0.065625
2 0.885938 0.510156 0.015625 0.045312
9 0.871094 0.469531 0.001563 0.057813
15 0.849219 0.571875 0.020313 0.053125
9 0.839844 0.537500 0.001563 0.115625
4 0.830469 0.501563 0.010937 0.043750
9 0.817969 0.477344 0.001563 0.073438
9 0.786719 0.537500 0.001563 0.115625
2 0.756250 0.517969 0.015625 0.045312
4 0.775781 0.476562 0.010937 0.043750
2 0.773438 0.541406 0.015625 0.045312
9 0.660156 0.555469 0.001563 0.101562
9 0.616406 0.542969 0.001563 0.126562
9 0.582031 0.555469 0.001563 0.101562
4 0.571094 0.501563 0.010937 0.043750
9 0.550781 0.493750 0.001563 0.043750
9 0.519531 0.542969 0.001563 0.126562
15 0.478906 0.487500 0.017188 0.053125
9 0.471094 0.489063 0.001563 0.053125
15 0.450781 0.571875 0.020313 0.053125
9 0.441406 0.537500 0.001563 0.115625
9 0.391406 0.488281 0.001563 0.051562
9 0.360156 0.537500 0.001563 0.115625
2 0.329688 0.517969 0.015625 0.045312
4 0.350781 0.476562 0.010937 0.043750
2 0.346875 0.541406 0.015625 0.045312
9 0.227344 0.486719 0.001563 0.042188
9 0.183594 0.493750 0.001563 0.043750
9 0.139844 0.499219 0.001563 0.045312
9 0.110156 0.531250 0.001563 0.118750
4 0.099219 0.525000 0.010937 0.043750
9 0.086719 0.473438 0.001563 0.081250
2 0.054688 0.517969 0.015625 0.045312
9 0.024219 0.465625 0.001563 0.065625
9 0.999219 0.374219 0.001563 0.045312
4 0.988281 0.348438 0.010937 0.043750
9 0.957031 0.382812 0.001563 0.078125
4 0.946094 0.339062 0.010937 0.043750
9 0.899219 0.372656 0.001563 0.092188
2 0.885938 0.324219 0.015625 0.045312
9 0.839844 0.368750 0.001563 0.100000
4 0.830469 0.315625 0.010937 0.043750
9 0.786719 0.375000 0.001563 0.081250
2 0.773438 0.332031 0.015625 0.045312
9 0.519531 0.360938 0.001563 0.053125
15 0.450781 0.362500 0.020313 0.053125
9 0.441406 0.360156 0.001563 0.051562
9 0.360156 0.360156 0.001563 0.051562
2 0.346875 0.332031 0.015625 0.045312
9 0.207031 0.353125 0.001563 0.053125
9 0.163281 0.360938 0.001563 0.053125
9 0.110156 0.370312 0.001563 0.053125
4 0.099219 0.339062 0.010937 0.043750
9 0.067969 0.369531 0.001563 0.070312
2 0.054688 0.332031 0.015625 0.045312
9 0.005469 0.360938 0.001563 0.084375
15 0.732031 0.449219 0.076563 0.026562
0 0.967187 0.526563 0.021875 0.018750
0 0.909375 0.509375 0.021875 0.018750
0 0.862500 0.501563 0.021875 0.018750
0 0.850000 0.478125 0.021875 0.018750
0 0.850000 0.542188 0.021875 0.018750
0 0.807813 0.518750 0.021875 0.018750
0 0.796875 0.478125 0.021875 0.018750
0 0.796875 0.542188 0.021875 0.018750
0 0.670312 0.501563 0.021875 0.018750
0 0.670312 0.518750 0.021875 0.018750
0 0.670312 0.542188 0.021875 0.018750
0 0.626563 0.478125 0.021875 0.018750
0 0.626563 0.518750 0.021875 0.018750
0 0.626563 0.542188 0.021875 0.018750
0 0.592187 0.501563 0.021875 0.018750
0 0.592187 0.518750 0.021875 0.018750
0 0.592187 0.542188 0.021875 0.018750
0 0.542188 0.518750 0.021875 0.018750
0 0.529687 0.478125 0.021875 0.018750
0 0.529687 0.542188 0.021875 0.018750
0 0.462500 0.518750 0.021875 0.018750
0 0.451562 0.478125 0.021875 0.018750
0 0.451562 0.542188 0.021875 0.018750
0 0.381250 0.518750 0.021875 0.018750
0 0.370312 0.478125 0.021875 0.018750
0 0.370312 0.542188 0.021875 0.018750
0 0.217188 0.509375 0.021875 0.018750
0 0.173437 0.518750 0.021875 0.018750
0 0.131250 0.526563 0.021875 0.018750
0 0.120313 0.470313 0.021875 0.018750
0 0.120313 0.542188 0.021875 0.018750
0 0.078125 0.518750 0.021875 0.018750
0 0.015625 0.501563 0.021875 0.018750
0 0.967187 0.340625 0.021875 0.018750
0 0.909375 0.325000 0.021875 0.018750
0 0.850000 0.315625 0.021875 0.018750
0 0.796875 0.332813 0.021875 0.018750
0 0.529687 0.332813 0.021875 0.018750
0 0.451562 0.332813 0.021875 0.018750
0 0.370312 0.332813 0.021875 0.018750
0 0.217188 0.325000 0.021875 0.018750
0 0.173437 0.332813 0.021875 0.018750
0 0.120313 0.340625 0.021875 0.018750
0 0.078125 0.332813 0.021875 0.018750
0 0.015625 0.315625 0.021875 0.018750
