10 0.778906 0.332031 0.101562 0.032813
10 0.471875 0.332031 0.100000 0.032813
10 0.334375 0.340625 0.071875 0.025000
10 0.157031 0.427344 0.164062 0.045312
10 0.778906 0.524219 0.101562 0.035937
10 0.346875 0.529687 0.050000 0.025000
10 0.181250 0.487500 0.153125 0.043750
10 0.390625 0.666406 0.221875 0.048438
14 0.778906 0.437500 0.054688 0.021875
14 0.389844 0.436719 0.220312 0.023438
14 0.219531 0.510938 0.110937 0.012500
14 0.218750 0.553125 0.109375 0.012500
14 0.218750 0.587500 0.109375 0.012500
14 0.218750 0.643750 0.109375 0.012500
14 0.118750 0.513281 0.037500 0.010937
14 0.123438 0.552344 0.025000 0.010937
14 0.117969 0.588281 0.035937 0.010937
14 0.117969 0.642969 0.035937 0.010937
9 0.860938 0.475781 0.003125 0.289062
9 0.553125 0.475781 0.003125 0.289062
9 0.827344 0.558594 0.001563 0.098437
9 0.774219 0.560156 0.001563 0.095312
9 0.728906 0.560937 0.001563 0.093750
9 0.599219 0.580469 0.001563 0.101562
9 0.499219 0.626563 0.001563 0.090625
9 0.447656 0.628125 0.001563 0.093750
9 0.402344 0.629687 0.001563 0.096875
9 0.369531 0.544531 0.001563 0.045312
9 0.322656 0.550000 0.001563 0.050000
9 0.280469 0.606250 0.001563 0.162500
9 0.257031 0.508594 0.001563 0.085938
9 0.211719 0.496094 0.001563 0.060937
15 0.149219 0.665625 0.020313 0.053125
9 0.139844 0.607031 0.001563 0.164062
9 0.160156 0.492188 0.001563 0.053125
9 0.105469 0.504687 0.001563 0.078125
9 0.075781 0.607031 0.001563 0.164062
9 0.827344 0.362500 0.001563 0.093750
9 0.774219 0.362500 0.001563 0.093750
9 0.728906 0.362500 0.001563 0.093750
9 0.599219 0.372656 0.001563 0.092188
9 0.519531 0.362500 0.001563 0.093750
9 0.466406 0.362500 0.001563 0.093750
9 0.422656 0.362500 0.001563 0.093750
9 0.369531 0.357812 0.001563 0.053125
9 0.299219 0.364844 0.001563 0.057813
9 0.238281 0.410156 0.001563 0.070312
9 0.192969 0.397656 0.001563 0.092188
9 0.139844 0.393750 0.001563 0.100000
9 0.075781 0.403906 0.001563 0.073438
15 0.717187 0.475781 0.053125 0.026562
0 0.817187 0.570312 0.021875 0.018750
0 0.817187 0.610938 0.021875 0.018750
0 0.765625 0.610938 0.021875 0.018750
0 0.765625 0.578125 0.021875 0.018750
0 0.718750 0.578125 0.021875 0.018750
0 0.718750 0.610938 0.021875 0.018750
0 0.590625 0.634375 0.021875 0.018750
0 0.590625 0.578125 0.021875 0.018750
0 0.509375 0.578125 0.021875 0.018750
0 0.509375 0.610938 0.021875 0.018750
0 0.457813 0.578125 0.021875 0.018750
0 0.457813 0.610938 0.021875 0.018750
0 0.412500 0.578125 0.021875 0.018750
0 0.412500 0.610938 0.021875 0.018750
0 0.360938 0.570312 0.021875 0.018750
0 0.312500 0.578125 0.021875 0.018750
0 0.290625 0.521875 0.021875 0.018750
0 0.290625 0.562500 0.021875 0.018750
0 0.290625 0.578125 0.021875 0.018750
0 0.290625 0.634375 0.021875 0.018750
0 0.248438 0.554688 0.021875 0.018750
0 0.203125 0.529687 0.021875 0.018750
0 0.150000 0.521875 0.021875 0.018750
0 0.150000 0.562500 0.021875 0.018750
0 0.150000 0.578125 0.021875 0.018750
0 0.150000 0.634375 0.021875 0.018750
0 0.150000 0.521875 0.021875 0.018750
0 0.096875 0.546875 0.021875 0.018750
0 0.085938 0.521875 0.021875 0.018750
0 0.085938 0.562500 0.021875 0.018750
0 0.085938 0.578125 0.021875 0.018750
0 0.085938 0.634375 0.021875 0.018750
0 0.837500 0.389062 0.021875 0.018750
0 0.817187 0.396875 0.021875 0.018750
0 0.817187 0.412500 0.021875 0.018750
0 0.784375 0.389062 0.021875 0.018750
0 0.765625 0.373437 0.021875 0.018750
0 0.765625 0.396875 0.021875 0.018750
0 0.765625 0.412500 0.021875 0.018750
0 0.739062 0.389062 0.021875 0.018750
0 0.718750 0.396875 0.021875 0.018750
0 0.718750 0.412500 0.021875 0.018750
0 0.590625 0.381250 0.021875 0.018750
0 0.590625 0.396875 0.021875 0.018750
0 0.590625 0.421875 0.021875 0.018750
0 0.529687 0.389062 0.021875 0.018750
0 0.509375 0.396875 0.021875 0.018750
0 0.509375 0.412500 0.021875 0.018750
0 0.476562 0.389062 0.021875 0.018750
0 0.457813 0.373437 0.021875 0.018750
0 0.457813 0.396875 0.021875 0.018750
0 0.457813 0.412500 0.021875 0.018750
0 0.432812 0.389062 0.021875 0.018750
0 0.412500 0.396875 0.021875 0.018750
0 0.412500 0.412500 0.021875 0.018750
0 0.360938 0.389062 0.021875 0.018750
0 0.290625 0.396875 0.021875 0.018750
0 0.248438 0.373437 0.021875 0.018750
0 0.203125 0.348438 0.021875 0.018750
0 0.150000 0.340625 0.021875 0.018750
0 0.085938 0.364063 0.021875 0.018750
