10 0.890625 0.255469 0.218750 0.032813
10 0.135156 0.271875 0.270313 0.025000
10 0.648438 0.411719 0.231250 0.032813
10 0.280469 0.413281 0.332813 0.032813
15 0.996875 0.581250 0.006250 0.025000
15 0.684375 0.581250 0.018750 0.025000
15 0.360938 0.581250 0.018750 0.025000
15 0.034375 0.581250 0.018750 0.025000
10 0.935156 0.529687 0.129688 0.043750
10 0.685156 0.529687 0.267188 0.043750
10 0.361719 0.529687 0.279687 0.043750
10 0.085156 0.529687 0.170313 0.043750
14 0.647656 0.436719 0.229687 0.023438
9 0.975781 0.554688 0.001563 0.093750
9 0.922656 0.558594 0.001563 0.101562
9 0.871094 0.554688 0.001563 0.093750
4 0.841406 0.571875 0.010937 0.043750
9 0.817969 0.558594 0.001563 0.101562
9 0.764844 0.554688 0.001563 0.093750
9 0.711719 0.558594 0.001563 0.101562
9 0.658594 0.554688 0.001563 0.093750
9 0.605469 0.558594 0.001563 0.101562
9 0.552344 0.554688 0.001563 0.093750
3 0.521094 0.564063 0.014063 0.040625
9 0.499219 0.558594 0.001563 0.101562
9 0.441406 0.550781 0.001563 0.085938
9 0.388281 0.558594 0.001563 0.101562
9 0.332031 0.550781 0.001563 0.085938
9 0.278906 0.558594 0.001563 0.101562
9 0.222656 0.550781 0.001563 0.085938
4 0.192969 0.571875 0.010937 0.043750
9 0.169531 0.558594 0.001563 0.101562
9 0.116406 0.554688 0.001563 0.093750
9 0.063281 0.558594 0.001563 0.101562
9 0.010156 0.554688 0.001563 0.093750
9 0.871094 0.292187 0.001563 0.106250
9 0.763281 0.396094 0.001563 0.057813
9 0.782031 0.292187 0.001563 0.106250
15 0.543750 0.433594 0.015625 0.017188
9 0.533594 0.382031 0.001563 0.060937
8 0.564063 0.292187 0.006250 0.006250
9 0.444531 0.397656 0.001563 0.060937
9 0.269531 0.313281 0.001563 0.098437
15 0.212500 0.446094 0.015625 0.017188
9 0.202344 0.390625 0.001563 0.078125
9 0.114844 0.397656 0.001563 0.060937
0 0.967187 0.573438 0.021875 0.018750
0 0.967187 0.589063 0.021875 0.018750
0 0.967187 0.604688 0.021875 0.018750
0 0.914062 0.614062 0.021875 0.018750
0 0.860938 0.573438 0.021875 0.018750
0 0.860938 0.589063 0.021875 0.018750
0 0.860938 0.604688 0.021875 0.018750
0 0.807813 0.614062 0.021875 0.018750
0 0.754687 0.573438 0.021875 0.018750
0 0.754687 0.589063 0.021875 0.018750
0 0.754687 0.604688 0.021875 0.018750
0 0.701562 0.614062 0.021875 0.018750
0 0.650000 0.573438 0.021875 0.018750
0 0.650000 0.589063 0.021875 0.018750
0 0.650000 0.604688 0.021875 0.018750
0 0.596875 0.614062 0.021875 0.018750
0 0.543750 0.573438 0.021875 0.018750
0 0.543750 0.589063 0.021875 0.018750
0 0.543750 0.604688 0.021875 0.018750
0 0.490625 0.614062 0.021875 0.018750
0 0.451562 0.589063 0.021875 0.018750
0 0.431250 0.573438 0.021875 0.018750
0 0.431250 0.596875 0.021875 0.018750
0 0.378125 0.614062 0.021875 0.018750
0 0.342187 0.589063 0.021875 0.018750
0 0.321875 0.573438 0.021875 0.018750
0 0.321875 0.596875 0.021875 0.018750
0 0.268750 0.614062 0.021875 0.018750
0 0.232813 0.589063 0.021875 0.018750
0 0.212500 0.596875 0.021875 0.018750
0 0.212500 0.573438 0.021875 0.018750
0 0.160938 0.614062 0.021875 0.018750
0 0.107813 0.573438 0.021875 0.018750
0 0.107813 0.589063 0.021875 0.018750
0 0.107813 0.604688 0.021875 0.018750
0 0.054688 0.614062 0.021875 0.018750
0 0.006250 0.573438 0.012500 0.018750
0 0.006250 0.589063 0.012500 0.018750
0 0.006250 0.604688 0.012500 0.018750
0 0.860938 0.292187 0.021875 0.018750
0 0.860938 0.307812 0.021875 0.018750
0 0.860938 0.348438 0.021875 0.018750
0 0.773438 0.364063 0.021875 0.018750
0 0.773438 0.307812 0.021875 0.018750
0 0.773438 0.348438 0.021875 0.018750
0 0.543750 0.348438 0.021875 0.018750
0 0.454688 0.364063 0.021875 0.018750
0 0.260937 0.307812 0.021875 0.018750
0 0.260937 0.364063 0.021875 0.018750
0 0.212500 0.348438 0.021875 0.018750
0 0.125000 0.364063 0.021875 0.018750
