10 0.345313 0.524219 0.228125 0.007812
10 0.537500 0.652344 0.525000 0.020313
10 0.075781 0.660156 0.151562 0.020313
10 0.670312 0.737500 0.209375 0.012500
10 0.345313 0.707031 0.228125 0.007812
10 0.063281 0.698438 0.126562 0.025000
14 0.403125 0.471875 0.071875 0.021875
14 0.282031 0.471875 0.139063 0.021875
14 0.535156 0.614844 0.054688 0.010937
14 0.535156 0.597656 0.054688 0.010937
14 0.346875 0.500000 0.228125 0.025000
9 0.860938 0.644531 0.003125 0.248438
8 0.763281 0.827344 0.004687 0.004687
9 0.772656 0.771875 0.001563 0.065625
8 0.674219 0.819531 0.004687 0.004687
9 0.685156 0.767188 0.001563 0.059375
8 0.557031 0.810156 0.004687 0.004687
9 0.566406 0.760938 0.001563 0.053125
8 0.449219 0.802344 0.004687 0.004687
9 0.460156 0.742188 0.001563 0.078125
8 0.361719 0.777344 0.004687 0.004687
9 0.371094 0.725781 0.001563 0.045312
8 0.222656 0.786719 0.004687 0.004687
9 0.232031 0.733594 0.001563 0.060937
2 0.200000 0.766406 0.015625 0.045312
8 0.116406 0.778906 0.004687 0.004687
9 0.125781 0.731250 0.001563 0.050000
8 0.027344 0.777344 0.004687 0.004687
9 0.036719 0.724219 0.001563 0.048438
9 0.797656 0.629687 0.001563 0.065625
15 0.780469 0.554688 0.017188 0.053125
9 0.772656 0.556250 0.001563 0.053125
9 0.710156 0.629687 0.001563 0.065625
9 0.621094 0.629687 0.001563 0.065625
9 0.569531 0.629687 0.001563 0.065625
9 0.566406 0.556250 0.001563 0.053125
9 0.483594 0.629687 0.001563 0.065625
9 0.460156 0.550781 0.001563 0.060937
9 0.396094 0.629687 0.001563 0.065625
15 0.344531 0.550781 0.010937 0.032813
9 0.342969 0.550781 0.014063 0.032813
4 0.320312 0.569531 0.006250 0.026562
9 0.371094 0.546875 0.001563 0.053125
9 0.275781 0.629687 0.001563 0.065625
9 0.232031 0.550781 0.001563 0.060937
9 0.150781 0.637500 0.001563 0.065625
15 0.133594 0.554688 0.017188 0.053125
9 0.125781 0.556250 0.001563 0.053125
9 0.061719 0.637500 0.001563 0.065625
0 0.764062 0.807813 0.021875 0.018750
0 0.675000 0.800000 0.021875 0.018750
0 0.557813 0.792188 0.021875 0.018750
0 0.450000 0.782813 0.021875 0.018750
0 0.360938 0.751563 0.021875 0.018750
0 0.223438 0.767188 0.021875 0.018750
0 0.115625 0.759375 0.021875 0.018750
0 0.028125 0.751563 0.021875 0.018750
0 0.807813 0.609375 0.021875 0.018750
0 0.807813 0.593750 0.021875 0.018750
0 0.764062 0.585938 0.021875 0.018750
0 0.720313 0.609375 0.021875 0.018750
0 0.720313 0.593750 0.021875 0.018750
0 0.631250 0.609375 0.021875 0.018750
0 0.631250 0.593750 0.021875 0.018750
0 0.579688 0.609375 0.021875 0.018750
0 0.579688 0.593750 0.021875 0.018750
0 0.557813 0.585938 0.021875 0.018750
0 0.493750 0.609375 0.021875 0.018750
0 0.493750 0.593750 0.021875 0.018750
0 0.450000 0.585938 0.021875 0.018750
0 0.406250 0.609375 0.021875 0.018750
0 0.406250 0.593750 0.021875 0.018750
0 0.334375 0.569531 0.012500 0.010937
0 0.360938 0.578125 0.021875 0.018750
0 0.285938 0.609375 0.021875 0.018750
0 0.285938 0.593750 0.021875 0.018750
0 0.223438 0.585938 0.021875 0.018750
0 0.160938 0.601562 0.021875 0.018750
0 0.160938 0.618750 0.021875 0.018750
0 0.115625 0.585938 0.021875 0.018750
0 0.071875 0.618750 0.021875 0.018750
0 0.071875 0.601562 0.021875 0.018750
