10 0.576562 0.303906 0.271875 0.007812
10 0.746875 0.439844 0.506250 0.020313
10 0.174219 0.447656 0.348438 0.020313
10 0.907813 0.581250 0.184375 0.025000
10 0.556250 0.580469 0.271875 0.007812
10 0.182031 0.576562 0.229687 0.015625
14 0.646875 0.284375 0.087500 0.021875
14 0.503125 0.282813 0.165625 0.021875
14 0.789062 0.389062 0.043750 0.009375
14 0.789062 0.405469 0.043750 0.010937
14 0.575781 0.278125 0.270313 0.028125
14 0.040625 0.397656 0.043750 0.010937
14 0.040625 0.410156 0.043750 0.010937
8 0.950781 0.500781 0.004687 0.004687
9 0.939844 0.556250 0.001563 0.050000
8 0.825781 0.499219 0.004687 0.004687
9 0.816406 0.548438 0.001563 0.050000
8 0.700781 0.500781 0.004687 0.004687
9 0.691406 0.557813 0.001563 0.053125
8 0.597656 0.519531 0.004687 0.004687
9 0.588281 0.561719 0.001563 0.045312
8 0.430469 0.499219 0.004687 0.004687
9 0.421094 0.553906 0.001563 0.060937
8 0.307031 0.500781 0.004687 0.004687
9 0.296094 0.556250 0.001563 0.050000
2 0.282813 0.527344 0.015625 0.045312
8 0.202344 0.499219 0.004687 0.004687
9 0.192969 0.550781 0.001563 0.054688
8 0.078906 0.491406 0.004687 0.004687
9 0.067969 0.544531 0.001563 0.057813
4 0.058594 0.512500 0.010937 0.043750
9 0.992969 0.415625 0.001563 0.065625
9 0.888281 0.415625 0.001563 0.065625
9 0.816406 0.415625 0.001563 0.065625
9 0.835156 0.337500 0.001563 0.046875
9 0.742969 0.415625 0.001563 0.065625
9 0.710156 0.330469 0.001563 0.060937
9 0.639844 0.415625 0.001563 0.065625
15 0.557031 0.330469 0.010937 0.032813
9 0.555469 0.330469 0.014063 0.032813
4 0.532813 0.347656 0.006250 0.026562
9 0.607031 0.326562 0.001563 0.053125
4 0.577344 0.356250 0.010937 0.043750
9 0.494531 0.425000 0.001563 0.050000
4 0.483594 0.396875 0.010937 0.043750
9 0.441406 0.330469 0.001563 0.060937
9 0.347656 0.425000 0.001563 0.065625
15 0.324219 0.334375 0.017188 0.053125
9 0.316406 0.334375 0.001563 0.053125
9 0.244531 0.425000 0.001563 0.065625
9 0.141406 0.425000 0.001563 0.065625
9 0.067969 0.425000 0.001563 0.065625
9 0.088281 0.337500 0.001563 0.046875
0 0.950000 0.528125 0.021875 0.018750
0 0.826562 0.520312 0.021875 0.018750
0 0.701562 0.528125 0.021875 0.018750
0 0.598437 0.535937 0.021875 0.018750
0 0.431250 0.520312 0.021875 0.018750
0 0.306250 0.528125 0.021875 0.018750
0 0.203125 0.520312 0.021875 0.018750
0 0.078125 0.512500 0.021875 0.018750
0 0.996094 0.396875 0.007812 0.018750
0 0.996094 0.381250 0.007812 0.018750
0 0.898438 0.396875 0.021875 0.018750
0 0.898438 0.381250 0.021875 0.018750
0 0.826562 0.381250 0.021875 0.018750
0 0.826562 0.396875 0.021875 0.018750
0 0.826562 0.364063 0.021875 0.018750
0 0.753125 0.381250 0.021875 0.018750
0 0.753125 0.396875 0.021875 0.018750
0 0.701562 0.364063 0.021875 0.018750
0 0.650000 0.381250 0.021875 0.018750
0 0.650000 0.396875 0.021875 0.018750
0 0.546875 0.347656 0.012500 0.010937
0 0.598437 0.356250 0.021875 0.018750
0 0.504687 0.396875 0.021875 0.018750
0 0.431250 0.364063 0.021875 0.018750
0 0.357812 0.389062 0.021875 0.018750
0 0.357812 0.404687 0.021875 0.018750
0 0.306250 0.364063 0.021875 0.018750
0 0.254688 0.404687 0.021875 0.018750
0 0.254688 0.389062 0.021875 0.018750
0 0.151562 0.404687 0.021875 0.018750
0 0.151562 0.389062 0.021875 0.018750
0 0.078125 0.389062 0.021875 0.018750
0 0.078125 0.404687 0.021875 0.018750
0 0.078125 0.364063 0.021875 0.018750
0 0.008594 0.389062 0.017188 0.018750
0 0.008594 0.404687 0.017188 0.018750
