10 0.767188 0.471094 0.465625 0.020313
10 0.235156 0.514844 0.245312 0.007812
10 0.917188 0.581250 0.165625 0.025000
10 0.595313 0.582812 0.231250 0.012500
10 0.203906 0.533594 0.407813 0.020313
14 0.067187 0.599219 0.043750 0.010937
14 0.787500 0.421094 0.043750 0.010937
14 0.787500 0.438281 0.043750 0.010937
9 0.960156 0.605469 0.001563 0.048438
9 0.835156 0.596875 0.001563 0.050000
9 0.710156 0.604688 0.001563 0.050000
9 0.605469 0.609375 0.001563 0.056250
9 0.480469 0.610938 0.001563 0.053125
9 0.407031 0.564063 0.001563 0.081250
9 0.355469 0.553906 0.001563 0.085938
9 0.303906 0.564063 0.001563 0.081250
9 0.252344 0.553906 0.001563 0.085938
9 0.200781 0.564063 0.001563 0.081250
9 0.146094 0.564063 0.001563 0.081250
9 0.113281 0.553906 0.001563 0.085938
9 0.039844 0.564063 0.001563 0.081250
9 0.991406 0.448437 0.001563 0.065625
9 0.888281 0.448437 0.001563 0.065625
9 0.814844 0.448437 0.001563 0.065625
9 0.835156 0.367188 0.001563 0.053125
9 0.741406 0.448437 0.001563 0.065625
15 0.717969 0.365625 0.017188 0.053125
9 0.710156 0.367188 0.001563 0.053125
9 0.638281 0.448437 0.001563 0.065625
9 0.535156 0.448437 0.001563 0.065625
9 0.480469 0.367188 0.001563 0.053125
15 0.363281 0.365625 0.017188 0.053125
9 0.355469 0.367188 0.001563 0.053125
12 0.100781 0.364844 0.017188 0.048438
15 0.345313 0.485156 0.053125 0.026562
0 0.950000 0.632812 0.021875 0.018750
0 0.825000 0.625000 0.021875 0.018750
0 0.700000 0.632812 0.021875 0.018750
0 0.596875 0.640625 0.021875 0.018750
0 0.471875 0.640625 0.021875 0.018750
0 0.398438 0.609375 0.021875 0.018750
0 0.365625 0.592187 0.021875 0.018750
0 0.346875 0.560937 0.021875 0.018750
0 0.346875 0.576562 0.021875 0.018750
0 0.346875 0.600000 0.021875 0.018750
0 0.295312 0.609375 0.021875 0.018750
0 0.262500 0.592187 0.021875 0.018750
0 0.242188 0.560937 0.021875 0.018750
0 0.242188 0.576562 0.021875 0.018750
0 0.242188 0.600000 0.021875 0.018750
0 0.190625 0.609375 0.021875 0.018750
0 0.135937 0.609375 0.021875 0.018750
0 0.123438 0.592187 0.021875 0.018750
0 0.103125 0.576562 0.021875 0.018750
0 0.103125 0.600000 0.021875 0.018750
0 0.103125 0.560937 0.021875 0.018750
0 0.031250 0.609375 0.021875 0.018750
0 0.004687 0.592187 0.009375 0.018750
0 0.995313 0.412500 0.009375 0.018750
0 0.995313 0.429688 0.009375 0.018750
0 0.898438 0.412500 0.021875 0.018750
0 0.898438 0.429688 0.021875 0.018750
0 0.825000 0.412500 0.021875 0.018750
0 0.825000 0.429688 0.021875 0.018750
0 0.825000 0.396875 0.021875 0.018750
0 0.751563 0.412500 0.021875 0.018750
0 0.751563 0.429688 0.021875 0.018750
0 0.700000 0.396875 0.021875 0.018750
0 0.648438 0.412500 0.021875 0.018750
0 0.648438 0.429688 0.021875 0.018750
0 0.545312 0.412500 0.021875 0.018750
0 0.545312 0.429688 0.021875 0.018750
0 0.471875 0.396875 0.021875 0.018750
0 0.346875 0.396875 0.021875 0.018750
