10 0.203906 0.319531 0.229687 0.007812
10 0.597656 0.455469 0.207813 0.020313
10 0.175000 0.455469 0.350000 0.020313
10 0.886719 0.613281 0.226562 0.020313
10 0.555469 0.495312 0.229687 0.028125
10 0.203906 0.510938 0.229687 0.028125
14 0.617969 0.312500 0.335938 0.031250
14 0.035156 0.428906 0.057813 0.010937
14 0.158594 0.299219 0.317188 0.057813
9 0.950781 0.570312 0.001563 0.106250
9 0.877344 0.598437 0.001563 0.050000
9 0.774219 0.570312 0.001563 0.106250
4 0.763281 0.514062 0.010937 0.043750
9 0.669531 0.506250 0.001563 0.040625
3 0.636719 0.521875 0.014063 0.040625
9 0.566406 0.519531 0.001563 0.048438
9 0.441406 0.536719 0.001563 0.060937
4 0.411719 0.570312 0.010937 0.043750
9 0.316406 0.521875 0.001563 0.040625
9 0.214844 0.535156 0.001563 0.048438
9 0.089844 0.548438 0.001563 0.053125
2 0.056250 0.578906 0.015625 0.045312
12 0.884375 0.367188 0.015625 0.028125
15 0.800781 0.334375 0.017188 0.053125
9 0.792969 0.354687 0.001563 0.093750
4 0.744531 0.404687 0.010937 0.043750
2 0.760938 0.380469 0.015625 0.045312
9 0.700781 0.423438 0.001563 0.081250
9 0.597656 0.423438 0.001563 0.081250
9 0.494531 0.423438 0.001563 0.081250
4 0.485156 0.379688 0.010937 0.043750
9 0.441406 0.330469 0.001563 0.045312
9 0.349219 0.432812 0.001563 0.065625
9 0.316406 0.342187 0.001563 0.053125
9 0.246094 0.432812 0.001563 0.065625
9 0.214844 0.346094 0.001563 0.060937
2 0.181250 0.380469 0.015625 0.045312
9 0.142969 0.432812 0.001563 0.065625
3 0.130469 0.389062 0.014063 0.040625
9 0.069531 0.440625 0.001563 0.050000
9 0.089844 0.342187 0.001563 0.053125
15 0.432031 0.246094 0.048438 0.039062
0 0.960938 0.514062 0.021875 0.018750
0 0.887500 0.570312 0.021875 0.018750
0 0.784375 0.514062 0.021875 0.018750
0 0.659375 0.529687 0.021875 0.018750
0 0.556250 0.546875 0.021875 0.018750
0 0.432812 0.570312 0.021875 0.018750
0 0.307812 0.546875 0.021875 0.018750
0 0.204687 0.562500 0.021875 0.018750
0 0.079687 0.578125 0.021875 0.018750
0 0.784375 0.404687 0.021875 0.018750
0 0.784375 0.364063 0.021875 0.018750
0 0.784375 0.381250 0.021875 0.018750
0 0.710938 0.381250 0.021875 0.018750
0 0.710938 0.396875 0.021875 0.018750
0 0.710938 0.412500 0.021875 0.018750
0 0.607812 0.381250 0.021875 0.018750
0 0.607812 0.396875 0.021875 0.018750
0 0.607812 0.412500 0.021875 0.018750
0 0.504687 0.381250 0.021875 0.018750
0 0.504687 0.396875 0.021875 0.018750
0 0.504687 0.412500 0.021875 0.018750
0 0.432812 0.356250 0.021875 0.018750
0 0.359375 0.396875 0.021875 0.018750
0 0.359375 0.412500 0.021875 0.018750
0 0.307812 0.373437 0.021875 0.018750
0 0.256250 0.396875 0.021875 0.018750
0 0.256250 0.412500 0.021875 0.018750
0 0.204687 0.381250 0.021875 0.018750
0 0.153125 0.396875 0.021875 0.018750
0 0.153125 0.412500 0.021875 0.018750
0 0.079687 0.412500 0.021875 0.018750
0 0.079687 0.373437 0.021875 0.018750
0 0.009375 0.412500 0.018750 0.018750
