10 0.600781 0.314063 0.148438 0.021875
10 0.456250 0.412500 0.037500 0.025000
10 0.232813 0.325000 0.112500 0.025000
10 0.746875 0.450781 0.112500 0.020313
10 0.035937 0.450781 0.071875 0.020313
10 0.704688 0.488281 0.284375 0.020313
10 0.352344 0.488281 0.282813 0.020313
10 0.057813 0.488281 0.115625 0.020313
10 0.746875 0.600781 0.112500 0.020313
10 0.564844 0.619531 0.114062 0.032813
10 0.035937 0.600781 0.071875 0.020313
13 0.690625 0.512500 0.021875 0.009375
13 0.328125 0.512500 0.021875 0.009375
13 0.840625 0.339844 0.025000 0.032813
13 0.548438 0.399219 0.062500 0.020313
13 0.134375 0.345313 0.068750 0.021875
14 0.860938 0.451562 0.003125 0.240625
14 0.131250 0.451562 0.003125 0.240625
9 0.844531 0.503125 0.001563 0.050000
9 0.800781 0.586719 0.001563 0.042188
9 0.794531 0.503125 0.001563 0.050000
9 0.750781 0.579688 0.001563 0.043750
9 0.746094 0.503125 0.001563 0.050000
9 0.691406 0.571094 0.001563 0.045312
9 0.710156 0.503125 0.001563 0.050000
9 0.674219 0.503125 0.001563 0.050000
9 0.619531 0.573438 0.001563 0.065625
9 0.613281 0.503125 0.001563 0.050000
9 0.569531 0.578906 0.001563 0.076563
9 0.563281 0.503125 0.001563 0.050000
9 0.508594 0.610156 0.001563 0.042188
9 0.492969 0.503125 0.001563 0.050000
9 0.432031 0.503125 0.001563 0.050000
9 0.382031 0.503125 0.001563 0.050000
9 0.347656 0.503125 0.001563 0.050000
9 0.311719 0.503125 0.001563 0.050000
9 0.261719 0.503125 0.001563 0.050000
9 0.211719 0.503125 0.001563 0.050000
9 0.157031 0.609375 0.001563 0.040625
9 0.113281 0.503125 0.001563 0.050000
9 0.069531 0.586719 0.001563 0.042188
9 0.064844 0.503125 0.001563 0.050000
9 0.019531 0.579688 0.001563 0.043750
9 0.014844 0.503125 0.001563 0.050000
9 0.800781 0.436719 0.001563 0.042188
14 0.827344 0.365625 0.017188 0.053125
9 0.819531 0.367188 0.001563 0.053125
9 0.750781 0.429688 0.001563 0.043750
9 0.691406 0.422656 0.001563 0.045312
9 0.710156 0.367188 0.001563 0.053125
9 0.674219 0.334375 0.001563 0.053125
14 0.628906 0.418750 0.020313 0.053125
9 0.619531 0.417969 0.001563 0.051562
9 0.639844 0.339844 0.001563 0.060937
9 0.588281 0.344531 0.001563 0.067187
9 0.527344 0.341406 0.001563 0.057813
9 0.472656 0.393750 0.001563 0.053125
9 0.438281 0.388281 0.001563 0.057813
9 0.347656 0.343750 0.001563 0.084375
8 0.277344 0.424219 0.004687 0.004687
9 0.286719 0.358594 0.001563 0.085938
8 0.227344 0.439844 0.004687 0.004687
9 0.236719 0.371094 0.001563 0.095312
2 0.204687 0.380469 0.015625 0.045312
9 0.177344 0.357812 0.001563 0.053125
9 0.069531 0.436719 0.001563 0.042188
14 0.096094 0.365625 0.017188 0.053125
9 0.088281 0.367188 0.001563 0.053125
9 0.019531 0.429688 0.001563 0.043750
14 0.166406 0.450781 0.048438 0.039062
0 0.835938 0.529687 0.021875 0.018750
0 0.810937 0.562500 0.021875 0.018750
0 0.785937 0.529687 0.021875 0.018750
0 0.760938 0.554688 0.021875 0.018750
0 0.735938 0.529687 0.021875 0.018750
0 0.701562 0.546875 0.021875 0.018750
0 0.701562 0.529687 0.021875 0.018750
0 0.665625 0.529687 0.021875 0.018750
0 0.629687 0.537500 0.021875 0.018750
0 0.604688 0.529687 0.021875 0.018750
0 0.579688 0.537500 0.021875 0.018750
0 0.553125 0.529687 0.021875 0.018750
0 0.518750 0.585938 0.021875 0.018750
0 0.482812 0.529687 0.021875 0.018750
0 0.423438 0.529687 0.021875 0.018750
0 0.373437 0.529687 0.021875 0.018750
0 0.337500 0.529687 0.021875 0.018750
0 0.301563 0.529687 0.021875 0.018750
0 0.253125 0.529687 0.021875 0.018750
0 0.203125 0.529687 0.021875 0.018750
1 0.167187 0.585938 0.021875 0.018750
0 0.104688 0.529687 0.021875 0.018750
0 0.079687 0.562500 0.021875 0.018750
0 0.054688 0.529687 0.021875 0.018750
0 0.029687 0.554688 0.021875 0.018750
0 0.007812 0.529687 0.015625 0.018750
0 0.810937 0.412500 0.021875 0.018750
0 0.810937 0.396875 0.021875 0.018750
0 0.760938 0.404687 0.021875 0.018750
0 0.701562 0.396875 0.021875 0.018750
0 0.701562 0.396875 0.021875 0.018750
0 0.665625 0.364063 0.021875 0.018750
0 0.629687 0.389062 0.021875 0.018750
0 0.629687 0.373437 0.021875 0.018750
0 0.579688 0.381250 0.021875 0.018750
0 0.518750 0.373437 0.021875 0.018750
0 0.482812 0.364063 0.021875 0.018750
0 0.448437 0.356250 0.021875 0.018750
0 0.357812 0.381250 0.021875 0.018750
0 0.337500 0.348438 0.021875 0.018750
0 0.337500 0.364063 0.021875 0.018750
0 0.337500 0.389062 0.021875 0.018750
0 0.296875 0.381250 0.021875 0.018750
0 0.278125 0.364063 0.021875 0.018750
0 0.278125 0.389062 0.021875 0.018750
0 0.278125 0.404687 0.021875 0.018750
0 0.246875 0.381250 0.021875 0.018750
0 0.228125 0.389062 0.021875 0.018750
0 0.228125 0.404687 0.021875 0.018750
0 0.228125 0.421875 0.021875 0.018750
0 0.167187 0.389062 0.021875 0.018750
0 0.079687 0.412500 0.021875 0.018750
0 0.079687 0.396875 0.021875 0.018750
0 0.029687 0.404687 0.021875 0.018750
