10 0.633594 0.325000 0.248438 0.025000
10 0.048438 0.396875 0.096875 0.040625
10 0.664844 0.492969 0.310937 0.020313
10 0.312500 0.486719 0.275000 0.032813
14 0.439063 0.416406 0.125000 0.023438
9 0.860938 0.453906 0.003125 0.245312
9 0.817969 0.507812 0.001563 0.050000
9 0.757031 0.535937 0.001563 0.106250
9 0.694531 0.507812 0.001563 0.050000
9 0.633594 0.535937 0.001563 0.106250
9 0.572656 0.507812 0.001563 0.050000
9 0.510156 0.535937 0.001563 0.106250
9 0.449219 0.510156 0.001563 0.045312
9 0.386719 0.536719 0.001563 0.104688
9 0.325781 0.507031 0.001563 0.051562
9 0.263281 0.535156 0.001563 0.110937
9 0.175781 0.503906 0.001563 0.057813
2 0.143750 0.519531 0.015625 0.045312
9 0.033594 0.549219 0.001563 0.070312
8 0.747656 0.424219 0.004687 0.004687
9 0.757031 0.358594 0.001563 0.085938
8 0.624219 0.439844 0.004687 0.004687
9 0.633594 0.370312 0.001563 0.093750
4 0.577344 0.404687 0.010937 0.043750
4 0.591406 0.420312 0.010937 0.043750
2 0.601562 0.380469 0.015625 0.045312
9 0.510156 0.357812 0.001563 0.053125
15 0.394531 0.365625 0.017188 0.053125
9 0.386719 0.367188 0.001563 0.053125
12 0.251563 0.367188 0.015625 0.028125
15 0.166406 0.370312 0.020313 0.053125
9 0.157031 0.339844 0.001563 0.107813
9 0.094531 0.344531 0.001563 0.098437
2 0.081250 0.291406 0.015625 0.045312
9 0.033594 0.374219 0.001563 0.045312
2 0.020313 0.347656 0.015625 0.045312
15 0.164844 0.439844 0.048438 0.039062
0 0.809375 0.535937 0.021875 0.018750
0 0.748437 0.592187 0.021875 0.018750
0 0.685937 0.535937 0.021875 0.018750
0 0.625000 0.592187 0.021875 0.018750
0 0.562500 0.535937 0.021875 0.018750
0 0.501563 0.592187 0.021875 0.018750
0 0.439063 0.535937 0.021875 0.018750
0 0.378125 0.592187 0.021875 0.018750
0 0.315625 0.535937 0.021875 0.018750
0 0.254688 0.592187 0.021875 0.018750
0 0.167187 0.535937 0.021875 0.018750
0 0.167187 0.520312 0.021875 0.018750
0 0.043750 0.512500 0.021875 0.018750
0 0.043750 0.528125 0.021875 0.018750
0 0.767188 0.381250 0.021875 0.018750
0 0.748437 0.364063 0.021875 0.018750
0 0.748437 0.389062 0.021875 0.018750
0 0.748437 0.404687 0.021875 0.018750
0 0.643750 0.381250 0.021875 0.018750
0 0.625000 0.389062 0.021875 0.018750
0 0.625000 0.404687 0.021875 0.018750
0 0.625000 0.421875 0.021875 0.018750
0 0.501563 0.389062 0.021875 0.018750
0 0.378125 0.396875 0.021875 0.018750
0 0.167187 0.284375 0.021875 0.018750
0 0.167187 0.340625 0.021875 0.018750
0 0.104688 0.292187 0.021875 0.018750
0 0.043750 0.348438 0.021875 0.018750
