10 0.054688 0.611719 0.109375 0.020313
9 0.860938 0.457031 0.003125 0.251563
15 0.763281 0.567187 0.017188 0.053125
9 0.755469 0.568750 0.001563 0.053125
9 0.578906 0.567187 0.001563 0.053125
15 0.463281 0.567187 0.017188 0.053125
9 0.455469 0.568750 0.001563 0.053125
9 0.278906 0.567187 0.001563 0.053125
9 0.189844 0.514062 0.001563 0.050000
9 0.108594 0.597656 0.001563 0.042188
9 0.066406 0.514062 0.001563 0.050000
15 0.746094 0.395313 0.020313 0.053125
9 0.736719 0.381250 0.001563 0.075000
9 0.560156 0.379688 0.001563 0.071875
2 0.531250 0.339844 0.015625 0.045312
15 0.444531 0.395313 0.020313 0.053125
9 0.435156 0.372656 0.001563 0.092188
9 0.258594 0.370312 0.001563 0.087500
4 0.232031 0.348438 0.010937 0.043750
15 0.135156 0.382812 0.017188 0.053125
9 0.127344 0.390625 0.001563 0.068750
15 0.267969 0.457031 0.029687 0.026562
13 0.200000 0.356250 0.031250 0.037500
0 0.746875 0.598437 0.021875 0.018750
0 0.570312 0.598437 0.021875 0.018750
0 0.445312 0.598437 0.021875 0.018750
0 0.268750 0.598437 0.021875 0.018750
0 0.181250 0.540625 0.021875 0.018750
0 0.118750 0.573438 0.021875 0.018750
0 0.056250 0.540625 0.021875 0.018750
0 0.746875 0.340625 0.021875 0.018750
0 0.746875 0.356250 0.021875 0.018750
0 0.726562 0.364063 0.021875 0.018750
0 0.570312 0.340625 0.021875 0.018750
0 0.570312 0.356250 0.021875 0.018750
0 0.550000 0.364063 0.021875 0.018750
0 0.445312 0.325000 0.021875 0.018750
0 0.445312 0.348438 0.021875 0.018750
0 0.445312 0.364063 0.021875 0.018750
0 0.426563 0.332813 0.021875 0.018750
0 0.268750 0.325000 0.021875 0.018750
0 0.268750 0.348438 0.021875 0.018750
0 0.268750 0.364063 0.021875 0.018750
0 0.250000 0.332813 0.021875 0.018750
0 0.118750 0.412500 0.021875 0.018750
0 0.118750 0.429688 0.021875 0.018750
