10 0.914062 0.485156 0.171875 0.007812
10 0.587500 0.485156 0.237500 0.007812
10 0.228125 0.485156 0.237500 0.007812
10 0.745313 0.503906 0.509375 0.020313
10 0.199219 0.503906 0.398438 0.020313
14 0.783594 0.567969 0.042188 0.010937
14 0.444531 0.492188 0.079687 0.043750
14 0.176563 0.464062 0.134375 0.018750
14 0.064844 0.567969 0.042188 0.010937
9 0.961719 0.507812 0.001563 0.053125
9 0.911719 0.534375 0.001563 0.081250
9 0.850781 0.534375 0.001563 0.081250
9 0.828906 0.524219 0.001563 0.085938
9 0.757031 0.534375 0.001563 0.081250
8 0.705469 0.469531 0.004687 0.004687
9 0.705469 0.524219 0.001563 0.085938
9 0.653906 0.534375 0.001563 0.081250
9 0.602344 0.507812 0.001563 0.053125
9 0.552344 0.534375 0.001563 0.081250
9 0.491406 0.534375 0.001563 0.081250
9 0.469531 0.524219 0.001563 0.085938
4 0.436719 0.568750 0.010937 0.043750
4 0.439844 0.529687 0.010937 0.043750
9 0.397656 0.534375 0.001563 0.081250
8 0.346094 0.469531 0.004687 0.004687
9 0.346094 0.524219 0.001563 0.085938
9 0.294531 0.534375 0.001563 0.081250
9 0.242969 0.507812 0.001563 0.053125
9 0.192969 0.534375 0.001563 0.081250
9 0.132031 0.534375 0.001563 0.081250
9 0.110156 0.524219 0.001563 0.085938
9 0.038281 0.534375 0.001563 0.081250
0 0.953125 0.537500 0.021875 0.018750
0 0.901563 0.578125 0.021875 0.018750
0 0.842187 0.578125 0.021875 0.018750
0 0.820312 0.529687 0.021875 0.018750
0 0.820312 0.554688 0.021875 0.018750
0 0.820312 0.570312 0.021875 0.018750
0 0.746875 0.578125 0.021875 0.018750
0 0.695312 0.529687 0.021875 0.018750
0 0.695312 0.554688 0.021875 0.018750
0 0.695312 0.570312 0.021875 0.018750
0 0.645312 0.578125 0.021875 0.018750
0 0.593750 0.537500 0.021875 0.018750
0 0.542188 0.578125 0.021875 0.018750
0 0.482812 0.578125 0.021875 0.018750
0 0.460938 0.529687 0.021875 0.018750
0 0.460938 0.554688 0.021875 0.018750
0 0.460938 0.570312 0.021875 0.018750
0 0.387500 0.578125 0.021875 0.018750
0 0.335938 0.529687 0.021875 0.018750
0 0.335938 0.554688 0.021875 0.018750
0 0.335938 0.570312 0.021875 0.018750
0 0.285938 0.578125 0.021875 0.018750
0 0.234375 0.537500 0.021875 0.018750
0 0.182812 0.578125 0.021875 0.018750
0 0.123438 0.578125 0.021875 0.018750
0 0.101562 0.529687 0.021875 0.018750
0 0.101562 0.554688 0.021875 0.018750
0 0.101562 0.570312 0.021875 0.018750
0 0.028125 0.578125 0.021875 0.018750
