10 0.699219 0.360156 0.123438 0.007812
10 0.275000 0.318750 0.243750 0.012500
10 0.679688 0.478906 0.243750 0.020313
10 0.315625 0.455469 0.243750 0.020313
10 0.037500 0.447656 0.075000 0.020313
14 0.688281 0.532813 0.326562 0.053125
14 0.092188 0.345313 0.106250 0.012500
9 0.860938 0.464062 0.003125 0.265625
12 0.746875 0.614062 0.015625 0.028125
12 0.626563 0.614062 0.015625 0.028125
15 0.507031 0.642188 0.020313 0.053125
9 0.497656 0.639844 0.001563 0.051562
15 0.507812 0.501563 0.021875 0.015625
9 0.516406 0.543750 0.001563 0.050000
12 0.384375 0.565625 0.015625 0.028125
12 0.262500 0.565625 0.015625 0.028125
15 0.161719 0.525000 0.017188 0.053125
9 0.153906 0.553125 0.001563 0.109375
12 0.020313 0.565625 0.015625 0.028125
9 0.800781 0.456250 0.001563 0.065625
9 0.739844 0.452344 0.001563 0.073438
9 0.758594 0.382812 0.001563 0.053125
9 0.678906 0.456250 0.001563 0.065625
9 0.619531 0.452344 0.001563 0.073438
9 0.638281 0.382812 0.001563 0.053125
9 0.558594 0.456250 0.001563 0.065625
4 0.528906 0.435937 0.010937 0.043750
3 0.546094 0.412500 0.014063 0.040625
12 0.504687 0.367188 0.015625 0.028125
9 0.436719 0.432812 0.001563 0.065625
9 0.377344 0.420312 0.001563 0.090625
9 0.396094 0.345313 0.001563 0.050000
9 0.316406 0.432812 0.001563 0.065625
9 0.255469 0.423438 0.001563 0.081250
9 0.274219 0.346875 0.001563 0.059375
2 0.242188 0.380469 0.015625 0.045312
9 0.194531 0.432812 0.001563 0.065625
9 0.153906 0.338281 0.001563 0.045312
9 0.074219 0.425000 0.001563 0.065625
9 0.013281 0.412500 0.001563 0.090625
9 0.033594 0.336719 0.001563 0.048438
3 0.003906 0.356250 0.007812 0.040625
0 0.507812 0.610938 0.021875 0.018750
0 0.507812 0.571875 0.021875 0.018750
0 0.145313 0.610938 0.021875 0.018750
0 0.145313 0.554688 0.021875 0.018750
0 0.810937 0.421875 0.021875 0.018750
0 0.810937 0.437500 0.021875 0.018750
0 0.750000 0.412500 0.021875 0.018750
0 0.750000 0.412500 0.021875 0.018750
0 0.689063 0.421875 0.021875 0.018750
0 0.689063 0.437500 0.021875 0.018750
0 0.629687 0.412500 0.021875 0.018750
0 0.629687 0.412500 0.021875 0.018750
0 0.568750 0.421875 0.021875 0.018750
0 0.568750 0.437500 0.021875 0.018750
0 0.446875 0.396875 0.021875 0.018750
0 0.446875 0.412500 0.021875 0.018750
0 0.387500 0.373437 0.021875 0.018750
0 0.387500 0.373437 0.021875 0.018750
0 0.326562 0.396875 0.021875 0.018750
0 0.326562 0.412500 0.021875 0.018750
0 0.265625 0.381250 0.021875 0.018750
0 0.265625 0.381250 0.021875 0.018750
0 0.204687 0.396875 0.021875 0.018750
0 0.204687 0.412500 0.021875 0.018750
0 0.145313 0.364063 0.021875 0.018750
0 0.084375 0.389062 0.021875 0.018750
0 0.084375 0.404687 0.021875 0.018750
0 0.023438 0.364063 0.021875 0.018750
0 0.023438 0.364063 0.021875 0.018750
