9 0.927344 0.026562 0.001563 0.053125
9 0.744531 0.026562 0.001563 0.053125
9 0.560156 0.026562 0.001563 0.053125
9 0.444531 0.018750 0.001563 0.037500
4 0.414844 0.039062 0.010937 0.043750
2 0.295312 0.032031 0.015625 0.045312
4 0.217969 0.018750 0.010937 0.037500
2 0.018750 0.014844 0.015625 0.029687
0 0.918750 0.004687 0.021875 0.009375
0 0.918750 0.056250 0.021875 0.018750
0 0.735938 0.056250 0.021875 0.018750
0 0.735938 0.004687 0.021875 0.009375
0 0.550000 0.056250 0.021875 0.018750
0 0.550000 0.004687 0.021875 0.009375
0 0.434375 0.040625 0.021875 0.018750
0 0.382812 0.023438 0.021875 0.018750
0 0.318750 0.032813 0.021875 0.018750
0 0.239063 0.015625 0.021875 0.018750
0 0.185938 0.023438 0.021875 0.018750
0 0.121875 0.004687 0.021875 0.009375
0 0.042188 0.008594 0.021875 0.017188
