10 0.493750 0.463281 0.587500 0.020313
10 0.618750 0.586719 0.234375 0.007812
10 0.262500 0.503125 0.234375 0.028125
14 0.455469 0.405469 0.042188 0.010937
14 0.456250 0.417969 0.043750 0.010937
14 0.465625 0.433594 0.062500 0.010937
14 0.333594 0.327344 0.360938 0.035937
9 0.860938 0.453125 0.003125 0.243750
9 0.733594 0.564063 0.001563 0.053125
9 0.628906 0.558594 0.001563 0.060937
9 0.502344 0.564063 0.001563 0.053125
9 0.377344 0.516406 0.001563 0.045312
4 0.347656 0.542188 0.010937 0.043750
9 0.272656 0.529687 0.001563 0.053125
9 0.146094 0.550781 0.001563 0.073438
9 0.019531 0.539062 0.001563 0.050000
9 0.786719 0.440625 0.001563 0.065625
15 0.761719 0.365625 0.017188 0.053125
9 0.753906 0.367188 0.001563 0.053125
9 0.682031 0.440625 0.001563 0.065625
12 0.635938 0.351562 0.015625 0.028125
9 0.577344 0.440625 0.001563 0.065625
9 0.502344 0.436719 0.001563 0.073438
15 0.530469 0.350000 0.017188 0.053125
9 0.522656 0.351562 0.001563 0.053125
2 0.473438 0.380469 0.015625 0.045312
9 0.410156 0.436719 0.001563 0.073438
9 0.305469 0.436719 0.001563 0.073438
9 0.200781 0.436719 0.001563 0.073438
4 0.172656 0.404687 0.010937 0.043750
9 0.146094 0.345313 0.001563 0.050000
9 0.052344 0.440625 0.001563 0.050000
9 0.019531 0.364844 0.001563 0.057813
15 0.135156 0.257031 0.048438 0.039062
0 0.743750 0.534375 0.021875 0.018750
0 0.639062 0.526563 0.021875 0.018750
0 0.512500 0.534375 0.021875 0.018750
0 0.368750 0.542188 0.021875 0.018750
0 0.262500 0.557813 0.021875 0.018750
0 0.135937 0.590625 0.021875 0.018750
0 0.010156 0.567187 0.020313 0.018750
0 0.796875 0.404687 0.021875 0.018750
0 0.796875 0.421875 0.021875 0.018750
0 0.743750 0.396875 0.021875 0.018750
0 0.692187 0.404687 0.021875 0.018750
0 0.692187 0.421875 0.021875 0.018750
0 0.587500 0.404687 0.021875 0.018750
0 0.587500 0.421875 0.021875 0.018750
0 0.512500 0.396875 0.021875 0.018750
0 0.512500 0.421875 0.021875 0.018750
0 0.493750 0.404687 0.021875 0.018750
0 0.512500 0.381250 0.021875 0.018750
0 0.420312 0.396875 0.021875 0.018750
0 0.420312 0.421875 0.021875 0.018750
0 0.401562 0.404687 0.021875 0.018750
0 0.315625 0.396875 0.021875 0.018750
0 0.315625 0.421875 0.021875 0.018750
0 0.296875 0.404687 0.021875 0.018750
0 0.210938 0.396875 0.021875 0.018750
0 0.210938 0.421875 0.021875 0.018750
0 0.190625 0.404687 0.021875 0.018750
0 0.135937 0.373437 0.021875 0.018750
0 0.062500 0.412500 0.021875 0.018750
0 0.010156 0.396875 0.020313 0.018750
