13 0.282031 0.533594 0.045312 0.057813
7 0.281250 0.366406 0.043750 0.114062
10 0.828906 0.319531 0.229687 0.007812
10 0.475781 0.344531 0.232813 0.007812
10 0.693750 0.455469 0.562500 0.020313
10 0.828906 0.510938 0.229687 0.028125
10 0.475781 0.507031 0.232813 0.035937
14 0.553125 0.284375 0.281250 0.025000
14 0.660156 0.428906 0.057813 0.010937
14 0.650781 0.299219 0.582812 0.057813
9 0.248438 0.451562 0.003125 0.240625
9 0.941406 0.521875 0.001563 0.040625
9 0.839844 0.535156 0.001563 0.048438
9 0.714844 0.548438 0.001563 0.053125
2 0.681250 0.578906 0.015625 0.045312
9 0.589844 0.518750 0.001563 0.050000
9 0.486719 0.532813 0.001563 0.053125
9 0.360156 0.568750 0.001563 0.093750
9 0.974219 0.432812 0.001563 0.065625
9 0.941406 0.342187 0.001563 0.053125
9 0.871094 0.432812 0.001563 0.065625
9 0.839844 0.346094 0.001563 0.060937
2 0.806250 0.380469 0.015625 0.045312
9 0.767969 0.432812 0.001563 0.065625
3 0.755469 0.389062 0.014063 0.040625
9 0.694531 0.440625 0.001563 0.050000
9 0.714844 0.342187 0.001563 0.053125
9 0.622656 0.440625 0.001563 0.050000
9 0.589844 0.367188 0.001563 0.053125
9 0.519531 0.440625 0.001563 0.050000
9 0.486719 0.371094 0.001563 0.060937
2 0.454688 0.403906 0.015625 0.045312
9 0.413281 0.440625 0.001563 0.050000
9 0.360156 0.367188 0.001563 0.053125
0 0.932813 0.546875 0.021875 0.018750
0 0.829688 0.562500 0.021875 0.018750
0 0.704688 0.578125 0.021875 0.018750
0 0.581250 0.546875 0.021875 0.018750
0 0.478125 0.562500 0.021875 0.018750
0 0.351562 0.618750 0.021875 0.018750
0 0.984375 0.396875 0.021875 0.018750
0 0.984375 0.412500 0.021875 0.018750
0 0.932813 0.373437 0.021875 0.018750
0 0.881250 0.396875 0.021875 0.018750
0 0.881250 0.412500 0.021875 0.018750
0 0.829688 0.381250 0.021875 0.018750
0 0.778125 0.396875 0.021875 0.018750
0 0.778125 0.412500 0.021875 0.018750
0 0.704688 0.412500 0.021875 0.018750
0 0.704688 0.373437 0.021875 0.018750
0 0.632812 0.412500 0.021875 0.018750
0 0.581250 0.396875 0.021875 0.018750
0 0.529687 0.412500 0.021875 0.018750
0 0.478125 0.404687 0.021875 0.018750
0 0.423438 0.412500 0.021875 0.018750
0 0.351562 0.396875 0.021875 0.018750
