3 0.327344 0.579688 0.014063 0.040625
13 0.282031 0.567969 0.045312 0.057813
3 0.327344 0.356250 0.014063 0.040625
7 0.281250 0.366406 0.043750 0.114062
10 0.931250 0.439063 0.137500 0.028125
10 0.700000 0.409375 0.159375 0.025000
10 0.421875 0.409375 0.103125 0.040625
10 0.941406 0.511719 0.117188 0.007812
10 0.700000 0.657031 0.159375 0.007812
10 0.469531 0.617969 0.198437 0.020313
14 0.699219 0.437500 0.157812 0.021875
14 0.468750 0.437500 0.090625 0.021875
14 0.457813 0.504687 0.050000 0.018750
14 0.457813 0.319531 0.050000 0.017188
9 0.248438 0.467969 0.003125 0.273438
9 0.832812 0.467969 0.003125 0.273438
8 0.979688 0.670312 0.006250 0.018750
9 0.988281 0.575000 0.001563 0.134375
3 0.957031 0.579688 0.014063 0.040625
3 0.957031 0.635938 0.014063 0.040625
8 0.926562 0.639062 0.006250 0.018750
9 0.936719 0.558594 0.001563 0.101562
8 0.873437 0.654687 0.006250 0.018750
9 0.883594 0.567187 0.001563 0.118750
4 0.853906 0.571875 0.010937 0.043750
4 0.853906 0.628125 0.010937 0.043750
8 0.789062 0.512500 0.006250 0.018750
9 0.778906 0.601562 0.001563 0.118750
8 0.735938 0.521875 0.006250 0.018750
9 0.725781 0.608594 0.001563 0.101562
4 0.716406 0.554688 0.010937 0.043750
4 0.716406 0.612500 0.010937 0.043750
8 0.682813 0.496875 0.006250 0.018750
9 0.674219 0.593750 0.001563 0.134375
8 0.631250 0.512500 0.006250 0.018750
9 0.621094 0.601562 0.001563 0.118750
8 0.578125 0.520312 0.006250 0.018750
9 0.567969 0.589063 0.001563 0.078125
2 0.554688 0.547656 0.015625 0.045312
8 0.525000 0.496875 0.006250 0.018750
9 0.514844 0.577344 0.001563 0.101562
4 0.505469 0.579688 0.010937 0.043750
9 0.472656 0.581250 0.001563 0.093750
4 0.463281 0.531250 0.010937 0.043750
9 0.424219 0.577344 0.001563 0.101562
4 0.413281 0.523438 0.010937 0.043750
8 0.381250 0.479687 0.006250 0.018750
9 0.371094 0.568750 0.001563 0.118750
8 0.979688 0.304688 0.006250 0.018750
9 0.969531 0.388281 0.001563 0.107813
8 0.926562 0.304688 0.006250 0.018750
9 0.916406 0.384375 0.001563 0.100000
4 0.907031 0.348438 0.010937 0.043750
8 0.873437 0.289062 0.006250 0.018750
9 0.863281 0.373437 0.001563 0.109375
8 0.789062 0.289062 0.006250 0.018750
9 0.778906 0.367969 0.001563 0.098437
8 0.735938 0.273438 0.006250 0.018750
9 0.725781 0.357812 0.001563 0.109375
8 0.682813 0.273438 0.006250 0.018750
9 0.674219 0.354687 0.001563 0.103125
8 0.631250 0.256250 0.006250 0.018750
9 0.621094 0.342969 0.001563 0.114062
15 0.525000 0.415625 0.021875 0.003125
9 0.535156 0.344531 0.001563 0.098437
4 0.505469 0.356250 0.010937 0.043750
9 0.472656 0.378906 0.001563 0.054688
2 0.459375 0.347656 0.015625 0.045312
9 0.424219 0.379688 0.001563 0.071875
8 0.381250 0.296875 0.006250 0.018750
9 0.371094 0.375781 0.001563 0.098437
0 0.979688 0.587500 0.021875 0.018750
0 0.979688 0.645312 0.021875 0.018750
0 0.926562 0.556250 0.021875 0.018750
0 0.926562 0.612500 0.021875 0.018750
0 0.873437 0.571875 0.021875 0.018750
0 0.873437 0.628125 0.021875 0.018750
0 0.789062 0.539062 0.021875 0.018750
0 0.789062 0.596875 0.021875 0.018750
0 0.735938 0.556250 0.021875 0.018750
0 0.735938 0.612500 0.021875 0.018750
0 0.684375 0.523438 0.021875 0.018750
0 0.684375 0.579688 0.021875 0.018750
0 0.631250 0.539062 0.021875 0.018750
0 0.631250 0.596875 0.021875 0.018750
0 0.578125 0.548438 0.021875 0.018750
0 0.525000 0.523438 0.021875 0.018750
0 0.525000 0.579688 0.021875 0.018750
0 0.482812 0.531250 0.021875 0.018750
0 0.434375 0.523438 0.021875 0.018750
0 0.381250 0.564063 0.021875 0.018750
0 0.381250 0.507812 0.021875 0.018750
0 0.979688 0.332813 0.021875 0.018750
0 0.979688 0.348438 0.021875 0.018750
0 0.979688 0.389062 0.021875 0.018750
0 0.926562 0.332813 0.021875 0.018750
0 0.926562 0.348438 0.021875 0.018750
0 0.926562 0.389062 0.021875 0.018750
0 0.873437 0.315625 0.021875 0.018750
0 0.873437 0.332813 0.021875 0.018750
0 0.873437 0.373437 0.021875 0.018750
0 0.789062 0.315625 0.021875 0.018750
0 0.789062 0.332813 0.021875 0.018750
0 0.789062 0.373437 0.021875 0.018750
0 0.735938 0.300000 0.021875 0.018750
0 0.735938 0.315625 0.021875 0.018750
0 0.735938 0.356250 0.021875 0.018750
0 0.684375 0.300000 0.021875 0.018750
0 0.684375 0.315625 0.021875 0.018750
0 0.684375 0.356250 0.021875 0.018750
0 0.631250 0.284375 0.021875 0.018750
0 0.631250 0.300000 0.021875 0.018750
0 0.631250 0.340625 0.021875 0.018750
0 0.525000 0.340625 0.021875 0.018750
0 0.525000 0.356250 0.021875 0.018750
0 0.525000 0.396875 0.021875 0.018750
0 0.482812 0.348438 0.021875 0.018750
0 0.434375 0.340625 0.021875 0.018750
0 0.381250 0.325000 0.021875 0.018750
0 0.381250 0.340625 0.021875 0.018750
0 0.381250 0.381250 0.021875 0.018750
