3 0.327344 0.604688 0.014063 0.040625
13 0.282031 0.591406 0.045312 0.057813
3 0.327344 0.356250 0.014063 0.040625
7 0.281250 0.366406 0.043750 0.114062
10 0.957031 0.297656 0.085938 0.020313
10 0.788281 0.430469 0.129688 0.020313
10 0.617969 0.430469 0.129688 0.020313
10 0.446094 0.422656 0.132812 0.020313
10 0.946875 0.646094 0.106250 0.020313
10 0.788281 0.622656 0.129688 0.020313
10 0.617969 0.655469 0.129688 0.020313
10 0.446094 0.635156 0.132812 0.020313
9 0.248438 0.480469 0.003125 0.298438
8 0.989062 0.545312 0.006250 0.018750
9 0.980469 0.615625 0.001563 0.081250
8 0.946875 0.520312 0.006250 0.018750
9 0.936719 0.603125 0.001563 0.106250
8 0.904687 0.545312 0.006250 0.018750
9 0.894531 0.615625 0.001563 0.081250
4 0.885156 0.604688 0.010937 0.043750
8 0.862500 0.546875 0.006250 0.018750
9 0.852344 0.607812 0.001563 0.050000
8 0.818750 0.537500 0.006250 0.018750
9 0.810156 0.600000 0.001563 0.065625
8 0.776563 0.520312 0.006250 0.018750
9 0.766406 0.590625 0.001563 0.081250
4 0.757031 0.546875 0.010937 0.043750
8 0.734375 0.546875 0.006250 0.018750
9 0.724219 0.607812 0.001563 0.050000
8 0.692187 0.546875 0.006250 0.018750
9 0.682031 0.640625 0.001563 0.050000
8 0.648438 0.529687 0.006250 0.018750
9 0.639844 0.612500 0.001563 0.106250
8 0.606250 0.512500 0.006250 0.018750
9 0.596094 0.603125 0.001563 0.121875
8 0.564063 0.529687 0.006250 0.018750
9 0.553906 0.612500 0.001563 0.106250
8 0.521875 0.546875 0.006250 0.018750
9 0.511719 0.617188 0.001563 0.053125
8 0.478125 0.529687 0.006250 0.018750
9 0.469531 0.602344 0.001563 0.085938
8 0.435937 0.504687 0.006250 0.018750
9 0.425781 0.589063 0.001563 0.109375
3 0.413281 0.523438 0.014063 0.040625
8 0.390625 0.546875 0.006250 0.018750
9 0.380469 0.617188 0.001563 0.053125
3 0.367969 0.579688 0.014063 0.040625
8 0.989062 0.414062 0.006250 0.018750
9 0.999219 0.332031 0.001563 0.089063
8 0.946875 0.414062 0.006250 0.018750
9 0.957031 0.320312 0.001563 0.065625
8 0.904687 0.423438 0.006250 0.018750
9 0.914844 0.340625 0.001563 0.106250
4 0.885156 0.339062 0.010937 0.043750
4 0.885156 0.396875 0.010937 0.043750
8 0.862500 0.304688 0.006250 0.018750
9 0.852344 0.387500 0.001563 0.106250
8 0.818750 0.314063 0.006250 0.018750
9 0.810156 0.407813 0.001563 0.065625
8 0.776563 0.314063 0.006250 0.018750
9 0.766406 0.400000 0.001563 0.081250
4 0.757031 0.356250 0.010937 0.043750
8 0.734375 0.304688 0.006250 0.018750
9 0.724219 0.387500 0.001563 0.106250
8 0.692187 0.304688 0.006250 0.018750
9 0.682031 0.387500 0.001563 0.106250
8 0.648438 0.314063 0.006250 0.018750
9 0.639844 0.403906 0.001563 0.073438
8 0.606250 0.314063 0.006250 0.018750
9 0.596094 0.396875 0.001563 0.090625
8 0.564063 0.304688 0.006250 0.018750
9 0.553906 0.387500 0.001563 0.106250
8 0.521875 0.296875 0.006250 0.018750
9 0.511719 0.379688 0.001563 0.106250
8 0.478125 0.314063 0.006250 0.018750
9 0.469531 0.400000 0.001563 0.065625
8 0.435937 0.312500 0.006250 0.018750
9 0.425781 0.389062 0.001563 0.090625
3 0.413281 0.331250 0.014063 0.040625
8 0.390625 0.296875 0.006250 0.018750
9 0.380469 0.379688 0.001563 0.106250
15 0.388281 0.471094 0.048438 0.039062
0 0.989844 0.571875 0.020313 0.018750
0 0.946875 0.548438 0.021875 0.018750
0 0.904687 0.571875 0.021875 0.018750
0 0.904687 0.604688 0.021875 0.018750
0 0.862500 0.579688 0.021875 0.018750
0 0.820312 0.564063 0.021875 0.018750
0 0.776563 0.548438 0.021875 0.018750
0 0.734375 0.579688 0.021875 0.018750
0 0.692187 0.612500 0.021875 0.018750
0 0.650000 0.556250 0.021875 0.018750
0 0.606250 0.540625 0.021875 0.018750
0 0.564063 0.556250 0.021875 0.018750
0 0.564063 0.612500 0.021875 0.018750
0 0.521875 0.589063 0.021875 0.018750
0 0.479687 0.556250 0.021875 0.018750
0 0.435937 0.531250 0.021875 0.018750
0 0.390625 0.589063 0.021875 0.018750
0 0.989844 0.381250 0.020313 0.018750
0 0.946875 0.356250 0.021875 0.018750
0 0.904687 0.340625 0.021875 0.018750
0 0.904687 0.396875 0.021875 0.018750
0 0.862500 0.332813 0.021875 0.018750
0 0.862500 0.389062 0.021875 0.018750
0 0.820312 0.373437 0.021875 0.018750
0 0.776563 0.356250 0.021875 0.018750
0 0.734375 0.332813 0.021875 0.018750
0 0.734375 0.389062 0.021875 0.018750
0 0.692187 0.332813 0.021875 0.018750
0 0.692187 0.389062 0.021875 0.018750
0 0.650000 0.364063 0.021875 0.018750
0 0.606250 0.348438 0.021875 0.018750
0 0.564063 0.332813 0.021875 0.018750
0 0.564063 0.389062 0.021875 0.018750
0 0.521875 0.325000 0.021875 0.018750
0 0.521875 0.381250 0.021875 0.018750
0 0.479687 0.364063 0.021875 0.018750
0 0.435937 0.340625 0.021875 0.018750
0 0.390625 0.325000 0.021875 0.018750
0 0.390625 0.364063 0.021875 0.018750
0 0.390625 0.381250 0.021875 0.018750
