10 0.873437 0.303125 0.146875 0.040625
10 0.660937 0.425000 0.146875 0.040625
10 0.464062 0.381250 0.153125 0.040625
10 0.112500 0.303125 0.146875 0.040625
10 0.247656 0.450000 0.070312 0.025000
10 0.890625 0.660156 0.218750 0.007812
10 0.536719 0.629687 0.298438 0.028125
10 0.267969 0.523438 0.070312 0.025000
10 0.093750 0.651563 0.146875 0.040625
14 0.092969 0.437500 0.145313 0.021875
14 0.267969 0.506250 0.070312 0.025000
14 0.102344 0.549219 0.145313 0.035937
14 0.992188 0.349219 0.015625 0.054688
14 0.907813 0.417187 0.056250 0.065625
14 0.815625 0.386719 0.050000 0.057813
14 0.718750 0.341406 0.050000 0.057813
14 0.621875 0.325781 0.050000 0.057813
14 0.525000 0.300781 0.050000 0.054688
14 0.425781 0.285156 0.054688 0.057813
14 0.249219 0.465625 0.070312 0.025000
14 0.103125 0.407031 0.146875 0.045312
9 0.351562 0.478125 0.003125 0.293750
8 0.985156 0.538281 0.004687 0.004687
9 0.975781 0.613281 0.001563 0.101562
8 0.888281 0.566406 0.004687 0.004687
9 0.878906 0.625000 0.001563 0.078125
8 0.791406 0.538281 0.004687 0.004687
9 0.782031 0.613281 0.001563 0.101562
2 0.768750 0.599219 0.015625 0.045312
8 0.694531 0.538281 0.004687 0.004687
9 0.685156 0.601562 0.001563 0.078125
8 0.597656 0.514844 0.004687 0.004687
9 0.588281 0.585156 0.001563 0.095312
2 0.575000 0.574219 0.015625 0.045312
8 0.500781 0.497656 0.004687 0.004687
9 0.491406 0.574219 0.001563 0.104688
2 0.478125 0.517969 0.015625 0.045312
8 0.397656 0.482031 0.004687 0.004687
9 0.388281 0.561719 0.001563 0.114062
9 0.302344 0.556250 0.001563 0.050000
15 0.223438 0.668750 0.021875 0.003125
9 0.213281 0.639844 0.001563 0.042188
9 0.233594 0.535156 0.001563 0.042188
9 0.164844 0.617188 0.001563 0.062500
9 0.116406 0.612500 0.001563 0.084375
2 0.103125 0.566406 0.015625 0.045312
9 0.067969 0.623437 0.001563 0.075000
4 0.058594 0.582812 0.010937 0.043750
9 0.021094 0.615625 0.001563 0.106250
9 0.975781 0.396875 0.001563 0.106250
9 0.946094 0.358594 0.001563 0.101562
2 0.914062 0.413281 0.015625 0.045312
9 0.897656 0.327344 0.001563 0.051562
2 0.865625 0.355469 0.015625 0.045312
9 0.849219 0.343750 0.001563 0.100000
9 0.800781 0.312500 0.001563 0.050000
9 0.733594 0.417187 0.001563 0.050000
2 0.720313 0.388281 0.015625 0.045312
9 0.685156 0.384375 0.001563 0.100000
9 0.636719 0.401562 0.001563 0.053125
9 0.588281 0.369531 0.001563 0.101562
9 0.539844 0.374219 0.001563 0.045312
9 0.491406 0.342969 0.001563 0.095312
9 0.442969 0.358594 0.001563 0.048438
2 0.429688 0.332031 0.015625 0.045312
9 0.388281 0.327344 0.001563 0.098437
2 0.375000 0.275781 0.015625 0.045312
9 0.282031 0.436719 0.001563 0.042188
2 0.268750 0.413281 0.015625 0.045312
9 0.213281 0.407813 0.001563 0.065625
15 0.223438 0.310937 0.021875 0.003125
9 0.233594 0.345313 0.001563 0.050000
9 0.185156 0.350781 0.001563 0.085938
9 0.136719 0.339844 0.001563 0.076563
2 0.103125 0.380469 0.015625 0.045312
9 0.088281 0.343750 0.001563 0.100000
9 0.039844 0.320312 0.001563 0.065625
2 0.007812 0.355469 0.015625 0.045312
15 0.397656 0.453906 0.029687 0.026562
0 0.985938 0.559375 0.021875 0.018750
0 0.985938 0.600000 0.021875 0.018750
0 0.889062 0.582812 0.021875 0.018750
0 0.889062 0.615625 0.021875 0.018750
0 0.792188 0.559375 0.021875 0.018750
0 0.792188 0.600000 0.021875 0.018750
0 0.695312 0.559375 0.021875 0.018750
0 0.695312 0.592187 0.021875 0.018750
0 0.598437 0.534375 0.021875 0.018750
0 0.598437 0.575000 0.021875 0.018750
0 0.501563 0.518750 0.021875 0.018750
0 0.501563 0.559375 0.021875 0.018750
0 0.398438 0.503125 0.021875 0.018750
0 0.398438 0.534375 0.021875 0.018750
0 0.292187 0.582812 0.021875 0.018750
0 0.223438 0.615625 0.021875 0.018750
0 0.223438 0.559375 0.021875 0.018750
0 0.175000 0.582812 0.021875 0.018750
0 0.126562 0.567187 0.021875 0.018750
0 0.078125 0.582812 0.021875 0.018750
0 0.031250 0.559375 0.021875 0.018750
0 0.031250 0.615625 0.021875 0.018750
0 0.985938 0.340625 0.021875 0.018750
0 0.937500 0.412500 0.021875 0.018750
0 0.889062 0.356250 0.021875 0.018750
0 0.840625 0.396875 0.021875 0.018750
0 0.792188 0.340625 0.021875 0.018750
0 0.743750 0.389062 0.021875 0.018750
0 0.695312 0.332813 0.021875 0.018750
0 0.646875 0.373437 0.021875 0.018750
0 0.598437 0.315625 0.021875 0.018750
0 0.550000 0.348438 0.021875 0.018750
0 0.501563 0.292187 0.021875 0.018750
0 0.453125 0.332813 0.021875 0.018750
0 0.398438 0.276562 0.021875 0.018750
0 0.292187 0.412500 0.021875 0.018750
0 0.223438 0.373437 0.021875 0.018750
0 0.223438 0.373437 0.021875 0.018750
0 0.175000 0.396875 0.021875 0.018750
0 0.126562 0.381250 0.021875 0.018750
0 0.078125 0.396875 0.021875 0.018750
0 0.031250 0.340625 0.021875 0.018750
0 0.031250 0.356250 0.021875 0.018750
