15 0.009375 0.357812 0.018750 0.025000
14 0.044531 0.356250 0.035937 0.012500
10 0.764844 0.411719 0.117188 0.045312
10 0.564063 0.429688 0.131250 0.025000
10 0.388281 0.411719 0.117188 0.045312
10 0.226562 0.373437 0.131250 0.025000
10 0.028906 0.261719 0.057813 0.045312
10 0.764844 0.652344 0.117188 0.045312
10 0.584375 0.552344 0.131250 0.020313
10 0.407031 0.529687 0.117188 0.040625
10 0.226562 0.654687 0.131250 0.025000
9 0.860938 0.477344 0.003125 0.292187
9 0.117188 0.477344 0.003125 0.292187
8 0.832812 0.539062 0.006250 0.018750
9 0.822656 0.620313 0.001563 0.103125
8 0.793750 0.514062 0.006250 0.018750
9 0.783594 0.604688 0.001563 0.118750
8 0.756250 0.506250 0.006250 0.018750
9 0.746094 0.595313 0.001563 0.118750
8 0.717187 0.498437 0.006250 0.018750
9 0.707031 0.587500 0.001563 0.118750
8 0.639062 0.689063 0.006250 0.018750
9 0.647656 0.601562 0.001563 0.118750
8 0.600000 0.681250 0.006250 0.018750
9 0.610156 0.596875 0.001563 0.109375
3 0.577344 0.646875 0.014063 0.040625
8 0.548438 0.689063 0.006250 0.018750
9 0.557031 0.601562 0.001563 0.118750
8 0.509375 0.696875 0.006250 0.018750
9 0.519531 0.605469 0.001563 0.126562
2 0.485938 0.671094 0.015625 0.045312
8 0.454688 0.689063 0.006250 0.018750
9 0.464844 0.596094 0.001563 0.126562
8 0.417187 0.665625 0.006250 0.018750
9 0.425781 0.581250 0.001563 0.109375
8 0.378125 0.656250 0.006250 0.018750
9 0.388281 0.574219 0.001563 0.107813
8 0.340625 0.648438 0.006250 0.018750
9 0.349219 0.565625 0.001563 0.106250
8 0.301563 0.523438 0.006250 0.018750
9 0.291406 0.606250 0.001563 0.106250
8 0.264062 0.514062 0.006250 0.018750
9 0.253906 0.603125 0.001563 0.115625
3 0.241406 0.532813 0.014063 0.040625
3 0.241406 0.590625 0.014063 0.040625
8 0.210938 0.523438 0.006250 0.018750
9 0.200781 0.607812 0.001563 0.109375
8 0.171875 0.531250 0.006250 0.018750
9 0.161719 0.611719 0.001563 0.101562
2 0.148438 0.557031 0.015625 0.045312
2 0.148438 0.614844 0.015625 0.045312
9 0.057031 0.539844 0.001563 0.335938
13 0.676562 0.581250 0.031250 0.037500
7 0.093750 0.598437 0.028125 0.075000
8 0.832812 0.296875 0.006250 0.018750
9 0.822656 0.378125 0.001563 0.103125
8 0.793750 0.273438 0.006250 0.018750
9 0.783594 0.362500 0.001563 0.118750
8 0.756250 0.264062 0.006250 0.018750
9 0.746094 0.354687 0.001563 0.118750
8 0.717187 0.256250 0.006250 0.018750
9 0.707031 0.345313 0.001563 0.118750
8 0.639062 0.296875 0.006250 0.018750
9 0.628906 0.379688 0.001563 0.106250
8 0.600000 0.289062 0.006250 0.018750
9 0.589844 0.376563 0.001563 0.115625
3 0.577344 0.364063 0.014063 0.040625
8 0.548438 0.296875 0.006250 0.018750
9 0.538281 0.381250 0.001563 0.109375
8 0.509375 0.304688 0.006250 0.018750
9 0.499219 0.385156 0.001563 0.101562
2 0.485938 0.388281 0.015625 0.045312
8 0.454688 0.296875 0.006250 0.018750
9 0.446094 0.378125 0.001563 0.103125
8 0.417187 0.273438 0.006250 0.018750
9 0.407031 0.362500 0.001563 0.118750
8 0.378125 0.264062 0.006250 0.018750
9 0.367969 0.354687 0.001563 0.118750
8 0.340625 0.256250 0.006250 0.018750
9 0.330469 0.345313 0.001563 0.118750
8 0.301563 0.240625 0.006250 0.018750
9 0.291406 0.323437 0.001563 0.106250
8 0.264062 0.232813 0.006250 0.018750
9 0.253906 0.320312 0.001563 0.115625
3 0.241406 0.251563 0.014063 0.040625
3 0.241406 0.307812 0.014063 0.040625
8 0.210938 0.240625 0.006250 0.018750
9 0.200781 0.325000 0.001563 0.109375
8 0.171875 0.248438 0.006250 0.018750
9 0.161719 0.328906 0.001563 0.101562
2 0.148438 0.275781 0.015625 0.045312
2 0.148438 0.332031 0.015625 0.045312
9 0.057031 0.307031 0.001563 0.129688
9 0.014844 0.306250 0.001563 0.112500
15 0.171094 0.439844 0.064062 0.039062
7 0.093750 0.371875 0.028125 0.075000
0 0.832812 0.565625 0.021875 0.018750
0 0.832812 0.623437 0.021875 0.018750
0 0.793750 0.542188 0.021875 0.018750
0 0.793750 0.598437 0.021875 0.018750
0 0.756250 0.534375 0.021875 0.018750
0 0.756250 0.590625 0.021875 0.018750
0 0.717187 0.526563 0.021875 0.018750
0 0.717187 0.582812 0.021875 0.018750
0 0.639062 0.606250 0.021875 0.018750
0 0.639062 0.662500 0.021875 0.018750
0 0.600000 0.598437 0.021875 0.018750
0 0.600000 0.654687 0.021875 0.018750
0 0.548438 0.606250 0.021875 0.018750
0 0.548438 0.662500 0.021875 0.018750
0 0.509375 0.614062 0.021875 0.018750
0 0.509375 0.671875 0.021875 0.018750
0 0.456250 0.606250 0.021875 0.018750
0 0.456250 0.662500 0.021875 0.018750
0 0.417187 0.582812 0.021875 0.018750
0 0.417187 0.639062 0.021875 0.018750
0 0.378125 0.575000 0.021875 0.018750
0 0.378125 0.631250 0.021875 0.018750
0 0.340625 0.565625 0.021875 0.018750
0 0.340625 0.623437 0.021875 0.018750
0 0.301563 0.550000 0.021875 0.018750
0 0.301563 0.606250 0.021875 0.018750
0 0.264062 0.542188 0.021875 0.018750
0 0.264062 0.598437 0.021875 0.018750
0 0.210938 0.550000 0.021875 0.018750
0 0.210938 0.606250 0.021875 0.018750
0 0.171875 0.557813 0.021875 0.018750
0 0.171875 0.614062 0.021875 0.018750
0 0.046875 0.654687 0.021875 0.018750
0 0.046875 0.710938 0.021875 0.018750
0 0.832812 0.325000 0.021875 0.018750
0 0.832812 0.381250 0.021875 0.018750
0 0.793750 0.300000 0.021875 0.018750
0 0.793750 0.356250 0.021875 0.018750
0 0.756250 0.292187 0.021875 0.018750
0 0.756250 0.348438 0.021875 0.018750
0 0.717187 0.284375 0.021875 0.018750
0 0.717187 0.340625 0.021875 0.018750
0 0.639062 0.325000 0.021875 0.018750
0 0.639062 0.381250 0.021875 0.018750
0 0.600000 0.315625 0.021875 0.018750
0 0.600000 0.373437 0.021875 0.018750
0 0.548438 0.325000 0.021875 0.018750
0 0.548438 0.381250 0.021875 0.018750
0 0.509375 0.332813 0.021875 0.018750
0 0.509375 0.389062 0.021875 0.018750
0 0.456250 0.325000 0.021875 0.018750
0 0.456250 0.381250 0.021875 0.018750
0 0.417187 0.300000 0.021875 0.018750
0 0.417187 0.356250 0.021875 0.018750
0 0.378125 0.292187 0.021875 0.018750
0 0.378125 0.348438 0.021875 0.018750
0 0.340625 0.284375 0.021875 0.018750
0 0.340625 0.340625 0.021875 0.018750
0 0.301563 0.267188 0.021875 0.018750
0 0.301563 0.325000 0.021875 0.018750
0 0.264062 0.259375 0.021875 0.018750
0 0.264062 0.315625 0.021875 0.018750
0 0.210938 0.267188 0.021875 0.018750
0 0.210938 0.325000 0.021875 0.018750
0 0.171875 0.276562 0.021875 0.018750
0 0.171875 0.332813 0.021875 0.018750
0 0.046875 0.315625 0.021875 0.018750
0 0.046875 0.340625 0.021875 0.018750
0 0.046875 0.356250 0.021875 0.018750
0 0.046875 0.373437 0.021875 0.018750
0 0.008594 0.325000 0.017188 0.018750
0 0.008594 0.348438 0.017188 0.018750
0 0.008594 0.364063 0.017188 0.018750
