10 0.859375 0.254688 0.281250 0.025000
10 0.429688 0.264844 0.318750 0.035937
10 0.070312 0.279687 0.140625 0.025000
10 0.859375 0.474219 0.281250 0.020313
10 0.429688 0.496875 0.318750 0.040625
10 0.070312 0.494531 0.140625 0.035937
14 0.857812 0.303125 0.278125 0.025000
15 0.860938 0.338281 0.015625 0.017188
9 0.850781 0.425000 0.001563 0.118750
4 0.836719 0.403125 0.010937 0.043750
4 0.841406 0.362500 0.010937 0.043750
15 0.729688 0.346094 0.015625 0.017188
9 0.719531 0.429688 0.001563 0.109375
4 0.691406 0.387500 0.010937 0.043750
2 0.706250 0.371094 0.015625 0.045312
2 0.706250 0.427344 0.015625 0.045312
15 0.598437 0.346094 0.015625 0.017188
9 0.588281 0.434375 0.001563 0.118750
15 0.412500 0.346094 0.015625 0.017188
9 0.402344 0.439844 0.001563 0.129688
4 0.363281 0.410938 0.010937 0.043750
4 0.377344 0.395313 0.010937 0.043750
4 0.392969 0.370312 0.010937 0.043750
4 0.392969 0.428125 0.010937 0.043750
15 0.281250 0.378906 0.015625 0.017188
9 0.271094 0.459375 0.001563 0.106250
15 0.150000 0.353906 0.015625 0.017188
9 0.139844 0.437500 0.001563 0.109375
15 0.860938 0.116406 0.015625 0.017188
9 0.850781 0.203906 0.001563 0.117188
4 0.825781 0.157812 0.010937 0.043750
4 0.841406 0.142187 0.010937 0.043750
4 0.841406 0.198437 0.010937 0.043750
15 0.729688 0.125781 0.015625 0.017188
9 0.719531 0.207813 0.001563 0.109375
4 0.691406 0.182812 0.010937 0.043750
2 0.706250 0.166406 0.015625 0.045312
15 0.598437 0.125781 0.015625 0.017188
9 0.588281 0.207813 0.001563 0.109375
15 0.412500 0.125781 0.015625 0.017188
9 0.402344 0.213281 0.001563 0.120313
4 0.363281 0.190625 0.010937 0.043750
4 0.377344 0.165625 0.010937 0.043750
4 0.392969 0.150000 0.010937 0.043750
4 0.392969 0.206250 0.010937 0.043750
15 0.281250 0.149219 0.015625 0.017188
9 0.271094 0.227344 0.001563 0.101562
15 0.150000 0.141406 0.015625 0.017188
9 0.139844 0.225781 0.001563 0.114062
4 0.841406 0.023438 0.010937 0.043750
9 0.739844 0.022656 0.001563 0.045312
4 0.710156 0.046875 0.010937 0.043750
4 0.374219 0.010156 0.010937 0.020313
4 0.388281 0.017969 0.010937 0.035937
0 0.860938 0.364063 0.021875 0.018750
0 0.860938 0.387500 0.021875 0.018750
0 0.860938 0.403125 0.021875 0.018750
0 0.860938 0.420312 0.021875 0.018750
0 0.729688 0.371875 0.021875 0.018750
0 0.729688 0.387500 0.021875 0.018750
0 0.729688 0.412500 0.021875 0.018750
0 0.729688 0.428125 0.021875 0.018750
0 0.598437 0.371875 0.021875 0.018750
0 0.598437 0.395313 0.021875 0.018750
0 0.598437 0.412500 0.021875 0.018750
0 0.598437 0.428125 0.021875 0.018750
0 0.412500 0.371875 0.021875 0.018750
0 0.412500 0.395313 0.021875 0.018750
0 0.412500 0.412500 0.021875 0.018750
0 0.412500 0.428125 0.021875 0.018750
0 0.281250 0.403125 0.021875 0.018750
0 0.281250 0.420312 0.021875 0.018750
0 0.281250 0.435937 0.021875 0.018750
0 0.281250 0.460938 0.021875 0.018750
0 0.150000 0.379688 0.021875 0.018750
0 0.150000 0.395313 0.021875 0.018750
0 0.150000 0.412500 0.021875 0.018750
0 0.150000 0.428125 0.021875 0.018750
0 0.131250 0.435937 0.021875 0.018750
0 0.860938 0.142187 0.021875 0.018750
0 0.860938 0.157812 0.021875 0.018750
0 0.860938 0.182812 0.021875 0.018750
0 0.860938 0.198437 0.021875 0.018750
0 0.729688 0.150000 0.021875 0.018750
0 0.729688 0.167187 0.021875 0.018750
0 0.729688 0.182812 0.021875 0.018750
0 0.729688 0.206250 0.021875 0.018750
0 0.598437 0.167187 0.021875 0.018750
0 0.598437 0.190625 0.021875 0.018750
0 0.598437 0.206250 0.021875 0.018750
0 0.598437 0.150000 0.021875 0.018750
0 0.412500 0.150000 0.021875 0.018750
0 0.412500 0.167187 0.021875 0.018750
0 0.412500 0.190625 0.021875 0.018750
0 0.412500 0.206250 0.021875 0.018750
0 0.281250 0.175000 0.021875 0.018750
0 0.281250 0.198437 0.021875 0.018750
0 0.281250 0.215625 0.021875 0.018750
0 0.281250 0.231250 0.021875 0.018750
0 0.150000 0.167187 0.021875 0.018750
0 0.150000 0.190625 0.021875 0.018750
0 0.150000 0.206250 0.021875 0.018750
0 0.150000 0.223438 0.021875 0.018750
0 0.131250 0.175000 0.021875 0.018750
0 0.860938 0.023438 0.021875 0.018750
0 0.729688 0.046875 0.021875 0.018750
0 0.412500 0.003906 0.021875 0.007812
0 0.412500 0.015625 0.021875 0.018750
0 0.281250 0.039062 0.021875 0.018750
