15 0.771875 0.178125 0.018750 0.025000
15 0.529687 0.178125 0.018750 0.025000
15 0.289062 0.179688 0.018750 0.025000
15 0.037500 0.178125 0.018750 0.025000
14 0.093750 0.184375 0.078125 0.012500
10 0.845313 0.175781 0.309375 0.035937
10 0.410156 0.160156 0.404687 0.035937
10 0.064844 0.139844 0.129688 0.020313
15 0.771875 0.459375 0.018750 0.025000
15 0.529687 0.459375 0.018750 0.025000
15 0.289062 0.459375 0.018750 0.025000
15 0.037500 0.456250 0.018750 0.025000
14 0.093750 0.462500 0.078125 0.012500
10 0.845313 0.418750 0.309375 0.028125
10 0.410156 0.401562 0.404687 0.028125
10 0.064844 0.382031 0.129688 0.020313
14 0.500000 0.250000 1.000000 0.021875
14 0.885156 0.455469 0.051562 0.010937
14 0.885156 0.530469 0.051562 0.010937
14 0.642969 0.517969 0.051562 0.010937
14 0.642969 0.448437 0.051562 0.009375
14 0.400781 0.438281 0.051562 0.010937
14 0.400781 0.513281 0.051562 0.010937
14 0.160156 0.431250 0.051562 0.009375
14 0.158594 0.502344 0.051562 0.010937
14 0.500000 0.532031 1.000000 0.070312
14 0.885156 0.217188 0.051562 0.009375
14 0.885156 0.286719 0.051562 0.010937
14 0.642969 0.208594 0.051562 0.010937
14 0.642969 0.283594 0.051562 0.010937
14 0.400781 0.201563 0.051562 0.009375
14 0.400781 0.271094 0.051562 0.010937
14 0.158594 0.191406 0.051562 0.010937
14 0.158594 0.266406 0.051562 0.010937
14 0.500000 0.096094 1.000000 0.051562
14 0.500000 0.028125 1.000000 0.056250
9 0.933594 0.464844 0.001563 0.104688
9 0.852344 0.464062 0.001563 0.106250
4 0.822656 0.464062 0.010937 0.043750
4 0.822656 0.520312 0.010937 0.043750
9 0.772656 0.459375 0.001563 0.100000
3 0.739844 0.448437 0.014063 0.040625
3 0.739844 0.504687 0.014063 0.040625
9 0.691406 0.458594 0.001563 0.101562
9 0.611719 0.454688 0.001563 0.109375
4 0.582031 0.512500 0.010937 0.043750
4 0.582031 0.456250 0.010937 0.043750
9 0.530469 0.450000 0.001563 0.103125
3 0.499219 0.440625 0.014063 0.040625
3 0.499219 0.496875 0.014063 0.040625
9 0.450781 0.449219 0.001563 0.104688
9 0.369531 0.448437 0.001563 0.106250
9 0.288281 0.443750 0.001563 0.100000
4 0.258594 0.440625 0.010937 0.043750
4 0.258594 0.496875 0.010937 0.043750
9 0.208594 0.442969 0.001563 0.101562
9 0.127344 0.432812 0.001563 0.121875
2 0.095312 0.439844 0.015625 0.045312
2 0.095312 0.497656 0.015625 0.045312
9 0.047656 0.428906 0.001563 0.114062
9 0.933594 0.225000 0.001563 0.109375
9 0.852344 0.223438 0.001563 0.112500
4 0.822656 0.226562 0.010937 0.043750
4 0.822656 0.282813 0.010937 0.043750
9 0.772656 0.217188 0.001563 0.106250
3 0.739844 0.209375 0.014063 0.040625
3 0.739844 0.265625 0.014063 0.040625
9 0.691406 0.215625 0.001563 0.109375
9 0.611719 0.215625 0.001563 0.109375
9 0.530469 0.210156 0.001563 0.104688
3 0.499219 0.201563 0.014063 0.040625
3 0.499219 0.257812 0.014063 0.040625
9 0.450781 0.208594 0.001563 0.107813
9 0.369531 0.207031 0.001563 0.110937
9 0.288281 0.201563 0.001563 0.106250
4 0.258594 0.201563 0.010937 0.043750
4 0.258594 0.257812 0.010937 0.043750
9 0.208594 0.200000 0.001563 0.109375
9 0.127344 0.192969 0.001563 0.126562
2 0.095312 0.202344 0.015625 0.045312
2 0.095312 0.258594 0.015625 0.045312
9 0.047656 0.189062 0.001563 0.118750
0 0.925000 0.465625 0.021875 0.018750
0 0.925000 0.521875 0.021875 0.018750
0 0.843750 0.465625 0.021875 0.018750
0 0.843750 0.521875 0.021875 0.018750
0 0.762500 0.456250 0.021875 0.018750
0 0.762500 0.514062 0.021875 0.018750
0 0.682813 0.514062 0.021875 0.018750
0 0.682813 0.456250 0.021875 0.018750
0 0.601562 0.514062 0.021875 0.018750
0 0.601562 0.456250 0.021875 0.018750
0 0.521875 0.448437 0.021875 0.018750
0 0.521875 0.504687 0.021875 0.018750
0 0.440625 0.448437 0.021875 0.018750
0 0.440625 0.504687 0.021875 0.018750
0 0.359375 0.448437 0.021875 0.018750
0 0.359375 0.504687 0.021875 0.018750
0 0.279687 0.440625 0.021875 0.018750
0 0.279687 0.496875 0.021875 0.018750
0 0.198437 0.440625 0.021875 0.018750
0 0.198437 0.496875 0.021875 0.018750
0 0.118750 0.440625 0.021875 0.018750
0 0.118750 0.496875 0.021875 0.018750
0 0.037500 0.432812 0.021875 0.018750
0 0.037500 0.489063 0.021875 0.018750
0 0.925000 0.226562 0.021875 0.018750
0 0.925000 0.282813 0.021875 0.018750
0 0.843750 0.226562 0.021875 0.018750
0 0.843750 0.282813 0.021875 0.018750
0 0.762500 0.218750 0.021875 0.018750
0 0.762500 0.275000 0.021875 0.018750
0 0.682813 0.218750 0.021875 0.018750
0 0.682813 0.275000 0.021875 0.018750
0 0.601562 0.218750 0.021875 0.018750
0 0.601562 0.275000 0.021875 0.018750
0 0.521875 0.210938 0.021875 0.018750
0 0.521875 0.267188 0.021875 0.018750
0 0.440625 0.210938 0.021875 0.018750
0 0.440625 0.267188 0.021875 0.018750
0 0.359375 0.210938 0.021875 0.018750
0 0.359375 0.267188 0.021875 0.018750
0 0.279687 0.201563 0.021875 0.018750
0 0.279687 0.259375 0.021875 0.018750
0 0.198437 0.201563 0.021875 0.018750
0 0.198437 0.259375 0.021875 0.018750
0 0.118750 0.201563 0.021875 0.018750
0 0.118750 0.259375 0.021875 0.018750
0 0.037500 0.193750 0.021875 0.018750
0 0.037500 0.250000 0.021875 0.018750
