14 0.310937 0.023438 0.037500 0.025000
14 0.290625 0.029687 0.037500 0.025000
10 0.831250 0.083594 0.203125 0.060937
10 0.342969 0.158594 0.685937 0.032813
13 0.830469 0.114062 0.201563 0.040625
13 0.342187 0.214844 0.684375 0.064062
9 0.930469 0.082812 0.001563 0.053125
2 0.917188 0.053906 0.015625 0.045312
9 0.878906 0.051562 0.001563 0.103125
9 0.821094 0.047656 0.001563 0.095312
9 0.775781 0.048438 0.001563 0.081250
9 0.730469 0.053906 0.001563 0.057813
9 0.683594 0.091406 0.001563 0.167187
9 0.638281 0.100000 0.001563 0.150000
2 0.625000 0.010156 0.015625 0.020313
9 0.589844 0.115625 0.001563 0.118750
9 0.544531 0.118750 0.001563 0.109375
9 0.499219 0.115625 0.001563 0.118750
9 0.452344 0.118750 0.001563 0.109375
9 0.407031 0.128125 0.001563 0.093750
9 0.425781 0.025781 0.001563 0.051562
9 0.360156 0.142969 0.001563 0.060937
9 0.380469 0.029687 0.001563 0.059375
9 0.314844 0.128125 0.001563 0.093750
9 0.333594 0.025000 0.001563 0.050000
2 0.301563 0.053906 0.015625 0.045312
9 0.266406 0.142969 0.001563 0.060937
9 0.286719 0.029687 0.001563 0.059375
2 0.253125 0.110156 0.015625 0.045312
9 0.175781 0.100000 0.001563 0.150000
9 0.128906 0.107813 0.001563 0.134375
9 0.083594 0.100000 0.001563 0.150000
9 0.036719 0.107813 0.001563 0.134375
14 0.939844 0.161719 0.048438 0.039062
7 0.221875 0.037500 0.028125 0.075000
0 0.940625 0.054688 0.021875 0.018750
0 0.831250 0.003125 0.021875 0.006250
0 0.785937 0.007812 0.021875 0.015625
0 0.740625 0.021875 0.021875 0.018750
0 0.740625 0.003125 0.021875 0.006250
0 0.693750 0.007812 0.021875 0.015625
0 0.648438 0.021875 0.021875 0.018750
0 0.648438 0.003125 0.021875 0.006250
0 0.600000 0.054688 0.021875 0.018750
0 0.600000 0.007812 0.021875 0.015625
0 0.554688 0.062500 0.021875 0.018750
0 0.554688 0.021875 0.021875 0.018750
0 0.509375 0.054688 0.021875 0.018750
0 0.509375 0.007812 0.021875 0.015625
0 0.462500 0.062500 0.021875 0.018750
0 0.462500 0.021875 0.021875 0.018750
0 0.417187 0.078125 0.021875 0.018750
0 0.417187 0.054688 0.021875 0.018750
0 0.370312 0.110937 0.021875 0.018750
0 0.370312 0.062500 0.021875 0.018750
0 0.325000 0.078125 0.021875 0.018750
0 0.325000 0.054688 0.021875 0.018750
0 0.276562 0.110937 0.021875 0.018750
0 0.276562 0.062500 0.021875 0.018750
0 0.185938 0.021875 0.021875 0.018750
0 0.139063 0.037500 0.021875 0.018750
0 0.139063 0.014063 0.021875 0.018750
0 0.093750 0.021875 0.021875 0.018750
0 0.046875 0.037500 0.021875 0.018750
0 0.046875 0.014063 0.021875 0.018750
0 0.006250 0.054688 0.012500 0.018750
0 0.006250 0.021875 0.012500 0.018750
