14 0.968750 0.368750 0.018750 0.025000
14 0.835938 0.365625 0.018750 0.025000
14 0.734375 0.364063 0.018750 0.025000
13 0.771094 0.357812 0.039062 0.012500
13 0.695312 0.357812 0.043750 0.012500
10 0.960938 0.313281 0.078125 0.035937
10 0.775781 0.382031 0.195312 0.035937
10 0.567187 0.381250 0.140625 0.040625
10 0.087500 0.340625 0.100000 0.025000
14 0.948438 0.629687 0.018750 0.025000
14 0.854688 0.634375 0.018750 0.025000
14 0.734375 0.637500 0.018750 0.025000
13 0.773438 0.644531 0.043750 0.014063
13 0.696094 0.640625 0.039062 0.012500
10 0.950781 0.704688 0.098437 0.043750
10 0.794531 0.616406 0.195312 0.035937
10 0.567187 0.697656 0.140625 0.045312
10 0.087500 0.615625 0.100000 0.012500
10 0.960938 0.814844 0.078125 0.007812
10 0.567187 0.828125 0.103125 0.015625
10 0.087500 0.866406 0.137500 0.020313
13 0.850000 0.950000 0.103125 0.021875
13 0.646094 0.950000 0.064062 0.021875
13 0.547656 0.950000 0.101562 0.021875
13 0.950781 0.436719 0.098437 0.023438
13 0.587500 0.435937 0.181250 0.021875
13 0.152344 0.437500 0.073438 0.021875
13 0.915625 0.810156 0.168750 0.035937
13 0.523438 0.822656 0.334375 0.035937
13 0.107813 0.789844 0.215625 0.048438
13 0.904687 0.657813 0.015625 0.009375
13 0.793750 0.675781 0.031250 0.010937
13 0.710156 0.554688 0.579688 0.053125
13 0.108594 0.613281 0.217188 0.029687
13 0.896875 0.330469 0.031250 0.010937
13 0.793750 0.314844 0.031250 0.010937
13 0.710156 0.256250 0.579688 0.068750
13 0.108594 0.330469 0.217188 0.045312
14 0.451562 0.921875 0.003125 0.156250
14 0.451562 0.499219 0.003125 0.335938
14 0.912500 0.935937 0.021875 0.003125
9 0.922656 0.862500 0.001563 0.103125
14 0.809375 0.935937 0.021875 0.003125
14 0.825781 0.829688 0.017188 0.053125
9 0.817969 0.859375 0.001563 0.109375
14 0.689063 0.943750 0.021875 0.003125
14 0.705469 0.837500 0.017188 0.053125
9 0.697656 0.867188 0.001563 0.109375
14 0.609375 0.943750 0.021875 0.003125
9 0.617969 0.872656 0.001563 0.098437
2 0.585938 0.867969 0.015625 0.045312
2 0.585938 0.924219 0.015625 0.045312
14 0.507812 0.959375 0.021875 0.003125
9 0.516406 0.885938 0.001563 0.106250
4 0.472656 0.925000 0.010937 0.043750
4 0.486719 0.900000 0.010937 0.043750
14 0.334375 0.959375 0.021875 0.003125
14 0.350781 0.854688 0.017188 0.053125
9 0.342969 0.882812 0.001563 0.109375
4 0.299219 0.925000 0.010937 0.043750
4 0.313281 0.900000 0.010937 0.043750
9 0.203906 0.872656 0.001563 0.051562
4 0.194531 0.843750 0.010937 0.043750
9 0.155469 0.841406 0.001563 0.070312
9 0.116406 0.850000 0.001563 0.053125
4 0.107031 0.820312 0.010937 0.043750
9 0.067969 0.846094 0.001563 0.060937
4 0.058594 0.810937 0.010937 0.043750
9 0.019531 0.846094 0.001563 0.060937
2 0.007031 0.811719 0.014063 0.045312
14 0.332813 0.986719 0.053125 0.026562
9 0.996094 0.662500 0.001563 0.100000
4 0.985156 0.609375 0.010937 0.043750
9 0.953906 0.657031 0.001563 0.120313
9 0.902344 0.700781 0.001563 0.045312
9 0.891406 0.645312 0.001563 0.053125
4 0.861719 0.675000 0.010937 0.043750
9 0.849219 0.638281 0.001563 0.048438
9 0.817969 0.634375 0.001563 0.043750
9 0.788281 0.632031 0.001563 0.045312
4 0.758594 0.657813 0.010937 0.043750
9 0.746094 0.631250 0.001563 0.050000
2 0.712500 0.658594 0.015625 0.045312
9 0.697656 0.624219 0.001563 0.045312
4 0.667969 0.650000 0.010937 0.043750
9 0.636719 0.692969 0.001563 0.045312
9 0.599219 0.665625 0.001563 0.087500
3 0.586719 0.609375 0.014063 0.040625
9 0.546094 0.652344 0.001563 0.095312
4 0.536719 0.601562 0.010937 0.043750
9 0.497656 0.651563 0.001563 0.078125
9 0.410156 0.630469 0.001563 0.051562
4 0.400781 0.601562 0.010937 0.043750
14 0.214062 0.742188 0.021875 0.003125
14 0.232031 0.635938 0.017188 0.053125
9 0.224219 0.665625 0.001563 0.109375
14 0.126562 0.742188 0.021875 0.003125
9 0.136719 0.667188 0.001563 0.106250
2 0.103125 0.666406 0.015625 0.045312
2 0.103125 0.722656 0.015625 0.045312
14 0.029687 0.750000 0.021875 0.003125
9 0.038281 0.673438 0.001563 0.109375
12 0.929688 0.626563 0.031250 0.037500
7 0.370312 0.642188 0.028125 0.075000
4 0.985156 0.379688 0.010937 0.043750
9 0.972656 0.332031 0.001563 0.057813
9 0.922656 0.322656 0.001563 0.045312
9 0.872656 0.374219 0.001563 0.045312
4 0.861719 0.348438 0.010937 0.043750
9 0.828906 0.368750 0.001563 0.050000
9 0.799219 0.362500 0.001563 0.056250
9 0.769531 0.360938 0.001563 0.053125
4 0.758594 0.331250 0.010937 0.043750
9 0.725781 0.359375 0.001563 0.050000
2 0.712500 0.332031 0.015625 0.045312
9 0.678906 0.353125 0.001563 0.053125
4 0.667969 0.323437 0.010937 0.043750
9 0.636719 0.370312 0.001563 0.053125
9 0.599219 0.343750 0.001563 0.096875
3 0.586719 0.282813 0.014063 0.040625
9 0.546094 0.330469 0.001563 0.104688
4 0.536719 0.275000 0.010937 0.043750
9 0.497656 0.331250 0.001563 0.090625
9 0.410156 0.320312 0.001563 0.084375
4 0.400781 0.275000 0.010937 0.043750
14 0.214062 0.464062 0.021875 0.003125
14 0.232031 0.357812 0.017188 0.053125
9 0.224219 0.387500 0.001563 0.109375
14 0.126562 0.464062 0.021875 0.003125
9 0.136719 0.385937 0.001563 0.109375
4 0.091406 0.420312 0.010937 0.043750
4 0.107031 0.387500 0.010937 0.043750
4 0.107031 0.445312 0.010937 0.043750
14 0.029687 0.479687 0.021875 0.003125
9 0.038281 0.403125 0.001563 0.109375
14 0.418750 0.507031 0.053125 0.026562
14 0.213281 0.507031 0.029687 0.026562
0 0.912500 0.860938 0.021875 0.018750
0 0.912500 0.917188 0.021875 0.018750
0 0.912500 0.892188 0.021875 0.018750
0 0.809375 0.917188 0.021875 0.018750
0 0.809375 0.892188 0.021875 0.018750
0 0.809375 0.860938 0.021875 0.018750
0 0.689063 0.868750 0.021875 0.018750
0 0.689063 0.892188 0.021875 0.018750
0 0.689063 0.909375 0.021875 0.018750
0 0.689063 0.925000 0.021875 0.018750
0 0.609375 0.868750 0.021875 0.018750
0 0.609375 0.892188 0.021875 0.018750
0 0.609375 0.909375 0.021875 0.018750
0 0.609375 0.925000 0.021875 0.018750
0 0.507812 0.884375 0.021875 0.018750
0 0.507812 0.901563 0.021875 0.018750
0 0.507812 0.925000 0.021875 0.018750
0 0.507812 0.940625 0.021875 0.018750
0 0.334375 0.884375 0.021875 0.018750
0 0.334375 0.901563 0.021875 0.018750
0 0.334375 0.925000 0.021875 0.018750
0 0.334375 0.940625 0.021875 0.018750
0 0.214062 0.843750 0.021875 0.018750
0 0.165625 0.804688 0.021875 0.018750
0 0.126562 0.820312 0.021875 0.018750
0 0.078125 0.812500 0.021875 0.018750
0 0.029687 0.812500 0.021875 0.018750
0 0.964063 0.593750 0.021875 0.018750
0 0.912500 0.675000 0.021875 0.018750
0 0.882812 0.675000 0.021875 0.018750
0 0.839063 0.667188 0.021875 0.018750
0 0.809375 0.659375 0.021875 0.018750
0 0.779687 0.659375 0.021875 0.018750
0 0.735938 0.659375 0.021875 0.018750
0 0.689063 0.650000 0.021875 0.018750
0 0.646875 0.667188 0.021875 0.018750
0 0.609375 0.618750 0.021875 0.018750
0 0.556250 0.601562 0.021875 0.018750
0 0.507812 0.610938 0.021875 0.018750
0 0.420312 0.601562 0.021875 0.018750
0 0.214062 0.667188 0.021875 0.018750
0 0.214062 0.723437 0.021875 0.018750
0 0.126562 0.667188 0.021875 0.018750
0 0.126562 0.723437 0.021875 0.018750
0 0.029687 0.675000 0.021875 0.018750
0 0.029687 0.731250 0.021875 0.018750
0 0.964063 0.364063 0.021875 0.018750
0 0.912500 0.348438 0.021875 0.018750
0 0.882812 0.348438 0.021875 0.018750
0 0.839063 0.340625 0.021875 0.018750
0 0.809375 0.332813 0.021875 0.018750
0 0.779687 0.332813 0.021875 0.018750
0 0.735938 0.332813 0.021875 0.018750
0 0.689063 0.325000 0.021875 0.018750
0 0.646875 0.340625 0.021875 0.018750
0 0.609375 0.292187 0.021875 0.018750
0 0.556250 0.276562 0.021875 0.018750
0 0.507812 0.284375 0.021875 0.018750
0 0.420312 0.276562 0.021875 0.018750
0 0.214062 0.389062 0.021875 0.018750
0 0.214062 0.404687 0.021875 0.018750
0 0.214062 0.421875 0.021875 0.018750
0 0.214062 0.445312 0.021875 0.018750
0 0.126562 0.389062 0.021875 0.018750
0 0.126562 0.404687 0.021875 0.018750
0 0.126562 0.421875 0.021875 0.018750
0 0.126562 0.445312 0.021875 0.018750
0 0.048438 0.404687 0.021875 0.018750
0 0.029687 0.412500 0.021875 0.018750
0 0.029687 0.429688 0.021875 0.018750
0 0.029687 0.460938 0.021875 0.018750
