10 0.793750 0.259375 0.081250 0.025000
10 0.087500 0.282813 0.081250 0.025000
15 0.440625 0.364063 0.037500 0.025000
10 0.439844 0.428906 0.332813 0.032813
15 0.459375 0.600000 0.037500 0.025000
10 0.460156 0.533594 0.332813 0.051562
14 0.101562 0.437500 0.081250 0.021875
14 0.460156 0.653125 0.351562 0.137500
14 0.784375 0.231250 0.081250 0.025000
14 0.468750 0.280469 0.368750 0.082812
14 0.089063 0.267188 0.081250 0.025000
9 0.860938 0.489063 0.003125 0.315625
9 0.156250 0.489063 0.003125 0.315625
12 0.742969 0.613281 0.017188 0.048438
9 0.642969 0.585938 0.001563 0.053125
9 0.625781 0.541406 0.001563 0.057813
9 0.588281 0.550781 0.001563 0.070312
9 0.552344 0.563281 0.001563 0.092188
9 0.514844 0.553125 0.001563 0.065625
9 0.477344 0.567187 0.001563 0.087500
9 0.441406 0.576562 0.001563 0.100000
9 0.403906 0.585156 0.001563 0.114062
9 0.367969 0.599219 0.001563 0.135937
9 0.294531 0.617188 0.001563 0.162500
12 0.189844 0.613281 0.017188 0.048438
12 0.036719 0.613281 0.017188 0.048438
15 0.825000 0.237500 0.021875 0.003125
9 0.833594 0.274219 0.001563 0.045312
12 0.742969 0.380469 0.017188 0.048438
15 0.745313 0.253125 0.021875 0.003125
9 0.753906 0.293750 0.001563 0.053125
9 0.642969 0.317188 0.001563 0.093750
9 0.605469 0.364844 0.001563 0.157812
9 0.569531 0.378125 0.001563 0.134375
9 0.532031 0.385937 0.001563 0.118750
9 0.496094 0.378125 0.001563 0.134375
9 0.458594 0.385937 0.001563 0.118750
9 0.421094 0.394531 0.001563 0.101562
9 0.385156 0.406250 0.001563 0.078125
9 0.347656 0.413281 0.001563 0.060937
9 0.311719 0.406250 0.001563 0.078125
9 0.274219 0.394531 0.001563 0.101562
12 0.189844 0.380469 0.017188 0.048438
15 0.192188 0.270313 0.021875 0.003125
9 0.202344 0.300000 0.001563 0.040625
9 0.128906 0.297656 0.001563 0.045312
12 0.036719 0.413281 0.017188 0.048438
9 0.047656 0.325781 0.001563 0.070312
15 0.038281 0.488281 0.029687 0.026562
0 0.653125 0.557813 0.021875 0.018750
0 0.615625 0.573438 0.021875 0.018750
0 0.579688 0.589063 0.021875 0.018750
0 0.542188 0.614062 0.021875 0.018750
0 0.506250 0.589063 0.021875 0.018750
0 0.468750 0.614062 0.021875 0.018750
0 0.431250 0.629687 0.021875 0.018750
0 0.395313 0.645312 0.021875 0.018750
0 0.357812 0.670312 0.021875 0.018750
0 0.284375 0.703125 0.021875 0.018750
0 0.825000 0.300000 0.021875 0.018750
0 0.745313 0.325000 0.021875 0.018750
0 0.653125 0.267188 0.021875 0.018750
0 0.615625 0.284375 0.021875 0.018750
0 0.579688 0.307812 0.021875 0.018750
0 0.542188 0.325000 0.021875 0.018750
0 0.506250 0.307812 0.021875 0.018750
0 0.468750 0.325000 0.021875 0.018750
0 0.431250 0.340625 0.021875 0.018750
0 0.395313 0.364063 0.021875 0.018750
0 0.357812 0.381250 0.021875 0.018750
0 0.321875 0.364063 0.021875 0.018750
0 0.284375 0.340625 0.021875 0.018750
1 0.192188 0.325000 0.021875 0.018750
0 0.118750 0.325000 0.021875 0.018750
0 0.039062 0.364063 0.021875 0.018750
