2 0.382812 0.267969 0.015625 0.045312
2 0.362500 0.244531 0.015625 0.045312
7 0.315625 0.278906 0.043750 0.114062
2 0.382812 0.017188 0.015625 0.034375
13 0.316406 0.014063 0.045312 0.028125
2 0.382812 0.491406 0.015625 0.045312
2 0.362500 0.466406 0.015625 0.045312
7 0.315625 0.500781 0.043750 0.114062
10 0.904687 0.323437 0.112500 0.012500
10 0.682813 0.332031 0.112500 0.007812
10 0.485938 0.337500 0.096875 0.012500
10 0.924219 0.515625 0.151562 0.040625
10 0.710938 0.515625 0.168750 0.040625
14 0.913281 0.571875 0.129688 0.021875
14 0.738281 0.571875 0.110937 0.021875
14 0.689844 0.350000 0.317188 0.025000
14 0.818750 0.423438 0.362500 0.056250
14 0.425000 0.585938 0.046875 0.025000
14 0.417187 0.530469 0.031250 0.010937
14 0.757031 0.192188 0.429688 0.053125
14 0.425000 0.225781 0.046875 0.020313
14 0.415625 0.324219 0.028125 0.014063
14 0.417187 0.251563 0.031250 0.009375
9 0.282813 0.266406 0.003125 0.532813
9 0.960156 0.478125 0.001563 0.081250
2 0.946875 0.435156 0.015625 0.045312
9 0.905469 0.489063 0.001563 0.071875
9 0.849219 0.504687 0.001563 0.053125
4 0.839844 0.475000 0.010937 0.043750
9 0.794531 0.482031 0.001563 0.057813
2 0.781250 0.450781 0.015625 0.045312
9 0.738281 0.474219 0.001563 0.089063
9 0.683594 0.485156 0.001563 0.079687
9 0.627344 0.508594 0.001563 0.045312
12 0.539062 0.501563 0.015625 0.028125
15 0.446875 0.582812 0.021875 0.003125
15 0.464844 0.509375 0.017188 0.053125
9 0.457031 0.522656 0.001563 0.076563
15 0.636719 0.575781 0.076563 0.026562
13 0.603125 0.490625 0.031250 0.037500
9 0.960156 0.268750 0.001563 0.106250
4 0.950781 0.212500 0.010937 0.043750
4 0.950781 0.268750 0.010937 0.043750
9 0.849219 0.274219 0.001563 0.101562
4 0.839844 0.220312 0.010937 0.043750
4 0.839844 0.276562 0.010937 0.043750
9 0.738281 0.283594 0.001563 0.104688
2 0.725000 0.228906 0.015625 0.045312
2 0.725000 0.285156 0.015625 0.045312
9 0.627344 0.283594 0.001563 0.104688
9 0.532031 0.289062 0.001563 0.100000
2 0.518750 0.236719 0.015625 0.045312
2 0.518750 0.292969 0.015625 0.045312
15 0.446875 0.234375 0.021875 0.003125
9 0.438281 0.299219 0.001563 0.070312
15 0.446094 0.375781 0.029687 0.026562
15 0.970313 0.095312 0.021875 0.003125
9 0.980469 0.036719 0.001563 0.073438
3 0.947656 0.016406 0.014063 0.032813
3 0.947656 0.068750 0.014063 0.040625
12 0.856250 0.010156 0.015625 0.020313
12 0.635156 0.014063 0.017188 0.028125
15 0.446875 0.103125 0.021875 0.003125
9 0.457031 0.040625 0.001563 0.081250
0 0.970313 0.434375 0.021875 0.018750
0 0.915625 0.451562 0.021875 0.018750
0 0.859375 0.475000 0.021875 0.018750
0 0.804688 0.451562 0.021875 0.018750
0 0.748437 0.426563 0.021875 0.018750
0 0.693750 0.443750 0.021875 0.018750
0 0.637500 0.482812 0.021875 0.018750
0 0.448437 0.564063 0.021875 0.018750
0 0.448437 0.540625 0.021875 0.018750
0 0.970313 0.212500 0.021875 0.018750
0 0.970313 0.268750 0.021875 0.018750
0 0.859375 0.220312 0.021875 0.018750
0 0.859375 0.276562 0.021875 0.018750
0 0.748437 0.228125 0.021875 0.018750
0 0.748437 0.284375 0.021875 0.018750
0 0.637500 0.228125 0.021875 0.018750
0 0.637500 0.284375 0.021875 0.018750
0 0.542188 0.235937 0.021875 0.018750
0 0.542188 0.293750 0.021875 0.018750
0 0.448437 0.284375 0.021875 0.018750
0 0.448437 0.260937 0.021875 0.018750
0 0.970313 0.020313 0.021875 0.018750
0 0.970313 0.076563 0.021875 0.018750
0 0.448437 0.028125 0.021875 0.018750
0 0.448437 0.084375 0.021875 0.018750
