10 0.161719 0.392969 0.082812 0.007812
10 0.182031 0.496094 0.082812 0.007812
10 0.741406 0.866406 0.117188 0.020313
10 0.560156 0.866406 0.117188 0.020313
10 0.390625 0.861719 0.118750 0.020313
10 0.178906 0.861719 0.117188 0.020313
10 0.034375 0.861719 0.068750 0.020313
14 0.589844 0.896875 0.517188 0.028125
14 0.589844 0.437500 0.517188 0.028125
14 0.828125 0.867188 0.046875 0.015625
14 0.837500 0.798438 0.031250 0.009375
14 0.660156 0.775781 0.067187 0.023438
14 0.485156 0.775781 0.054688 0.023438
14 0.294531 0.789844 0.067187 0.010937
14 0.293750 0.825781 0.065625 0.010937
14 0.103906 0.789844 0.026562 0.010937
14 0.103906 0.825781 0.026562 0.010937
14 0.431250 0.754687 0.843750 0.056250
14 0.277344 0.531250 0.098437 0.012500
14 0.277344 0.606250 0.098437 0.012500
14 0.192188 0.629687 0.300000 0.034375
14 0.269531 0.357031 0.114062 0.010937
14 0.127344 0.312500 0.170313 0.031250
9 0.860938 0.895312 0.003125 0.209375
9 0.860938 0.464844 0.003125 0.267188
9 0.300000 0.895312 0.003125 0.209375
9 0.300000 0.464844 0.003125 0.267188
9 0.797656 0.843750 0.001563 0.065625
15 0.740625 0.781250 0.021875 0.003125
9 0.730469 0.843750 0.001563 0.065625
9 0.683594 0.843750 0.001563 0.065625
3 0.657031 0.815625 0.014063 0.040625
4 0.672656 0.807813 0.010937 0.043750
15 0.626563 0.781250 0.021875 0.003125
9 0.616406 0.843750 0.001563 0.065625
15 0.559375 0.781250 0.021875 0.003125
9 0.549219 0.843750 0.001563 0.065625
9 0.502344 0.843750 0.001563 0.065625
2 0.489063 0.807031 0.015625 0.045312
15 0.457813 0.781250 0.021875 0.003125
9 0.447656 0.838281 0.001563 0.070312
15 0.390625 0.781250 0.021875 0.003125
9 0.380469 0.838281 0.001563 0.070312
4 0.369531 0.815625 0.010937 0.043750
9 0.332031 0.838281 0.001563 0.070312
15 0.245312 0.781250 0.021875 0.003125
9 0.236719 0.838281 0.001563 0.070312
15 0.178125 0.781250 0.021875 0.003125
9 0.169531 0.838281 0.001563 0.070312
9 0.121094 0.838281 0.001563 0.070312
15 0.076563 0.781250 0.021875 0.003125
9 0.066406 0.838281 0.001563 0.070312
15 0.010156 0.781250 0.020313 0.003125
9 0.350781 0.544531 0.001563 0.098437
9 0.222656 0.542969 0.001563 0.101562
2 0.189062 0.539844 0.015625 0.045312
2 0.189062 0.596094 0.015625 0.045312
9 0.141406 0.542969 0.001563 0.101562
4 0.111719 0.539062 0.010937 0.043750
4 0.111719 0.596875 0.010937 0.043750
15 0.060156 0.517188 0.017188 0.053125
9 0.052344 0.546875 0.001563 0.109375
9 0.332031 0.370312 0.001563 0.053125
15 0.342187 0.231250 0.021875 0.015625
9 0.350781 0.267188 0.001563 0.040625
4 0.321094 0.290625 0.010937 0.043750
9 0.202344 0.370312 0.001563 0.053125
2 0.189062 0.339844 0.015625 0.045312
9 0.121094 0.370312 0.001563 0.053125
4 0.111719 0.339062 0.010937 0.043750
15 0.041406 0.378125 0.020313 0.053125
9 0.032031 0.377344 0.001563 0.051562
7 0.837500 0.371875 0.028125 0.075000
15 0.341406 0.191406 0.048438 0.039062
15 0.041406 0.444531 0.032813 0.039062
0 0.807813 0.807813 0.021875 0.018750
0 0.807813 0.823438 0.021875 0.018750
0 0.740625 0.807813 0.021875 0.018750
0 0.740625 0.823438 0.021875 0.018750
0 0.693750 0.807813 0.021875 0.018750
0 0.693750 0.823438 0.021875 0.018750
0 0.626563 0.807813 0.021875 0.018750
0 0.626563 0.823438 0.021875 0.018750
0 0.559375 0.807813 0.021875 0.018750
0 0.559375 0.823438 0.021875 0.018750
0 0.512500 0.823438 0.021875 0.018750
0 0.512500 0.807813 0.021875 0.018750
0 0.457813 0.815625 0.021875 0.018750
0 0.457813 0.800000 0.021875 0.018750
0 0.390625 0.800000 0.021875 0.018750
0 0.390625 0.815625 0.021875 0.018750
0 0.342187 0.800000 0.021875 0.018750
0 0.342187 0.815625 0.021875 0.018750
0 0.246875 0.800000 0.021875 0.018750
0 0.246875 0.815625 0.021875 0.018750
0 0.179688 0.800000 0.021875 0.018750
0 0.179688 0.815625 0.021875 0.018750
0 0.131250 0.800000 0.021875 0.018750
0 0.131250 0.815625 0.021875 0.018750
0 0.076563 0.800000 0.021875 0.018750
0 0.076563 0.815625 0.021875 0.018750
0 0.010156 0.815625 0.020313 0.018750
0 0.010156 0.800000 0.020313 0.018750
1 0.342187 0.540625 0.021875 0.018750
1 0.342187 0.596875 0.021875 0.018750
0 0.212500 0.540625 0.021875 0.018750
0 0.212500 0.596875 0.021875 0.018750
0 0.131250 0.540625 0.021875 0.018750
0 0.131250 0.596875 0.021875 0.018750
0 0.042188 0.548438 0.021875 0.018750
0 0.042188 0.604688 0.021875 0.018750
1 0.342187 0.340625 0.021875 0.018750
1 0.342187 0.292187 0.021875 0.018750
0 0.212500 0.340625 0.021875 0.018750
0 0.131250 0.340625 0.021875 0.018750
0 0.042188 0.348438 0.021875 0.018750
