3 0.363281 0.142187 0.014063 0.040625
3 0.344531 0.110937 0.014063 0.040625
3 0.325781 0.134375 0.014063 0.040625
7 0.281250 0.144531 0.043750 0.114062
14 0.945312 0.129688 0.040625 0.025000
14 0.926562 0.131250 0.040625 0.025000
10 0.746094 0.284375 0.507812 0.056250
13 0.846094 0.214844 0.307812 0.029687
13 0.746875 0.327344 0.506250 0.064062
13 0.540625 0.199219 0.046875 0.010937
9 0.248438 0.088281 0.003125 0.176563
9 0.985156 0.247656 0.001563 0.092188
9 0.955469 0.240625 0.001563 0.109375
9 0.974219 0.069531 0.001563 0.139063
9 0.924219 0.248438 0.001563 0.093750
9 0.944531 0.078125 0.001563 0.156250
9 0.892969 0.257812 0.001563 0.078125
9 0.911719 0.090625 0.001563 0.181250
9 0.860156 0.269531 0.001563 0.054688
9 0.880469 0.097656 0.001563 0.195312
3 0.847656 0.231250 0.014063 0.040625
9 0.814844 0.259375 0.001563 0.081250
9 0.833594 0.089844 0.001563 0.179688
3 0.802344 0.175000 0.014063 0.040625
9 0.724219 0.223438 0.001563 0.156250
9 0.742969 0.050000 0.001563 0.100000
9 0.692969 0.232813 0.001563 0.140625
9 0.713281 0.057813 0.001563 0.115625
9 0.663281 0.240625 0.001563 0.125000
9 0.682031 0.070312 0.001563 0.140625
9 0.632031 0.233594 0.001563 0.142187
9 0.652344 0.057813 0.001563 0.115625
9 0.602344 0.241406 0.001563 0.126562
9 0.621094 0.070312 0.001563 0.140625
9 0.569531 0.250000 0.001563 0.112500
9 0.589844 0.077344 0.001563 0.154688
9 0.558594 0.069531 0.001563 0.139063
3 0.527344 0.134375 0.014063 0.040625
9 0.492969 0.250781 0.001563 0.114062
9 0.513281 0.085938 0.001563 0.171875
4 0.483594 0.190625 0.010937 0.043750
4 0.483594 0.246875 0.010937 0.043750
11 0.416406 0.142969 0.017188 0.048438
7 0.770312 0.151562 0.028125 0.075000
12 0.451562 0.134375 0.031250 0.037500
0 0.992188 0.200000 0.015625 0.018750
0 0.992188 0.159375 0.015625 0.018750
0 0.965625 0.182812 0.021875 0.018750
0 0.965625 0.143750 0.021875 0.018750
0 0.934375 0.200000 0.021875 0.018750
0 0.934375 0.159375 0.021875 0.018750
0 0.903125 0.215625 0.021875 0.018750
0 0.903125 0.182812 0.021875 0.018750
0 0.870313 0.240625 0.021875 0.018750
0 0.870313 0.200000 0.021875 0.018750
0 0.825000 0.215625 0.021875 0.018750
0 0.825000 0.182812 0.021875 0.018750
0 0.734375 0.143750 0.021875 0.018750
0 0.734375 0.103125 0.021875 0.018750
0 0.703125 0.159375 0.021875 0.018750
0 0.703125 0.118750 0.021875 0.018750
0 0.673438 0.175000 0.021875 0.018750
0 0.673438 0.143750 0.021875 0.018750
0 0.642188 0.159375 0.021875 0.018750
0 0.642188 0.118750 0.021875 0.018750
0 0.612500 0.175000 0.021875 0.018750
0 0.612500 0.143750 0.021875 0.018750
0 0.579688 0.192188 0.021875 0.018750
0 0.579688 0.159375 0.021875 0.018750
0 0.550000 0.143750 0.021875 0.018750
0 0.503125 0.192188 0.021875 0.018750
0 0.503125 0.248438 0.021875 0.018750
0 0.503125 0.118750 0.021875 0.018750
0 0.503125 0.175000 0.021875 0.018750
