10 0.625781 0.016406 0.095312 0.032813
10 0.249219 0.019531 0.095312 0.007812
10 0.108594 0.035156 0.095312 0.007812
9 0.578906 0.014063 0.001563 0.028125
9 0.438281 0.071094 0.001563 0.042188
9 0.458594 0.021875 0.001563 0.043750
9 0.296094 0.011719 0.001563 0.023438
9 0.249219 0.011719 0.001563 0.023438
9 0.202344 0.011719 0.001563 0.023438
9 0.155469 0.019531 0.001563 0.039062
9 0.108594 0.020313 0.001563 0.040625
9 0.061719 0.019531 0.001563 0.039062
0 0.495312 0.008594 0.021875 0.017188
0 0.448437 0.048438 0.021875 0.018750
0 0.448437 0.048438 0.021875 0.018750
0 0.025000 0.004687 0.021875 0.009375
