15 0.326562 0.356250 0.018750 0.025000
14 0.358594 0.354687 0.029687 0.012500
14 0.294531 0.367969 0.026562 0.017188
10 0.865625 0.429688 0.134375 0.025000
10 0.685156 0.411719 0.120313 0.045312
10 0.521875 0.373437 0.134375 0.025000
10 0.335938 0.261719 0.065625 0.045312
10 0.234375 0.437500 0.021875 0.053125
10 0.154688 0.437500 0.021875 0.053125
10 0.050000 0.436719 0.012500 0.048438
10 0.885938 0.516406 0.134375 0.020313
10 0.705469 0.493750 0.120313 0.040625
10 0.521875 0.618750 0.134375 0.025000
9 0.417187 0.459375 0.003125 0.256250
8 0.940625 0.653125 0.006250 0.018750
9 0.950781 0.565625 0.001563 0.118750
8 0.901563 0.645312 0.006250 0.018750
9 0.911719 0.560937 0.001563 0.109375
3 0.878906 0.610938 0.014063 0.040625
8 0.848437 0.653125 0.006250 0.018750
9 0.858594 0.565625 0.001563 0.118750
8 0.809375 0.660937 0.006250 0.018750
9 0.819531 0.569531 0.001563 0.126562
2 0.785937 0.635156 0.015625 0.045312
8 0.754687 0.653125 0.006250 0.018750
9 0.764844 0.560156 0.001563 0.126562
8 0.715625 0.629687 0.006250 0.018750
9 0.725781 0.545312 0.001563 0.109375
8 0.676562 0.620313 0.006250 0.018750
9 0.685156 0.538281 0.001563 0.107813
8 0.635938 0.612500 0.006250 0.018750
9 0.646094 0.529687 0.001563 0.106250
8 0.596875 0.487500 0.006250 0.018750
9 0.586719 0.570312 0.001563 0.106250
8 0.556250 0.478125 0.006250 0.018750
9 0.547656 0.565625 0.001563 0.115625
3 0.535156 0.496875 0.014063 0.040625
3 0.535156 0.553125 0.014063 0.040625
8 0.504687 0.487500 0.006250 0.018750
9 0.494531 0.571875 0.001563 0.109375
8 0.464062 0.495312 0.006250 0.018750
9 0.455469 0.575781 0.001563 0.101562
2 0.442188 0.521094 0.015625 0.045312
2 0.442188 0.578906 0.015625 0.045312
9 0.366406 0.521875 0.001563 0.300000
9 0.303906 0.407031 0.001563 0.304688
4 0.272656 0.521875 0.010937 0.043750
9 0.224219 0.482812 0.001563 0.118750
9 0.144531 0.482812 0.001563 0.118750
9 0.032031 0.479687 0.001563 0.125000
13 0.979688 0.545312 0.031250 0.037500
7 0.393750 0.562500 0.028125 0.075000
8 0.940625 0.296875 0.006250 0.018750
9 0.932031 0.379688 0.001563 0.106250
8 0.901563 0.289062 0.006250 0.018750
9 0.891406 0.376563 0.001563 0.115625
3 0.878906 0.364063 0.014063 0.040625
8 0.848437 0.296875 0.006250 0.018750
9 0.839844 0.381250 0.001563 0.109375
8 0.809375 0.304688 0.006250 0.018750
9 0.799219 0.385156 0.001563 0.101562
2 0.785937 0.388281 0.015625 0.045312
8 0.754687 0.296875 0.006250 0.018750
9 0.744531 0.378125 0.001563 0.103125
8 0.715625 0.273438 0.006250 0.018750
9 0.705469 0.362500 0.001563 0.118750
8 0.676562 0.264062 0.006250 0.018750
9 0.666406 0.354687 0.001563 0.118750
8 0.635938 0.256250 0.006250 0.018750
9 0.625781 0.345313 0.001563 0.118750
8 0.596875 0.240625 0.006250 0.018750
9 0.586719 0.323437 0.001563 0.106250
8 0.556250 0.232813 0.006250 0.018750
9 0.547656 0.320312 0.001563 0.115625
3 0.535156 0.251563 0.014063 0.040625
3 0.535156 0.307812 0.014063 0.040625
8 0.504687 0.240625 0.006250 0.018750
9 0.494531 0.325000 0.001563 0.109375
8 0.464062 0.248438 0.006250 0.018750
9 0.455469 0.328906 0.001563 0.101562
2 0.442188 0.275781 0.015625 0.045312
2 0.442188 0.332031 0.015625 0.045312
9 0.366406 0.307031 0.001563 0.129688
9 0.335156 0.304688 0.001563 0.112500
9 0.244531 0.371094 0.001563 0.089063
9 0.164844 0.371094 0.001563 0.089063
9 0.069531 0.390625 0.001563 0.128125
15 0.463281 0.446094 0.064062 0.039062
7 0.393750 0.371875 0.028125 0.075000
0 0.942187 0.570312 0.021875 0.018750
0 0.942187 0.626563 0.021875 0.018750
0 0.901563 0.562500 0.021875 0.018750
0 0.901563 0.618750 0.021875 0.018750
0 0.850000 0.570312 0.021875 0.018750
0 0.850000 0.626563 0.021875 0.018750
0 0.809375 0.578125 0.021875 0.018750
0 0.809375 0.634375 0.021875 0.018750
0 0.754687 0.570312 0.021875 0.018750
0 0.754687 0.626563 0.021875 0.018750
0 0.715625 0.546875 0.021875 0.018750
0 0.715625 0.603125 0.021875 0.018750
0 0.676562 0.537500 0.021875 0.018750
0 0.676562 0.595313 0.021875 0.018750
0 0.635938 0.529687 0.021875 0.018750
0 0.635938 0.585938 0.021875 0.018750
0 0.596875 0.514062 0.021875 0.018750
0 0.596875 0.570312 0.021875 0.018750
0 0.557813 0.506250 0.021875 0.018750
0 0.557813 0.562500 0.021875 0.018750
0 0.504687 0.514062 0.021875 0.018750
0 0.504687 0.570312 0.021875 0.018750
0 0.465625 0.521875 0.021875 0.018750
0 0.465625 0.578125 0.021875 0.018750
0 0.357812 0.618750 0.021875 0.018750
0 0.357812 0.675000 0.021875 0.018750
0 0.293750 0.521875 0.021875 0.018750
0 0.293750 0.562500 0.021875 0.018750
0 0.214062 0.506250 0.021875 0.018750
0 0.214062 0.546875 0.021875 0.018750
0 0.134375 0.506250 0.021875 0.018750
0 0.134375 0.546875 0.021875 0.018750
0 0.023438 0.506250 0.021875 0.018750
0 0.023438 0.546875 0.021875 0.018750
0 0.942187 0.325000 0.021875 0.018750
0 0.942187 0.381250 0.021875 0.018750
0 0.901563 0.315625 0.021875 0.018750
0 0.901563 0.373437 0.021875 0.018750
0 0.850000 0.325000 0.021875 0.018750
0 0.850000 0.381250 0.021875 0.018750
0 0.809375 0.332813 0.021875 0.018750
0 0.809375 0.389062 0.021875 0.018750
0 0.754687 0.325000 0.021875 0.018750
0 0.754687 0.381250 0.021875 0.018750
0 0.715625 0.300000 0.021875 0.018750
0 0.715625 0.356250 0.021875 0.018750
0 0.676562 0.292187 0.021875 0.018750
0 0.676562 0.348438 0.021875 0.018750
0 0.635938 0.284375 0.021875 0.018750
0 0.635938 0.340625 0.021875 0.018750
0 0.596875 0.267188 0.021875 0.018750
0 0.596875 0.325000 0.021875 0.018750
0 0.557813 0.259375 0.021875 0.018750
0 0.557813 0.315625 0.021875 0.018750
0 0.504687 0.267188 0.021875 0.018750
0 0.504687 0.325000 0.021875 0.018750
0 0.465625 0.276562 0.021875 0.018750
0 0.465625 0.332813 0.021875 0.018750
0 0.357812 0.315625 0.021875 0.018750
0 0.357812 0.340625 0.021875 0.018750
0 0.357812 0.356250 0.021875 0.018750
0 0.357812 0.373437 0.021875 0.018750
0 0.325000 0.325000 0.021875 0.018750
0 0.325000 0.348438 0.021875 0.018750
0 0.325000 0.364063 0.021875 0.018750
0 0.254688 0.325000 0.021875 0.018750
0 0.254688 0.348438 0.021875 0.018750
0 0.254688 0.364063 0.021875 0.018750
0 0.175000 0.325000 0.021875 0.018750
0 0.175000 0.348438 0.021875 0.018750
0 0.175000 0.364063 0.021875 0.018750
0 0.079687 0.325000 0.021875 0.018750
0 0.079687 0.348438 0.021875 0.018750
0 0.079687 0.364063 0.021875 0.018750
