15 0.142187 0.375000 0.018750 0.025000
15 0.003906 0.364063 0.007812 0.025000
10 0.778125 0.337500 0.071875 0.028125
10 0.301563 0.321875 0.084375 0.012500
10 0.143750 0.406250 0.100000 0.028125
10 0.025000 0.375000 0.050000 0.028125
15 0.768750 0.626563 0.018750 0.025000
15 0.632812 0.621875 0.018750 0.025000
15 0.510938 0.626563 0.018750 0.025000
15 0.315625 0.612500 0.018750 0.025000
10 0.769531 0.653906 0.095312 0.007812
10 0.633594 0.675000 0.092188 0.015625
10 0.511719 0.615625 0.098437 0.028125
10 0.315625 0.584375 0.112500 0.028125
10 0.153906 0.573438 0.057813 0.012500
10 0.024219 0.582812 0.048438 0.025000
14 0.751563 0.437500 0.193750 0.021875
14 0.334375 0.436719 0.187500 0.023438
14 0.644531 0.561719 0.364063 0.042188
14 0.314844 0.555469 0.110937 0.035937
14 0.070312 0.641406 0.037500 0.010937
14 0.641406 0.323437 0.342187 0.040625
14 0.291406 0.460156 0.082812 0.020313
14 0.101562 0.296875 0.203125 0.093750
9 0.860938 0.495312 0.003125 0.328125
9 0.398438 0.495312 0.003125 0.328125
9 0.816406 0.631250 0.001563 0.053125
9 0.771094 0.627344 0.001563 0.060937
2 0.757812 0.594531 0.015625 0.045312
9 0.722656 0.631250 0.001563 0.053125
9 0.677344 0.646875 0.001563 0.050000
9 0.632031 0.639844 0.001563 0.070312
9 0.588281 0.658594 0.001563 0.042188
2 0.575000 0.635156 0.015625 0.045312
9 0.560156 0.627344 0.001563 0.042188
2 0.526563 0.650781 0.015625 0.045312
9 0.511719 0.643750 0.001563 0.056250
4 0.482031 0.675000 0.010937 0.043750
9 0.442969 0.732031 0.001563 0.042188
9 0.463281 0.665625 0.001563 0.078125
2 0.429688 0.707031 0.015625 0.045312
9 0.371094 0.594531 0.001563 0.042188
4 0.339844 0.618750 0.010937 0.043750
9 0.310156 0.611719 0.001563 0.054688
9 0.241406 0.755469 0.001563 0.042188
9 0.260156 0.660937 0.001563 0.134375
15 0.171875 0.555469 0.015625 0.017188
9 0.182031 0.627344 0.001563 0.104688
15 0.115625 0.550781 0.015625 0.017188
9 0.125781 0.621875 0.001563 0.100000
9 0.094531 0.674219 0.001563 0.042188
4 0.083594 0.618750 0.010937 0.043750
4 0.083594 0.675000 0.010937 0.043750
15 0.035937 0.553125 0.021875 0.015625
9 0.046094 0.630469 0.001563 0.114062
13 0.210938 0.618750 0.031250 0.037500
7 0.005469 0.634375 0.010937 0.075000
9 0.813281 0.379688 0.001563 0.062500
9 0.742969 0.353125 0.001563 0.050000
15 0.682031 0.357812 0.017188 0.053125
9 0.674219 0.359375 0.001563 0.053125
9 0.442969 0.448437 0.001563 0.065625
9 0.463281 0.352344 0.001563 0.051562
2 0.429688 0.413281 0.015625 0.045312
15 0.332813 0.303906 0.015625 0.017188
9 0.342969 0.378125 0.001563 0.109375
4 0.297656 0.396875 0.010937 0.043750
4 0.313281 0.379688 0.010937 0.043750
4 0.313281 0.435937 0.010937 0.043750
15 0.251563 0.299219 0.015625 0.017188
9 0.260156 0.373437 0.001563 0.106250
9 0.191406 0.396094 0.001563 0.042188
9 0.139844 0.362500 0.001563 0.087500
9 0.094531 0.365625 0.001563 0.062500
9 0.049219 0.334375 0.001563 0.062500
4 0.039844 0.300000 0.010937 0.043750
15 0.452344 0.513281 0.032813 0.039062
0 0.826562 0.603125 0.021875 0.018750
0 0.781250 0.593750 0.021875 0.018750
0 0.732812 0.603125 0.021875 0.018750
0 0.687500 0.618750 0.021875 0.018750
0 0.642188 0.603125 0.021875 0.018750
0 0.598437 0.634375 0.021875 0.018750
0 0.550000 0.651563 0.021875 0.018750
0 0.503125 0.675000 0.021875 0.018750
0 0.453125 0.707812 0.021875 0.018750
0 0.453125 0.707812 0.021875 0.018750
0 0.360938 0.618750 0.021875 0.018750
0 0.301563 0.642188 0.021875 0.018750
0 0.251563 0.731250 0.021875 0.018750
0 0.251563 0.675000 0.021875 0.018750
0 0.251563 0.731250 0.021875 0.018750
0 0.171875 0.682813 0.021875 0.018750
0 0.171875 0.626563 0.021875 0.018750
0 0.115625 0.618750 0.021875 0.018750
0 0.115625 0.675000 0.021875 0.018750
0 0.104688 0.651563 0.021875 0.018750
0 0.037500 0.651563 0.021875 0.018750
0 0.037500 0.634375 0.021875 0.018750
0 0.037500 0.690625 0.021875 0.018750
0 0.803125 0.412500 0.021875 0.018750
0 0.732812 0.381250 0.021875 0.018750
0 0.665625 0.389062 0.021875 0.018750
1 0.453125 0.412500 0.021875 0.018750
1 0.453125 0.437500 0.021875 0.018750
0 0.453125 0.381250 0.021875 0.018750
0 0.332813 0.381250 0.021875 0.018750
0 0.332813 0.396875 0.021875 0.018750
0 0.332813 0.437500 0.021875 0.018750
0 0.251563 0.429688 0.021875 0.018750
0 0.251563 0.373437 0.021875 0.018750
0 0.251563 0.389062 0.021875 0.018750
0 0.201563 0.373437 0.021875 0.018750
0 0.150000 0.315625 0.021875 0.018750
0 0.104688 0.332813 0.021875 0.018750
0 0.059375 0.300000 0.021875 0.018750
0 0.009375 0.315625 0.018750 0.018750
