10 0.372656 0.330469 0.189062 0.035937
10 0.130469 0.321875 0.201563 0.028125
10 0.400781 0.455469 0.189062 0.020313
10 0.142969 0.439844 0.139063 0.020313
10 0.372656 0.597656 0.189062 0.035937
10 0.130469 0.588281 0.201563 0.032813
10 0.400781 0.719531 0.189062 0.020313
10 0.142969 0.707031 0.139063 0.020313
14 0.785156 0.437500 0.126562 0.021875
14 0.693750 0.721875 0.081250 0.034375
14 0.249219 0.563281 0.435937 0.051562
14 0.285938 0.746875 0.421875 0.043750
14 0.766406 0.425781 0.039062 0.010937
14 0.719531 0.484375 0.129688 0.028125
14 0.682813 0.425781 0.031250 0.010937
14 0.692187 0.408594 0.050000 0.010937
14 0.682813 0.441406 0.034375 0.010937
14 0.702344 0.339062 0.201563 0.028125
14 0.484375 0.371875 0.025000 0.009375
14 0.285938 0.478906 0.421875 0.045312
14 0.249219 0.296094 0.435937 0.048438
9 0.860938 0.516406 0.003125 0.370312
9 0.537500 0.516406 0.003125 0.370312
9 0.742969 0.663281 0.001563 0.101562
3 0.710156 0.653125 0.014063 0.040625
3 0.710156 0.709375 0.014063 0.040625
15 0.671094 0.654687 0.017188 0.053125
9 0.663281 0.656250 0.001563 0.053125
12 0.581250 0.671875 0.015625 0.028125
9 0.496094 0.692969 0.001563 0.073438
2 0.482812 0.652344 0.015625 0.045312
9 0.466406 0.625000 0.001563 0.050000
4 0.436719 0.651563 0.010937 0.043750
9 0.397656 0.696875 0.001563 0.065625
9 0.349219 0.704688 0.001563 0.050000
2 0.335938 0.677344 0.015625 0.045312
9 0.307031 0.680469 0.001563 0.098437
9 0.278906 0.605469 0.001563 0.042188
9 0.211719 0.678125 0.001563 0.078125
9 0.230469 0.610156 0.001563 0.045312
9 0.163281 0.682031 0.001563 0.070312
9 0.113281 0.690625 0.001563 0.053125
4 0.103906 0.660937 0.010937 0.043750
9 0.074219 0.670312 0.001563 0.093750
2 0.060937 0.619531 0.015625 0.045312
9 0.030469 0.596875 0.001563 0.040625
2 0.003125 0.619531 0.006250 0.045312
7 0.837500 0.676562 0.028125 0.075000
15 0.800781 0.467187 0.020313 0.053125
9 0.791406 0.446094 0.001563 0.092188
15 0.819531 0.350000 0.017188 0.053125
9 0.811719 0.351562 0.001563 0.053125
3 0.778906 0.389062 0.014063 0.040625
15 0.732031 0.459375 0.020313 0.053125
9 0.722656 0.445312 0.001563 0.075000
15 0.652344 0.459375 0.020313 0.053125
9 0.642969 0.445312 0.001563 0.075000
3 0.613281 0.420312 0.014063 0.040625
12 0.581250 0.431250 0.015625 0.028125
9 0.594531 0.359375 0.001563 0.053125
2 0.560937 0.388281 0.015625 0.045312
9 0.496094 0.428906 0.001563 0.073438
2 0.482812 0.388281 0.015625 0.045312
9 0.466406 0.357812 0.001563 0.053125
4 0.436719 0.387500 0.010937 0.043750
9 0.397656 0.432812 0.001563 0.065625
9 0.349219 0.440625 0.001563 0.050000
2 0.335938 0.413281 0.015625 0.045312
9 0.307031 0.416406 0.001563 0.098437
9 0.278906 0.338281 0.001563 0.045312
9 0.211719 0.411719 0.001563 0.073438
9 0.230469 0.345313 0.001563 0.050000
9 0.163281 0.415625 0.001563 0.065625
9 0.113281 0.425000 0.001563 0.050000
4 0.103906 0.396875 0.010937 0.043750
9 0.074219 0.404687 0.001563 0.090625
2 0.060937 0.355469 0.015625 0.045312
9 0.030469 0.332813 0.001563 0.040625
2 0.003125 0.355469 0.006250 0.045312
15 0.651563 0.522656 0.053125 0.026562
0 0.732812 0.660937 0.021875 0.018750
0 0.732812 0.717187 0.021875 0.018750
0 0.653125 0.684375 0.021875 0.018750
0 0.506250 0.653125 0.021875 0.018750
0 0.456250 0.653125 0.021875 0.018750
0 0.407813 0.660937 0.021875 0.018750
0 0.359375 0.676562 0.021875 0.018750
0 0.317188 0.628125 0.021875 0.018750
0 0.270313 0.628125 0.021875 0.018750
0 0.221875 0.635938 0.021875 0.018750
0 0.221875 0.635938 0.021875 0.018750
0 0.173437 0.645312 0.021875 0.018750
0 0.123438 0.660937 0.021875 0.018750
0 0.084375 0.620313 0.021875 0.018750
0 0.021875 0.620313 0.021875 0.018750
0 0.801562 0.421875 0.021875 0.018750
0 0.801562 0.437500 0.021875 0.018750
0 0.801562 0.396875 0.021875 0.018750
0 0.801562 0.381250 0.021875 0.018750
0 0.732812 0.421875 0.021875 0.018750
0 0.732812 0.404687 0.021875 0.018750
0 0.714063 0.429688 0.021875 0.018750
0 0.653125 0.421875 0.021875 0.018750
0 0.653125 0.404687 0.021875 0.018750
0 0.634375 0.429688 0.021875 0.018750
0 0.584375 0.389062 0.021875 0.018750
0 0.506250 0.389062 0.021875 0.018750
0 0.456250 0.389062 0.021875 0.018750
0 0.407813 0.396875 0.021875 0.018750
0 0.359375 0.412500 0.021875 0.018750
0 0.317188 0.364063 0.021875 0.018750
0 0.270313 0.364063 0.021875 0.018750
0 0.221875 0.373437 0.021875 0.018750
0 0.221875 0.373437 0.021875 0.018750
0 0.173437 0.381250 0.021875 0.018750
0 0.123438 0.396875 0.021875 0.018750
0 0.084375 0.356250 0.021875 0.018750
0 0.021875 0.356250 0.021875 0.018750
