15 0.789062 0.371875 0.018750 0.025000
15 0.051562 0.376563 0.018750 0.025000
10 0.789844 0.357812 0.092188 0.028125
10 0.052344 0.328125 0.092188 0.025000
15 0.426563 0.363281 0.031250 0.023438
10 0.427344 0.477344 0.382812 0.032813
15 0.445312 0.672656 0.031250 0.023438
10 0.446094 0.608594 0.382812 0.032813
14 0.441406 0.436719 0.410938 0.026562
14 0.451562 0.746094 0.412500 0.073438
14 0.451562 0.332031 0.412500 0.089063
14 0.043750 0.286719 0.087500 0.035937
9 0.860938 0.518750 0.003125 0.375000
9 0.123438 0.518750 0.003125 0.375000
12 0.733594 0.672656 0.017188 0.048438
9 0.666406 0.653125 0.001563 0.050000
9 0.636719 0.642969 0.001563 0.101562
9 0.605469 0.651563 0.001563 0.118750
9 0.574219 0.642969 0.001563 0.101562
9 0.542969 0.651563 0.001563 0.118750
9 0.511719 0.659375 0.001563 0.134375
4 0.482031 0.729688 0.010937 0.043750
9 0.464844 0.663281 0.001563 0.142187
9 0.392969 0.622656 0.001563 0.060937
9 0.361719 0.631250 0.001563 0.078125
9 0.328906 0.639062 0.001563 0.093750
4 0.299219 0.689063 0.010937 0.043750
9 0.286719 0.642969 0.001563 0.101562
9 0.255469 0.667188 0.001563 0.150000
4 0.225781 0.745313 0.010937 0.043750
12 0.158594 0.672656 0.017188 0.048438
7 0.420312 0.681250 0.028125 0.075000
13 0.195312 0.664062 0.031250 0.037500
15 0.825000 0.340625 0.021875 0.003125
9 0.835156 0.401562 0.001563 0.065625
15 0.781250 0.340625 0.021875 0.003125
9 0.789844 0.391406 0.001563 0.067187
12 0.733594 0.461719 0.017188 0.048438
15 0.735938 0.321875 0.021875 0.003125
9 0.744531 0.375000 0.001563 0.053125
9 0.647656 0.345313 0.001563 0.053125
9 0.616406 0.413281 0.001563 0.157812
9 0.585156 0.422656 0.001563 0.142187
9 0.553906 0.430469 0.001563 0.126562
9 0.522656 0.434375 0.001563 0.118750
9 0.491406 0.430469 0.001563 0.126562
4 0.482031 0.364063 0.010937 0.043750
9 0.446094 0.434375 0.001563 0.118750
9 0.372656 0.442969 0.001563 0.101562
9 0.341406 0.450781 0.001563 0.085938
9 0.310156 0.461719 0.001563 0.060937
9 0.267969 0.450781 0.001563 0.085938
9 0.236719 0.442969 0.001563 0.101562
12 0.158594 0.428906 0.017188 0.048438
15 0.160938 0.310937 0.021875 0.003125
9 0.171094 0.345313 0.001563 0.050000
15 0.087500 0.321875 0.021875 0.003125
9 0.097656 0.360938 0.001563 0.050000
15 0.043750 0.314063 0.021875 0.003125
9 0.052344 0.353125 0.001563 0.050000
15 0.004687 0.306250 0.009375 0.003125
9 0.007031 0.345313 0.001563 0.050000
0 0.657813 0.681250 0.021875 0.018750
0 0.626563 0.696875 0.021875 0.018750
0 0.595313 0.714063 0.021875 0.018750
0 0.564063 0.696875 0.021875 0.018750
0 0.532813 0.714063 0.021875 0.018750
0 0.501563 0.729688 0.021875 0.018750
0 0.456250 0.737500 0.021875 0.018750
0 0.382812 0.656250 0.021875 0.018750
0 0.351562 0.673438 0.021875 0.018750
0 0.320312 0.689063 0.021875 0.018750
0 0.278125 0.696875 0.021875 0.018750
0 0.246875 0.745313 0.021875 0.018750
0 0.826562 0.437500 0.021875 0.018750
0 0.781250 0.429688 0.021875 0.018750
0 0.735938 0.404687 0.021875 0.018750
0 0.657813 0.315625 0.021875 0.018750
0 0.626563 0.332813 0.021875 0.018750
0 0.595313 0.348438 0.021875 0.018750
0 0.564063 0.364063 0.021875 0.018750
0 0.532813 0.373437 0.021875 0.018750
0 0.501563 0.364063 0.021875 0.018750
0 0.456250 0.373437 0.021875 0.018750
0 0.382812 0.389062 0.021875 0.018750
0 0.351562 0.404687 0.021875 0.018750
0 0.320312 0.429688 0.021875 0.018750
0 0.278125 0.404687 0.021875 0.018750
0 0.246875 0.389062 0.021875 0.018750
1 0.160938 0.373437 0.021875 0.018750
0 0.089063 0.389062 0.021875 0.018750
0 0.043750 0.381250 0.021875 0.018750
0 0.004687 0.373437 0.009375 0.018750
