8 0.994531 0.017969 0.004687 0.004687
8 0.925781 0.010156 0.004687 0.004687
8 0.877344 0.002344 0.004687 0.004687
8 0.780469 0.010156 0.004687 0.004687
8 0.671094 0.002344 0.004687 0.004687
8 0.622656 0.002344 0.004687 0.004687
8 0.574219 0.002344 0.004687 0.004687
8 0.525781 0.002344 0.004687 0.004687
8 0.457031 0.002344 0.004687 0.004687
8 0.410156 0.002344 0.004687 0.004687
8 0.361719 0.002344 0.004687 0.004687
8 0.313281 0.002344 0.004687 0.004687
4 0.133594 0.017969 0.010937 0.035937
0 0.991406 0.003906 0.017188 0.007812
0 0.201563 0.003906 0.021875 0.007812
0 0.154688 0.015625 0.021875 0.018750
0 0.104688 0.007812 0.021875 0.015625
0 0.057813 0.003906 0.021875 0.007812
