14 0.793750 0.368750 0.018750 0.025000
14 0.660937 0.368750 0.018750 0.025000
14 0.528125 0.365625 0.018750 0.025000
14 0.426563 0.364063 0.018750 0.025000
13 0.463281 0.357812 0.039062 0.012500
13 0.387500 0.357812 0.043750 0.012500
10 0.724219 0.313281 0.220312 0.035937
10 0.467969 0.382031 0.195312 0.035937
10 0.259375 0.381250 0.140625 0.040625
14 0.775000 0.629687 0.018750 0.025000
14 0.640625 0.629687 0.018750 0.025000
14 0.546875 0.634375 0.018750 0.025000
14 0.426563 0.637500 0.018750 0.025000
13 0.465625 0.644531 0.043750 0.014063
13 0.388281 0.640625 0.039062 0.012500
10 0.703906 0.704688 0.220312 0.043750
10 0.486719 0.616406 0.195312 0.035937
10 0.259375 0.697656 0.140625 0.045312
10 0.685156 0.814844 0.142187 0.007812
10 0.259375 0.828125 0.103125 0.015625
13 0.790625 0.950000 0.112500 0.021875
13 0.542188 0.950000 0.103125 0.021875
13 0.338281 0.950000 0.064062 0.021875
13 0.239844 0.950000 0.101562 0.021875
13 0.703125 0.436719 0.218750 0.023438
13 0.279687 0.435937 0.181250 0.021875
13 0.688281 0.810156 0.329688 0.035937
13 0.215625 0.822656 0.334375 0.035937
13 0.838281 0.585156 0.029687 0.010937
13 0.596875 0.657813 0.015625 0.009375
13 0.485938 0.675781 0.031250 0.010937
13 0.482812 0.554688 0.740625 0.053125
13 0.838281 0.389062 0.029687 0.009375
13 0.589063 0.330469 0.031250 0.010937
13 0.485938 0.314844 0.031250 0.010937
13 0.482812 0.256250 0.740625 0.068750
14 0.860938 0.921875 0.003125 0.156250
14 0.860938 0.499219 0.003125 0.335938
14 0.143750 0.921875 0.003125 0.156250
14 0.143750 0.499219 0.003125 0.335938
14 0.745313 0.935937 0.021875 0.003125
9 0.755469 0.862500 0.001563 0.103125
2 0.703125 0.900781 0.015625 0.045312
2 0.721875 0.860156 0.015625 0.045312
2 0.721875 0.916406 0.015625 0.045312
14 0.604688 0.935937 0.021875 0.003125
9 0.614844 0.862500 0.001563 0.103125
14 0.501563 0.935937 0.021875 0.003125
14 0.517969 0.829688 0.017188 0.053125
9 0.510156 0.859375 0.001563 0.109375
14 0.381250 0.943750 0.021875 0.003125
14 0.397656 0.837500 0.017188 0.053125
9 0.389844 0.867188 0.001563 0.109375
14 0.301563 0.943750 0.021875 0.003125
9 0.310156 0.872656 0.001563 0.098437
2 0.278125 0.867969 0.015625 0.045312
2 0.278125 0.924219 0.015625 0.045312
14 0.200000 0.959375 0.021875 0.003125
9 0.208594 0.885938 0.001563 0.106250
4 0.164844 0.925000 0.010937 0.043750
4 0.178906 0.900000 0.010937 0.043750
14 0.026562 0.959375 0.021875 0.003125
14 0.042969 0.854688 0.017188 0.053125
9 0.035156 0.882812 0.001563 0.109375
4 0.005469 0.900000 0.010937 0.043750
14 0.025781 0.986719 0.051562 0.026562
9 0.813281 0.651563 0.001563 0.093750
9 0.783594 0.657031 0.001563 0.089063
2 0.770312 0.610156 0.015625 0.045312
9 0.735156 0.664844 0.001563 0.085938
2 0.721875 0.617969 0.015625 0.045312
9 0.688281 0.662500 0.001563 0.100000
4 0.677344 0.609375 0.010937 0.043750
9 0.646094 0.657031 0.001563 0.120313
9 0.594531 0.700781 0.001563 0.045312
9 0.583594 0.645312 0.001563 0.053125
4 0.553906 0.675000 0.010937 0.043750
9 0.541406 0.638281 0.001563 0.048438
9 0.510156 0.634375 0.001563 0.043750
9 0.480469 0.632031 0.001563 0.045312
4 0.450781 0.657813 0.010937 0.043750
9 0.438281 0.631250 0.001563 0.050000
2 0.404687 0.658594 0.015625 0.045312
9 0.389844 0.624219 0.001563 0.045312
4 0.360156 0.650000 0.010937 0.043750
9 0.328906 0.692969 0.001563 0.045312
9 0.291406 0.665625 0.001563 0.087500
3 0.278906 0.609375 0.014063 0.040625
9 0.238281 0.652344 0.001563 0.095312
4 0.228906 0.601562 0.010937 0.043750
9 0.189844 0.651563 0.001563 0.078125
9 0.102344 0.630469 0.001563 0.051562
4 0.092969 0.601562 0.010937 0.043750
12 0.621875 0.626563 0.031250 0.037500
7 0.062500 0.642188 0.028125 0.075000
9 0.833594 0.342187 0.001563 0.053125
9 0.802344 0.346094 0.001563 0.064062
2 0.770312 0.380469 0.015625 0.045312
9 0.755469 0.346875 0.001563 0.075000
2 0.721875 0.388281 0.015625 0.045312
9 0.707031 0.341406 0.001563 0.070312
4 0.677344 0.379688 0.010937 0.043750
9 0.664844 0.332031 0.001563 0.057813
9 0.614844 0.322656 0.001563 0.045312
9 0.564844 0.374219 0.001563 0.045312
4 0.553906 0.348438 0.010937 0.043750
9 0.521094 0.368750 0.001563 0.050000
9 0.491406 0.362500 0.001563 0.056250
9 0.461719 0.360938 0.001563 0.053125
4 0.450781 0.331250 0.010937 0.043750
9 0.417969 0.359375 0.001563 0.050000
2 0.404687 0.332031 0.015625 0.045312
9 0.371094 0.353125 0.001563 0.053125
4 0.360156 0.323437 0.010937 0.043750
9 0.328906 0.370312 0.001563 0.053125
9 0.291406 0.343750 0.001563 0.096875
3 0.278906 0.282813 0.014063 0.040625
9 0.238281 0.330469 0.001563 0.104688
4 0.228906 0.275000 0.010937 0.043750
9 0.189844 0.331250 0.001563 0.090625
9 0.102344 0.320312 0.001563 0.084375
4 0.092969 0.275000 0.010937 0.043750
14 0.110937 0.507031 0.053125 0.026562
0 0.745313 0.860938 0.021875 0.018750
0 0.745313 0.884375 0.021875 0.018750
0 0.745313 0.901563 0.021875 0.018750
0 0.745313 0.917188 0.021875 0.018750
0 0.604688 0.860938 0.021875 0.018750
0 0.604688 0.917188 0.021875 0.018750
0 0.604688 0.892188 0.021875 0.018750
0 0.501563 0.917188 0.021875 0.018750
0 0.501563 0.892188 0.021875 0.018750
0 0.501563 0.860938 0.021875 0.018750
0 0.381250 0.868750 0.021875 0.018750
0 0.381250 0.892188 0.021875 0.018750
0 0.381250 0.909375 0.021875 0.018750
0 0.381250 0.925000 0.021875 0.018750
0 0.301563 0.868750 0.021875 0.018750
0 0.301563 0.892188 0.021875 0.018750
0 0.301563 0.909375 0.021875 0.018750
0 0.301563 0.925000 0.021875 0.018750
0 0.200000 0.884375 0.021875 0.018750
0 0.200000 0.901563 0.021875 0.018750
0 0.200000 0.925000 0.021875 0.018750
0 0.200000 0.940625 0.021875 0.018750
0 0.026562 0.884375 0.021875 0.018750
0 0.026562 0.901563 0.021875 0.018750
0 0.026562 0.925000 0.021875 0.018750
0 0.026562 0.940625 0.021875 0.018750
0 0.823438 0.601562 0.021875 0.018750
0 0.793750 0.610938 0.021875 0.018750
0 0.745313 0.618750 0.021875 0.018750
0 0.698438 0.610938 0.021875 0.018750
0 0.656250 0.593750 0.021875 0.018750
0 0.604688 0.675000 0.021875 0.018750
0 0.575000 0.675000 0.021875 0.018750
0 0.531250 0.667188 0.021875 0.018750
0 0.501563 0.659375 0.021875 0.018750
0 0.471875 0.659375 0.021875 0.018750
0 0.428125 0.659375 0.021875 0.018750
0 0.381250 0.650000 0.021875 0.018750
0 0.339062 0.667188 0.021875 0.018750
0 0.301563 0.618750 0.021875 0.018750
0 0.248438 0.601562 0.021875 0.018750
0 0.200000 0.610938 0.021875 0.018750
0 0.112500 0.601562 0.021875 0.018750
0 0.823438 0.373437 0.021875 0.018750
0 0.793750 0.381250 0.021875 0.018750
0 0.745313 0.389062 0.021875 0.018750
0 0.698438 0.381250 0.021875 0.018750
0 0.656250 0.364063 0.021875 0.018750
0 0.604688 0.348438 0.021875 0.018750
0 0.575000 0.348438 0.021875 0.018750
0 0.531250 0.340625 0.021875 0.018750
0 0.501563 0.332813 0.021875 0.018750
0 0.471875 0.332813 0.021875 0.018750
0 0.428125 0.332813 0.021875 0.018750
0 0.381250 0.325000 0.021875 0.018750
0 0.339062 0.340625 0.021875 0.018750
0 0.301563 0.292187 0.021875 0.018750
0 0.248438 0.276562 0.021875 0.018750
0 0.200000 0.284375 0.021875 0.018750
0 0.112500 0.276562 0.021875 0.018750
