10 0.722656 0.382812 0.098437 0.012500
10 0.550000 0.395313 0.068750 0.012500
10 0.378906 0.367188 0.089063 0.012500
10 0.143750 0.375781 0.068750 0.007812
10 0.741406 0.539062 0.098437 0.012500
10 0.570312 0.542188 0.068750 0.012500
10 0.397656 0.526563 0.089063 0.012500
10 0.164062 0.536719 0.068750 0.007812
10 0.754687 0.735938 0.125000 0.025000
10 0.584375 0.733594 0.096875 0.020313
10 0.414062 0.733594 0.121875 0.020313
10 0.195312 0.725781 0.131250 0.020313
10 0.037500 0.725781 0.075000 0.020313
14 0.690625 0.906250 0.315625 0.021875
14 0.425000 0.904687 0.181250 0.021875
14 0.178906 0.904687 0.220312 0.025000
14 0.690625 0.437500 0.315625 0.021875
14 0.425000 0.435937 0.181250 0.021875
14 0.214062 0.436719 0.153125 0.023438
14 0.838281 0.775781 0.029687 0.010937
14 0.838281 0.791406 0.029687 0.010937
14 0.767188 0.851562 0.168750 0.015625
14 0.653906 0.771094 0.032813 0.010937
14 0.653906 0.788281 0.032813 0.010937
14 0.497656 0.771094 0.032813 0.010937
14 0.497656 0.788281 0.032813 0.010937
14 0.298438 0.771094 0.065625 0.010937
14 0.298438 0.788281 0.065625 0.010937
14 0.264844 0.835156 0.129688 0.014063
14 0.094531 0.758594 0.026562 0.010937
14 0.094531 0.775781 0.026562 0.010937
14 0.426563 0.695312 0.853125 0.065625
14 0.693750 0.517188 0.315625 0.031250
14 0.250781 0.523438 0.382812 0.059375
14 0.689844 0.303125 0.326562 0.040625
14 0.235156 0.289844 0.395313 0.048438
9 0.860938 0.900000 0.003125 0.200000
9 0.860938 0.468750 0.003125 0.275000
9 0.303125 0.900000 0.003125 0.200000
9 0.303125 0.468750 0.003125 0.275000
12 0.682031 0.985156 0.017188 0.029687
9 0.441406 0.981250 0.001563 0.037500
12 0.342187 0.991406 0.015625 0.017188
12 0.117969 0.985156 0.017188 0.029687
15 0.807813 0.718750 0.021875 0.003125
9 0.816406 0.764062 0.001563 0.065625
15 0.751563 0.715625 0.021875 0.003125
9 0.761719 0.763281 0.001563 0.067187
4 0.713281 0.800000 0.010937 0.043750
2 0.728125 0.783594 0.015625 0.045312
15 0.684375 0.892188 0.021875 0.003125
9 0.674219 0.859375 0.001563 0.046875
9 0.692969 0.758594 0.001563 0.060937
2 0.660937 0.832031 0.015625 0.045312
15 0.621875 0.714063 0.021875 0.003125
9 0.632031 0.756250 0.001563 0.065625
15 0.565625 0.714063 0.021875 0.003125
9 0.575781 0.756250 0.001563 0.065625
12 0.524219 0.849219 0.017188 0.048438
9 0.536719 0.756250 0.001563 0.065625
15 0.465625 0.714063 0.021875 0.003125
9 0.474219 0.756250 0.001563 0.065625
3 0.428906 0.784375 0.014063 0.040625
4 0.444531 0.776563 0.010937 0.043750
15 0.398438 0.714063 0.021875 0.003125
9 0.408594 0.756250 0.001563 0.065625
2 0.376563 0.775781 0.015625 0.045312
9 0.335156 0.846094 0.001563 0.051562
9 0.353906 0.756250 0.001563 0.065625
15 0.250000 0.706250 0.021875 0.003125
9 0.258594 0.752344 0.001563 0.073438
4 0.210156 0.792188 0.010937 0.043750
2 0.226562 0.775781 0.015625 0.045312
15 0.187500 0.884375 0.021875 0.003125
15 0.188281 0.846875 0.020313 0.053125
9 0.178906 0.846094 0.001563 0.051562
4 0.167969 0.815625 0.010937 0.043750
15 0.159375 0.706250 0.021875 0.003125
9 0.169531 0.748437 0.001563 0.065625
12 0.117188 0.835938 0.015625 0.028125
9 0.130469 0.748437 0.001563 0.065625
15 0.065625 0.706250 0.021875 0.003125
9 0.075781 0.748437 0.001563 0.065625
15 0.010156 0.706250 0.020313 0.003125
9 0.019531 0.748437 0.001563 0.065625
15 0.030469 0.918750 0.060937 0.025000
9 0.789844 0.560937 0.001563 0.050000
4 0.760156 0.589063 0.010937 0.043750
9 0.692969 0.567187 0.001563 0.053125
2 0.660937 0.596094 0.015625 0.045312
9 0.603906 0.567187 0.001563 0.053125
4 0.574219 0.596875 0.010937 0.043750
9 0.536719 0.572656 0.001563 0.057813
9 0.441406 0.546094 0.001563 0.045312
3 0.410156 0.564063 0.014063 0.040625
9 0.353906 0.553125 0.001563 0.050000
4 0.324219 0.579688 0.010937 0.043750
9 0.197656 0.559375 0.001563 0.053125
2 0.165625 0.588281 0.015625 0.045312
9 0.130469 0.559375 0.001563 0.053125
15 0.055469 0.565625 0.017188 0.053125
9 0.047656 0.567187 0.001563 0.053125
9 0.769531 0.353125 0.001563 0.053125
4 0.760156 0.323437 0.010937 0.043750
9 0.674219 0.359375 0.001563 0.050000
2 0.660937 0.332031 0.015625 0.045312
9 0.585156 0.363281 0.001563 0.057813
4 0.574219 0.331250 0.010937 0.043750
9 0.516406 0.370312 0.001563 0.053125
9 0.422656 0.337500 0.001563 0.053125
3 0.410156 0.300000 0.014063 0.040625
9 0.335156 0.343750 0.001563 0.050000
4 0.324219 0.315625 0.010937 0.043750
9 0.178906 0.353125 0.001563 0.053125
2 0.165625 0.324219 0.015625 0.045312
9 0.110156 0.353125 0.001563 0.053125
15 0.036719 0.362500 0.020313 0.053125
9 0.027344 0.360156 0.001563 0.051562
2 0.014063 0.332031 0.015625 0.045312
15 0.095312 0.454688 0.065625 0.025000
15 0.035937 0.461719 0.053125 0.026562
0 0.807813 0.784375 0.021875 0.018750
0 0.807813 0.800000 0.021875 0.018750
0 0.751563 0.784375 0.021875 0.018750
0 0.751563 0.800000 0.021875 0.018750
0 0.684375 0.832812 0.021875 0.018750
0 0.684375 0.776563 0.021875 0.018750
0 0.684375 0.792188 0.021875 0.018750
0 0.621875 0.776563 0.021875 0.018750
0 0.621875 0.792188 0.021875 0.018750
0 0.567187 0.776563 0.021875 0.018750
0 0.567187 0.792188 0.021875 0.018750
0 0.526563 0.776563 0.021875 0.018750
0 0.526563 0.792188 0.021875 0.018750
0 0.465625 0.776563 0.021875 0.018750
0 0.465625 0.792188 0.021875 0.018750
0 0.400000 0.776563 0.021875 0.018750
0 0.400000 0.792188 0.021875 0.018750
0 0.345313 0.817187 0.021875 0.018750
0 0.345313 0.776563 0.021875 0.018750
0 0.345313 0.792188 0.021875 0.018750
0 0.250000 0.776563 0.021875 0.018750
0 0.250000 0.792188 0.021875 0.018750
0 0.189062 0.817187 0.021875 0.018750
0 0.160938 0.768750 0.021875 0.018750
0 0.160938 0.784375 0.021875 0.018750
0 0.120313 0.768750 0.021875 0.018750
0 0.120313 0.784375 0.021875 0.018750
0 0.065625 0.768750 0.021875 0.018750
0 0.065625 0.784375 0.021875 0.018750
0 0.010156 0.768750 0.020313 0.018750
0 0.010156 0.784375 0.020313 0.018750
0 0.779687 0.589063 0.021875 0.018750
0 0.684375 0.596875 0.021875 0.018750
0 0.595313 0.596875 0.021875 0.018750
0 0.526563 0.604688 0.021875 0.018750
0 0.432812 0.573438 0.021875 0.018750
0 0.345313 0.581250 0.021875 0.018750
0 0.189062 0.589063 0.021875 0.018750
0 0.120313 0.589063 0.021875 0.018750
0 0.037500 0.596875 0.021875 0.018750
0 0.779687 0.325000 0.021875 0.018750
0 0.684375 0.332813 0.021875 0.018750
0 0.595313 0.332813 0.021875 0.018750
0 0.526563 0.340625 0.021875 0.018750
0 0.432812 0.307812 0.021875 0.018750
0 0.345313 0.315625 0.021875 0.018750
0 0.189062 0.325000 0.021875 0.018750
0 0.120313 0.325000 0.021875 0.018750
0 0.037500 0.332813 0.021875 0.018750
