10 0.415625 0.005469 0.218750 0.007812
8 0.803125 0.020313 0.006250 0.018750
8 0.748437 0.028125 0.006250 0.018750
2 0.725000 0.012500 0.015625 0.025000
8 0.692187 0.020313 0.006250 0.018750
2 0.668750 0.007812 0.015625 0.015625
15 0.600000 0.082812 0.021875 0.015625
8 0.600000 0.060937 0.006250 0.018750
8 0.240625 0.068750 0.006250 0.018750
2 0.218750 0.041406 0.015625 0.045312
8 0.034375 0.060937 0.006250 0.018750
0 0.748437 0.005469 0.021875 0.010937
0 0.601562 0.034375 0.021875 0.018750
0 0.242188 0.042188 0.021875 0.018750
0 0.034375 0.034375 0.021875 0.018750
