15 0.715625 0.212500 0.018750 0.025000
15 0.448437 0.212500 0.018750 0.025000
15 0.182812 0.212500 0.018750 0.025000
14 0.017969 0.203906 0.035937 0.017188
10 0.628906 0.153125 0.379688 0.046875
10 0.133594 0.260937 0.267188 0.053125
15 0.707812 0.442188 0.018750 0.025000
15 0.442188 0.442188 0.018750 0.025000
15 0.175000 0.445312 0.018750 0.025000
10 0.567187 0.403906 0.440625 0.035937
10 0.128125 0.445312 0.256250 0.040625
14 0.426563 0.592969 0.853125 0.070312
14 0.745313 0.288281 0.128125 0.032813
14 0.493750 0.303906 0.128125 0.032813
14 0.212500 0.125781 0.128125 0.032813
9 0.860938 0.332813 0.003125 0.293750
15 0.776563 0.518750 0.021875 0.015625
9 0.786719 0.439844 0.001563 0.101562
3 0.755469 0.429688 0.014063 0.040625
3 0.755469 0.485938 0.014063 0.040625
15 0.714063 0.528125 0.021875 0.015625
9 0.722656 0.446094 0.001563 0.107813
4 0.692969 0.445312 0.010937 0.043750
15 0.620313 0.535937 0.021875 0.015625
9 0.630469 0.451562 0.001563 0.112500
4 0.599219 0.453125 0.010937 0.043750
4 0.599219 0.510938 0.010937 0.043750
15 0.526563 0.535937 0.021875 0.015625
9 0.536719 0.453125 0.001563 0.109375
3 0.503906 0.445312 0.014063 0.040625
3 0.503906 0.501563 0.014063 0.040625
15 0.462500 0.543750 0.021875 0.015625
9 0.471094 0.458594 0.001563 0.114062
3 0.439844 0.453125 0.014063 0.040625
15 0.337500 0.551562 0.021875 0.015625
9 0.347656 0.465625 0.001563 0.118750
3 0.314844 0.462500 0.014063 0.040625
3 0.314844 0.518750 0.014063 0.040625
15 0.243750 0.567187 0.021875 0.015625
9 0.253906 0.484375 0.001563 0.109375
4 0.224219 0.485938 0.010937 0.043750
4 0.224219 0.542188 0.010937 0.043750
15 0.181250 0.576562 0.021875 0.015625
9 0.191406 0.490625 0.001563 0.115625
4 0.160156 0.493750 0.010937 0.043750
4 0.160156 0.550000 0.010937 0.043750
15 0.087500 0.584375 0.021875 0.015625
9 0.097656 0.496875 0.001563 0.118750
4 0.067969 0.501563 0.010937 0.043750
4 0.067969 0.559375 0.010937 0.043750
9 0.003906 0.499219 0.001563 0.114062
15 0.809375 0.296875 0.021875 0.015625
9 0.817969 0.191406 0.001563 0.114062
3 0.786719 0.185938 0.014063 0.040625
3 0.786719 0.242188 0.014063 0.040625
15 0.745313 0.284375 0.021875 0.015625
9 0.755469 0.196875 0.001563 0.118750
4 0.725781 0.259375 0.010937 0.043750
4 0.725781 0.201563 0.010937 0.043750
15 0.681250 0.309375 0.021875 0.015625
9 0.691406 0.202344 0.001563 0.123438
4 0.661719 0.267188 0.010937 0.043750
4 0.661719 0.210938 0.010937 0.043750
12 0.621094 0.221094 0.023438 0.060937
15 0.557813 0.312500 0.021875 0.015625
9 0.567969 0.205469 0.001563 0.117188
3 0.535156 0.201563 0.014063 0.040625
3 0.535156 0.259375 0.014063 0.040625
15 0.495312 0.300000 0.021875 0.015625
9 0.503906 0.210938 0.001563 0.121875
3 0.472656 0.267188 0.014063 0.040625
3 0.472656 0.210938 0.014063 0.040625
15 0.431250 0.325000 0.021875 0.015625
9 0.439844 0.217969 0.001563 0.126562
3 0.408594 0.218750 0.014063 0.040625
3 0.408594 0.275000 0.014063 0.040625
12 0.338281 0.221094 0.023438 0.060937
15 0.276562 0.104688 0.021875 0.015625
9 0.266406 0.205469 0.001563 0.114062
15 0.212500 0.128125 0.021875 0.015625
9 0.202344 0.210938 0.001563 0.109375
4 0.192969 0.153125 0.010937 0.043750
4 0.192969 0.210938 0.010937 0.043750
15 0.150000 0.115625 0.021875 0.015625
9 0.139844 0.217969 0.001563 0.104688
4 0.128906 0.162500 0.010937 0.043750
4 0.128906 0.218750 0.010937 0.043750
12 0.088281 0.205469 0.023438 0.060937
15 0.025000 0.120313 0.021875 0.015625
9 0.016406 0.221094 0.001563 0.110937
3 0.005469 0.153125 0.010937 0.040625
3 0.005469 0.210938 0.010937 0.040625
7 0.376563 0.226562 0.028125 0.075000
15 0.620313 0.039062 0.021875 0.015625
4 0.599219 0.017969 0.010937 0.035937
15 0.337500 0.031250 0.021875 0.015625
3 0.314844 0.009375 0.014063 0.018750
15 0.087500 0.031250 0.021875 0.015625
4 0.067969 0.014063 0.010937 0.028125
0 0.778125 0.437500 0.021875 0.018750
0 0.778125 0.495312 0.021875 0.018750
0 0.714063 0.446875 0.021875 0.018750
0 0.714063 0.503125 0.021875 0.018750
0 0.620313 0.454688 0.021875 0.018750
0 0.620313 0.510938 0.021875 0.018750
0 0.526563 0.454688 0.021875 0.018750
0 0.526563 0.510938 0.021875 0.018750
0 0.462500 0.462500 0.021875 0.018750
0 0.462500 0.518750 0.021875 0.018750
0 0.337500 0.470313 0.021875 0.018750
0 0.337500 0.526563 0.021875 0.018750
0 0.245312 0.485938 0.021875 0.018750
0 0.245312 0.543750 0.021875 0.018750
0 0.181250 0.495312 0.021875 0.018750
0 0.181250 0.551562 0.021875 0.018750
0 0.087500 0.503125 0.021875 0.018750
0 0.087500 0.559375 0.021875 0.018750
0 0.809375 0.195312 0.021875 0.018750
0 0.809375 0.251563 0.021875 0.018750
0 0.745313 0.259375 0.021875 0.018750
0 0.745313 0.203125 0.021875 0.018750
0 0.682813 0.267188 0.021875 0.018750
0 0.682813 0.210938 0.021875 0.018750
0 0.557813 0.210938 0.021875 0.018750
0 0.557813 0.267188 0.021875 0.018750
0 0.495312 0.275000 0.021875 0.018750
0 0.495312 0.218750 0.021875 0.018750
0 0.431250 0.226562 0.021875 0.018750
0 0.431250 0.282813 0.021875 0.018750
0 0.276562 0.146875 0.021875 0.018750
0 0.276562 0.203125 0.021875 0.018750
0 0.212500 0.154688 0.021875 0.018750
0 0.212500 0.210938 0.021875 0.018750
0 0.150000 0.162500 0.021875 0.018750
0 0.150000 0.218750 0.021875 0.018750
0 0.026562 0.162500 0.021875 0.018750
0 0.026562 0.218750 0.021875 0.018750
0 0.620313 0.014063 0.021875 0.018750
0 0.337500 0.007812 0.021875 0.015625
0 0.087500 0.007812 0.021875 0.015625
