14 0.016406 0.129688 0.032813 0.025000
14 0.007031 0.131250 0.014063 0.025000
10 0.214062 0.284375 0.428125 0.056250
13 0.213281 0.214844 0.426563 0.029687
13 0.214062 0.327344 0.428125 0.064062
14 0.860938 0.088281 0.003125 0.176563
11 0.465625 0.137500 0.018750 0.009375
9 0.427344 0.178906 0.001563 0.210938
9 0.446094 0.013281 0.001563 0.026562
9 0.394531 0.186719 0.001563 0.195312
9 0.414844 0.021875 0.001563 0.043750
9 0.363281 0.194531 0.001563 0.179688
9 0.382031 0.033594 0.001563 0.067187
9 0.332031 0.208594 0.001563 0.157812
9 0.350781 0.041406 0.001563 0.082812
9 0.299219 0.196094 0.001563 0.182812
9 0.319531 0.033594 0.001563 0.067187
3 0.286719 0.062500 0.014063 0.040625
9 0.253906 0.209375 0.001563 0.159375
9 0.272656 0.041406 0.001563 0.082812
9 0.222656 0.217188 0.001563 0.143750
9 0.241406 0.050000 0.001563 0.100000
9 0.191406 0.226562 0.001563 0.128125
9 0.211719 0.061719 0.001563 0.123438
9 0.161719 0.217969 0.001563 0.145313
9 0.180469 0.050000 0.001563 0.100000
9 0.130469 0.227344 0.001563 0.129688
9 0.150781 0.062500 0.001563 0.125000
3 0.117969 0.118750 0.014063 0.040625
9 0.085156 0.239844 0.001563 0.107813
9 0.103906 0.069531 0.001563 0.139063
9 0.052344 0.247656 0.001563 0.092188
9 0.072656 0.078125 0.001563 0.156250
9 0.022656 0.240625 0.001563 0.109375
9 0.041406 0.069531 0.001563 0.139063
9 0.011719 0.078125 0.001563 0.156250
0 0.437500 0.070312 0.021875 0.018750
0 0.437500 0.029687 0.021875 0.018750
0 0.404687 0.085938 0.021875 0.018750
0 0.404687 0.046875 0.021875 0.018750
0 0.373437 0.103125 0.021875 0.018750
0 0.373437 0.070312 0.021875 0.018750
0 0.342187 0.126562 0.021875 0.018750
0 0.342187 0.085938 0.021875 0.018750
0 0.309375 0.103125 0.021875 0.018750
0 0.309375 0.070312 0.021875 0.018750
0 0.264062 0.126562 0.021875 0.018750
0 0.264062 0.085938 0.021875 0.018750
0 0.232813 0.143750 0.021875 0.018750
0 0.232813 0.103125 0.021875 0.018750
0 0.201563 0.159375 0.021875 0.018750
0 0.201563 0.126562 0.021875 0.018750
0 0.171875 0.143750 0.021875 0.018750
0 0.171875 0.103125 0.021875 0.018750
0 0.140625 0.159375 0.021875 0.018750
0 0.140625 0.126562 0.021875 0.018750
0 0.095312 0.182812 0.021875 0.018750
0 0.095312 0.143750 0.021875 0.018750
0 0.062500 0.200000 0.021875 0.018750
0 0.062500 0.159375 0.021875 0.018750
0 0.032813 0.182812 0.021875 0.018750
0 0.032813 0.143750 0.021875 0.018750
0 0.006250 0.200000 0.012500 0.018750
0 0.006250 0.159375 0.012500 0.018750
