10 0.730469 0.392969 0.151562 0.007812
10 0.525781 0.461719 0.148438 0.032813
10 0.284375 0.337500 0.181250 0.028125
10 0.070312 0.320312 0.140625 0.025000
10 0.757812 0.660156 0.140625 0.020313
10 0.553906 0.660156 0.139063 0.020313
10 0.302344 0.680469 0.173437 0.020313
10 0.071875 0.660156 0.143750 0.020313
14 0.757031 0.437500 0.139063 0.021875
14 0.553906 0.437500 0.135937 0.021875
14 0.196875 0.436719 0.356250 0.026562
9 0.860938 0.487500 0.003125 0.312500
9 0.426563 0.487500 0.003125 0.312500
8 0.836719 0.564844 0.004687 0.004687
9 0.827344 0.629687 0.001563 0.081250
8 0.791406 0.564844 0.004687 0.004687
9 0.782031 0.629687 0.001563 0.081250
8 0.744531 0.564844 0.004687 0.004687
9 0.735156 0.629687 0.001563 0.081250
8 0.697656 0.564844 0.004687 0.004687
9 0.688281 0.629687 0.001563 0.081250
8 0.632031 0.564844 0.004687 0.004687
9 0.622656 0.629687 0.001563 0.081250
8 0.586719 0.564844 0.004687 0.004687
9 0.577344 0.629687 0.001563 0.081250
8 0.541406 0.564844 0.004687 0.004687
9 0.532031 0.629687 0.001563 0.081250
8 0.494531 0.564844 0.004687 0.004687
9 0.485156 0.629687 0.001563 0.081250
8 0.397656 0.549219 0.004687 0.004687
9 0.388281 0.631250 0.001563 0.118750
4 0.360156 0.593750 0.010937 0.043750
8 0.333594 0.557031 0.004687 0.004687
9 0.322656 0.635938 0.001563 0.109375
2 0.296875 0.592969 0.015625 0.045312
4 0.313281 0.576562 0.010937 0.043750
4 0.313281 0.634375 0.010937 0.043750
8 0.271094 0.564844 0.004687 0.004687
9 0.261719 0.639844 0.001563 0.101562
8 0.225781 0.549219 0.004687 0.004687
9 0.216406 0.631250 0.001563 0.118750
4 0.205469 0.568750 0.010937 0.043750
4 0.205469 0.625000 0.010937 0.043750
8 0.150781 0.541406 0.004687 0.004687
9 0.141406 0.617188 0.001563 0.106250
8 0.100781 0.541406 0.004687 0.004687
9 0.091406 0.617188 0.001563 0.106250
8 0.050781 0.541406 0.004687 0.004687
9 0.041406 0.617188 0.001563 0.106250
8 0.005469 0.525781 0.004687 0.004687
8 0.814063 0.312500 0.006250 0.018750
9 0.803906 0.370312 0.001563 0.053125
8 0.768750 0.314063 0.006250 0.018750
9 0.758594 0.374219 0.001563 0.045312
2 0.745313 0.347656 0.015625 0.045312
8 0.720313 0.312500 0.006250 0.018750
9 0.710156 0.370312 0.001563 0.053125
8 0.665625 0.289062 0.006250 0.018750
9 0.655469 0.357812 0.001563 0.078125
8 0.609375 0.281250 0.006250 0.018750
9 0.600781 0.380469 0.001563 0.139063
8 0.564063 0.273438 0.006250 0.018750
9 0.553906 0.380469 0.001563 0.154688
8 0.518750 0.289062 0.006250 0.018750
9 0.508594 0.391406 0.001563 0.145313
15 0.462500 0.371875 0.021875 0.015625
9 0.452344 0.436719 0.001563 0.073438
15 0.362500 0.479687 0.021875 0.003125
9 0.372656 0.403125 0.001563 0.109375
15 0.303125 0.471875 0.021875 0.003125
9 0.311719 0.395313 0.001563 0.109375
15 0.248438 0.464062 0.021875 0.003125
9 0.258594 0.389062 0.001563 0.106250
4 0.228906 0.387500 0.010937 0.043750
4 0.228906 0.445312 0.010937 0.043750
8 0.184375 0.464062 0.006250 0.018750
9 0.194531 0.381250 0.001563 0.106250
8 0.128125 0.471875 0.006250 0.018750
9 0.138281 0.385156 0.001563 0.114062
2 0.106250 0.388281 0.015625 0.045312
2 0.106250 0.444531 0.015625 0.045312
8 0.075000 0.464062 0.006250 0.018750
9 0.083594 0.377344 0.001563 0.110937
8 0.028125 0.454688 0.006250 0.018750
9 0.038281 0.371094 0.001563 0.107813
15 0.461719 0.508594 0.032813 0.039062
13 0.401562 0.356250 0.031250 0.037500
15 0.396094 0.513281 0.029687 0.026562
0 0.837500 0.585938 0.021875 0.018750
0 0.837500 0.601562 0.021875 0.018750
0 0.837500 0.618750 0.021875 0.018750
0 0.792188 0.585938 0.021875 0.018750
0 0.792188 0.601562 0.021875 0.018750
0 0.792188 0.618750 0.021875 0.018750
0 0.745313 0.585938 0.021875 0.018750
0 0.745313 0.601562 0.021875 0.018750
0 0.745313 0.618750 0.021875 0.018750
0 0.698438 0.585938 0.021875 0.018750
0 0.698438 0.601562 0.021875 0.018750
0 0.698438 0.618750 0.021875 0.018750
0 0.632812 0.585938 0.021875 0.018750
0 0.632812 0.601562 0.021875 0.018750
0 0.632812 0.618750 0.021875 0.018750
0 0.587500 0.585938 0.021875 0.018750
0 0.587500 0.601562 0.021875 0.018750
0 0.587500 0.618750 0.021875 0.018750
0 0.542188 0.585938 0.021875 0.018750
0 0.542188 0.601562 0.021875 0.018750
0 0.542188 0.618750 0.021875 0.018750
0 0.495312 0.585938 0.021875 0.018750
0 0.495312 0.601562 0.021875 0.018750
0 0.495312 0.618750 0.021875 0.018750
0 0.398438 0.570312 0.021875 0.018750
0 0.398438 0.585938 0.021875 0.018750
0 0.398438 0.626563 0.021875 0.018750
0 0.378125 0.593750 0.021875 0.018750
0 0.332813 0.578125 0.021875 0.018750
0 0.332813 0.593750 0.021875 0.018750
0 0.332813 0.618750 0.021875 0.018750
0 0.332813 0.634375 0.021875 0.018750
0 0.271875 0.585938 0.021875 0.018750
0 0.271875 0.626563 0.021875 0.018750
0 0.271875 0.642188 0.021875 0.018750
0 0.226562 0.570312 0.021875 0.018750
0 0.226562 0.585938 0.021875 0.018750
0 0.226562 0.626563 0.021875 0.018750
0 0.151562 0.562500 0.021875 0.018750
0 0.151562 0.601562 0.021875 0.018750
0 0.151562 0.618750 0.021875 0.018750
0 0.101562 0.601562 0.021875 0.018750
0 0.101562 0.618750 0.021875 0.018750
0 0.101562 0.562500 0.021875 0.018750
0 0.051562 0.562500 0.021875 0.018750
0 0.051562 0.601562 0.021875 0.018750
0 0.051562 0.618750 0.021875 0.018750
0 0.008594 0.545312 0.017188 0.018750
0 0.008594 0.562500 0.017188 0.018750
0 0.008594 0.601562 0.017188 0.018750
0 0.814063 0.340625 0.021875 0.018750
0 0.768750 0.348438 0.021875 0.018750
0 0.720313 0.340625 0.021875 0.018750
0 0.665625 0.315625 0.021875 0.018750
0 0.610938 0.307812 0.021875 0.018750
0 0.564063 0.300000 0.021875 0.018750
0 0.518750 0.315625 0.021875 0.018750
0 0.462500 0.396875 0.021875 0.018750
0 0.462500 0.429688 0.021875 0.018750
0 0.364063 0.404687 0.021875 0.018750
0 0.364063 0.460938 0.021875 0.018750
0 0.303125 0.396875 0.021875 0.018750
0 0.303125 0.453125 0.021875 0.018750
0 0.250000 0.389062 0.021875 0.018750
0 0.250000 0.445312 0.021875 0.018750
0 0.184375 0.381250 0.021875 0.018750
0 0.184375 0.437500 0.021875 0.018750
0 0.129688 0.389062 0.021875 0.018750
0 0.129688 0.445312 0.021875 0.018750
0 0.075000 0.381250 0.021875 0.018750
0 0.075000 0.437500 0.021875 0.018750
0 0.029687 0.373437 0.021875 0.018750
0 0.029687 0.429688 0.021875 0.018750
