10 0.928906 0.437500 0.051562 0.025000
10 0.816406 0.428906 0.079687 0.032813
10 0.610938 0.329688 0.081250 0.037500
10 0.483594 0.308594 0.079687 0.032813
10 0.355469 0.300781 0.079687 0.032813
10 0.216406 0.304688 0.051562 0.037500
10 0.947656 0.503906 0.051562 0.032813
10 0.835156 0.531250 0.079687 0.037500
10 0.635156 0.513281 0.129688 0.035937
10 0.400781 0.647656 0.207813 0.020313
14 0.385937 0.437500 0.331250 0.025000
14 0.623437 0.603906 0.034375 0.017188
14 0.825781 0.298438 0.079687 0.015625
14 0.623437 0.433594 0.034375 0.014063
14 0.474219 0.412500 0.079687 0.025000
14 0.346094 0.408594 0.079687 0.032813
14 0.153125 0.402344 0.056250 0.067187
9 0.750000 0.468750 0.003125 0.275000
9 0.270313 0.468750 0.003125 0.275000
15 0.962500 0.631250 0.021875 0.015625
8 0.961719 0.616406 0.004687 0.004687
9 0.972656 0.543750 0.001563 0.103125
15 0.914062 0.648438 0.021875 0.015625
8 0.913281 0.633594 0.004687 0.004687
9 0.922656 0.556250 0.001563 0.106250
8 0.864844 0.616406 0.004687 0.004687
9 0.874219 0.559375 0.001563 0.053125
15 0.785937 0.646875 0.021875 0.015625
9 0.796094 0.566406 0.001563 0.101562
15 0.689063 0.623437 0.021875 0.003125
9 0.699219 0.564063 0.001563 0.078125
15 0.617969 0.563281 0.010937 0.032813
9 0.614844 0.563281 0.014063 0.032813
2 0.590625 0.580469 0.009375 0.026562
8 0.641406 0.597656 0.004687 0.004687
9 0.650781 0.542969 0.001563 0.054688
8 0.561719 0.624219 0.004687 0.004687
9 0.571094 0.550781 0.001563 0.101562
8 0.511719 0.521094 0.004687 0.004687
9 0.502344 0.600781 0.001563 0.114062
8 0.433594 0.528906 0.004687 0.004687
9 0.424219 0.604688 0.001563 0.106250
8 0.385156 0.511719 0.004687 0.004687
9 0.375781 0.596875 0.001563 0.121875
8 0.307031 0.528906 0.004687 0.004687
9 0.297656 0.604688 0.001563 0.106250
8 0.230469 0.511719 0.004687 0.004687
9 0.221094 0.561719 0.001563 0.051562
12 0.093750 0.576562 0.015625 0.028125
15 0.048438 0.615625 0.021875 0.003125
9 0.058594 0.567969 0.001563 0.051562
9 0.017969 0.546875 0.001563 0.062500
13 0.196875 0.564063 0.031250 0.037500
15 0.962500 0.304688 0.021875 0.015625
8 0.961719 0.319531 0.004687 0.004687
9 0.952344 0.394531 0.001563 0.101562
4 0.942969 0.356250 0.010937 0.043750
15 0.914062 0.296875 0.021875 0.015625
8 0.913281 0.311719 0.004687 0.004687
9 0.903906 0.387500 0.001563 0.106250
9 0.855469 0.385937 0.001563 0.118750
9 0.816406 0.413281 0.001563 0.060937
9 0.777344 0.385937 0.001563 0.118750
15 0.689063 0.456250 0.021875 0.003125
15 0.707031 0.390625 0.017188 0.053125
9 0.699219 0.400000 0.001563 0.068750
15 0.617969 0.394531 0.010937 0.032813
9 0.614844 0.394531 0.014063 0.032813
2 0.590625 0.411719 0.009375 0.026562
8 0.641406 0.424219 0.004687 0.004687
9 0.650781 0.366406 0.001563 0.070312
8 0.561719 0.407031 0.004687 0.004687
9 0.571094 0.346875 0.001563 0.062500
8 0.511719 0.388281 0.004687 0.004687
9 0.522656 0.331250 0.001563 0.078125
9 0.483594 0.346875 0.001563 0.109375
9 0.444531 0.331250 0.001563 0.078125
8 0.385156 0.388281 0.004687 0.004687
9 0.394531 0.323437 0.001563 0.078125
9 0.355469 0.343750 0.001563 0.118750
9 0.316406 0.323437 0.001563 0.078125
8 0.230469 0.388281 0.004687 0.004687
9 0.239844 0.333594 0.001563 0.054688
15 0.136719 0.330469 0.010937 0.032813
9 0.135156 0.330469 0.014063 0.032813
8 0.182031 0.416406 0.004687 0.004687
9 0.191406 0.342187 0.001563 0.103125
3 0.160156 0.331250 0.014063 0.040625
3 0.160156 0.389062 0.014063 0.040625
15 0.048438 0.389062 0.021875 0.003125
9 0.058594 0.342969 0.001563 0.051562
9 0.017969 0.316406 0.001563 0.057813
15 0.785156 0.477344 0.048438 0.039062
15 0.180469 0.477344 0.054688 0.039062
15 0.047656 0.482031 0.029687 0.026562
0 0.962500 0.540625 0.021875 0.018750
0 0.962500 0.596875 0.021875 0.018750
0 0.914062 0.614062 0.021875 0.018750
0 0.914062 0.557813 0.021875 0.018750
0 0.865625 0.589063 0.021875 0.018750
0 0.787500 0.565625 0.021875 0.018750
0 0.787500 0.621875 0.021875 0.018750
0 0.690625 0.606250 0.021875 0.018750
0 0.606250 0.580469 0.012500 0.010937
0 0.640625 0.573438 0.021875 0.018750
0 0.562500 0.548438 0.021875 0.018750
0 0.562500 0.606250 0.021875 0.018750
0 0.512500 0.540625 0.021875 0.018750
0 0.434375 0.606250 0.021875 0.018750
0 0.434375 0.548438 0.021875 0.018750
0 0.385937 0.532813 0.021875 0.018750
0 0.307812 0.548438 0.021875 0.018750
0 0.307812 0.606250 0.021875 0.018750
0 0.231250 0.532813 0.021875 0.018750
0 0.048438 0.596875 0.021875 0.018750
0 0.010156 0.581250 0.020313 0.018750
0 0.962500 0.396875 0.021875 0.018750
0 0.962500 0.356250 0.021875 0.018750
0 0.962500 0.340625 0.021875 0.018750
0 0.914062 0.332813 0.021875 0.018750
0 0.914062 0.348438 0.021875 0.018750
0 0.914062 0.389062 0.021875 0.018750
0 0.865625 0.340625 0.021875 0.018750
0 0.865625 0.325000 0.021875 0.018750
0 0.826562 0.381250 0.021875 0.018750
0 0.787500 0.325000 0.021875 0.018750
0 0.787500 0.340625 0.021875 0.018750
0 0.690625 0.437500 0.021875 0.018750
0 0.606250 0.413281 0.012500 0.010937
0 0.640625 0.404687 0.021875 0.018750
0 0.562500 0.364063 0.021875 0.018750
0 0.562500 0.381250 0.021875 0.018750
0 0.512500 0.373437 0.021875 0.018750
0 0.512500 0.356250 0.021875 0.018750
0 0.473438 0.404687 0.021875 0.018750
0 0.434375 0.356250 0.021875 0.018750
0 0.434375 0.373437 0.021875 0.018750
0 0.385937 0.348438 0.021875 0.018750
0 0.385937 0.364063 0.021875 0.018750
0 0.346875 0.404687 0.021875 0.018750
0 0.307812 0.348438 0.021875 0.018750
0 0.307812 0.364063 0.021875 0.018750
0 0.231250 0.364063 0.021875 0.018750
0 0.125000 0.347656 0.012500 0.010937
0 0.182812 0.340625 0.021875 0.018750
0 0.182812 0.396875 0.021875 0.018750
0 0.048438 0.373437 0.021875 0.018750
0 0.010156 0.348438 0.020313 0.018750
