10 0.955469 0.036719 0.089063 0.020313
10 0.698438 0.036719 0.209375 0.020313
10 0.354687 0.044531 0.231250 0.020313
10 0.093750 0.044531 0.100000 0.020313
9 0.980469 0.024219 0.001563 0.048438
9 0.911719 0.024219 0.001563 0.048438
9 0.802344 0.024219 0.001563 0.048438
9 0.733594 0.024219 0.001563 0.048438
9 0.664844 0.024219 0.001563 0.048438
9 0.594531 0.024219 0.001563 0.048438
9 0.469531 0.027344 0.001563 0.054688
9 0.399219 0.027344 0.001563 0.054688
9 0.321094 0.027344 0.001563 0.054688
9 0.239844 0.027344 0.001563 0.054688
9 0.142969 0.027344 0.001563 0.054688
4 0.132031 0.012500 0.010937 0.025000
9 0.092969 0.027344 0.001563 0.054688
9 0.044531 0.027344 0.001563 0.054688
0 0.479687 0.006250 0.021875 0.012500
0 0.409375 0.006250 0.021875 0.012500
0 0.331250 0.006250 0.021875 0.012500
0 0.250000 0.006250 0.021875 0.012500
0 0.153125 0.006250 0.021875 0.012500
0 0.054688 0.006250 0.021875 0.012500
