10 0.746094 0.010156 0.076563 0.020313
8 0.644531 0.007031 0.004687 0.004687
8 0.569531 0.022656 0.004687 0.004687
15 0.495312 0.062500 0.021875 0.003125
9 0.505469 0.020313 0.001563 0.040625
15 0.442188 0.029687 0.021875 0.003125
15 0.390625 0.006250 0.021875 0.003125
15 0.309375 0.059375 0.021875 0.015625
8 0.309375 0.037500 0.006250 0.018750
15 0.257812 0.059375 0.021875 0.015625
8 0.257812 0.037500 0.006250 0.018750
8 0.204687 0.045312 0.006250 0.018750
8 0.151562 0.062500 0.006250 0.018750
4 0.132031 0.035937 0.010937 0.043750
8 0.098437 0.029687 0.006250 0.018750
8 0.046875 0.045312 0.006250 0.018750
3 0.024219 0.015625 0.014063 0.031250
0 0.570312 0.006250 0.021875 0.012500
0 0.495312 0.043750 0.021875 0.018750
0 0.443750 0.010937 0.021875 0.018750
0 0.309375 0.010937 0.021875 0.018750
0 0.257812 0.010937 0.021875 0.018750
0 0.204687 0.020313 0.021875 0.018750
0 0.151562 0.035937 0.021875 0.018750
0 0.100000 0.006250 0.021875 0.012500
0 0.046875 0.020313 0.021875 0.018750
