2 0.382812 0.199219 0.015625 0.045312
2 0.362500 0.175781 0.015625 0.045312
7 0.315625 0.210156 0.043750 0.114062
2 0.382812 0.377344 0.015625 0.045312
2 0.362500 0.352344 0.015625 0.045312
13 0.316406 0.364844 0.045312 0.057813
15 0.537500 0.207813 0.018750 0.025000
15 0.412500 0.207813 0.018750 0.025000
10 0.955469 0.100781 0.089063 0.020313
10 0.545312 0.163281 0.284375 0.032813
10 0.429688 0.368750 0.053125 0.046875
14 0.428906 0.325000 0.054688 0.015625
14 0.543750 0.116406 0.284375 0.048438
9 0.282813 0.201563 0.003125 0.403125
9 0.739062 0.289062 0.003125 0.228125
12 0.900781 0.369531 0.017188 0.048438
15 0.823438 0.490625 0.021875 0.015625
9 0.833594 0.407813 0.001563 0.109375
2 0.800000 0.410156 0.015625 0.045312
2 0.800000 0.466406 0.015625 0.045312
15 0.628125 0.515625 0.021875 0.015625
9 0.638281 0.428906 0.001563 0.117188
4 0.608594 0.432812 0.010937 0.043750
4 0.608594 0.490625 0.010937 0.043750
9 0.455469 0.397656 0.001563 0.098437
15 0.993750 0.081250 0.012500 0.003125
15 0.942187 0.081250 0.021875 0.003125
9 0.952344 0.123438 0.001563 0.065625
12 0.900781 0.207031 0.017188 0.048438
15 0.903125 0.081250 0.021875 0.003125
9 0.911719 0.123438 0.001563 0.065625
4 0.867969 0.159375 0.010937 0.043750
4 0.882031 0.142187 0.010937 0.043750
15 0.823438 0.134375 0.021875 0.015625
9 0.813281 0.213281 0.001563 0.101562
2 0.762500 0.191406 0.015625 0.045312
2 0.781250 0.175781 0.015625 0.045312
2 0.800000 0.158594 0.015625 0.045312
2 0.800000 0.216406 0.015625 0.045312
9 0.685156 0.220312 0.001563 0.146875
4 0.655469 0.239063 0.010937 0.043750
2 0.653125 0.296094 0.015625 0.045312
9 0.638281 0.211719 0.001563 0.129688
4 0.608594 0.223438 0.010937 0.043750
4 0.608594 0.279687 0.010937 0.043750
9 0.591406 0.207813 0.001563 0.121875
9 0.560156 0.200000 0.001563 0.106250
4 0.516406 0.256250 0.010937 0.043750
4 0.530469 0.231250 0.010937 0.043750
15 0.490625 0.296875 0.021875 0.015625
9 0.499219 0.207813 0.001563 0.121875
9 0.467969 0.211719 0.001563 0.129688
15 0.960938 0.293750 0.065625 0.025000
15 0.901563 0.300781 0.053125 0.026562
15 0.822656 0.296094 0.079687 0.039062
13 0.714063 0.200000 0.031250 0.037500
15 0.628125 0.020313 0.021875 0.015625
15 0.490625 0.020313 0.021875 0.015625
0 0.823438 0.409375 0.021875 0.018750
0 0.823438 0.465625 0.021875 0.018750
0 0.628125 0.434375 0.021875 0.018750
0 0.628125 0.490625 0.021875 0.018750
0 0.445312 0.450000 0.021875 0.018750
0 0.993750 0.143750 0.012500 0.018750
0 0.993750 0.159375 0.012500 0.018750
0 0.942187 0.143750 0.021875 0.018750
0 0.942187 0.159375 0.021875 0.018750
0 0.903125 0.143750 0.021875 0.018750
0 0.903125 0.159375 0.021875 0.018750
0 0.823438 0.159375 0.021875 0.018750
0 0.823438 0.175000 0.021875 0.018750
0 0.823438 0.192188 0.021875 0.018750
0 0.823438 0.215625 0.021875 0.018750
0 0.676562 0.240625 0.021875 0.018750
0 0.676562 0.256250 0.021875 0.018750
0 0.676562 0.281250 0.021875 0.018750
0 0.676562 0.296875 0.021875 0.018750
0 0.628125 0.223438 0.021875 0.018750
0 0.628125 0.240625 0.021875 0.018750
0 0.628125 0.256250 0.021875 0.018750
0 0.628125 0.281250 0.021875 0.018750
0 0.582812 0.215625 0.021875 0.018750
0 0.582812 0.271875 0.021875 0.018750
0 0.551562 0.232813 0.021875 0.018750
0 0.551562 0.256250 0.021875 0.018750
0 0.490625 0.215625 0.021875 0.018750
0 0.490625 0.271875 0.021875 0.018750
0 0.457813 0.223438 0.021875 0.018750
0 0.457813 0.281250 0.021875 0.018750
0 0.628125 0.003125 0.021875 0.006250
0 0.490625 0.003125 0.021875 0.006250
