3 0.364844 0.107813 0.014063 0.040625
3 0.346094 0.075000 0.014063 0.040625
3 0.327344 0.100000 0.014063 0.040625
13 0.282031 0.086719 0.045312 0.057813
10 0.898438 0.069531 0.131250 0.020313
10 0.675000 0.053906 0.131250 0.045312
10 0.503125 0.016406 0.131250 0.020313
8 0.995313 0.223438 0.006250 0.018750
8 0.953125 0.207813 0.006250 0.018750
9 0.963281 0.118750 0.001563 0.118750
8 0.909375 0.198437 0.006250 0.018750
9 0.919531 0.114062 0.001563 0.109375
8 0.867188 0.207813 0.006250 0.018750
9 0.877344 0.118750 0.001563 0.118750
8 0.823438 0.215625 0.006250 0.018750
9 0.833594 0.122656 0.001563 0.126562
2 0.801562 0.188281 0.015625 0.045312
8 0.729688 0.207813 0.006250 0.018750
9 0.739844 0.118750 0.001563 0.118750
8 0.685937 0.182812 0.006250 0.018750
9 0.696094 0.102344 0.001563 0.101562
8 0.643750 0.175000 0.006250 0.018750
9 0.653906 0.092969 0.001563 0.101562
8 0.601562 0.167187 0.006250 0.018750
9 0.610156 0.085156 0.001563 0.101562
8 0.557813 0.150000 0.006250 0.018750
9 0.567969 0.063281 0.001563 0.114062
8 0.515625 0.142187 0.006250 0.018750
9 0.524219 0.059375 0.001563 0.106250
8 0.471875 0.150000 0.006250 0.018750
9 0.482031 0.063281 0.001563 0.114062
8 0.429688 0.159375 0.006250 0.018750
9 0.438281 0.067187 0.001563 0.121875
2 0.406250 0.075781 0.015625 0.045312
2 0.406250 0.132031 0.015625 0.045312
0 0.992969 0.140625 0.014063 0.018750
0 0.992969 0.196875 0.014063 0.018750
0 0.953125 0.125000 0.021875 0.018750
0 0.953125 0.181250 0.021875 0.018750
0 0.910937 0.115625 0.021875 0.018750
0 0.910937 0.173437 0.021875 0.018750
0 0.867188 0.125000 0.021875 0.018750
0 0.867188 0.181250 0.021875 0.018750
0 0.825000 0.132812 0.021875 0.018750
0 0.825000 0.189062 0.021875 0.018750
0 0.729688 0.125000 0.021875 0.018750
0 0.729688 0.181250 0.021875 0.018750
0 0.687500 0.100000 0.021875 0.018750
0 0.687500 0.156250 0.021875 0.018750
0 0.643750 0.092188 0.021875 0.018750
0 0.643750 0.148438 0.021875 0.018750
0 0.601562 0.084375 0.021875 0.018750
0 0.601562 0.140625 0.021875 0.018750
0 0.557813 0.067187 0.021875 0.018750
0 0.557813 0.125000 0.021875 0.018750
0 0.515625 0.059375 0.021875 0.018750
0 0.515625 0.115625 0.021875 0.018750
0 0.471875 0.067187 0.021875 0.018750
0 0.471875 0.125000 0.021875 0.018750
0 0.429688 0.076563 0.021875 0.018750
0 0.429688 0.132812 0.021875 0.018750
