2 0.382812 0.867969 0.015625 0.045312
2 0.362500 0.842969 0.015625 0.045312
13 0.316406 0.855469 0.045312 0.057813
2 0.382812 0.583594 0.015625 0.045312
2 0.362500 0.558594 0.015625 0.045312
13 0.316406 0.571094 0.045312 0.057813
2 0.382812 0.355469 0.015625 0.045312
2 0.362500 0.332031 0.015625 0.045312
7 0.315625 0.366406 0.043750 0.114062
10 0.955469 0.410938 0.089063 0.012500
10 0.579688 0.417187 0.221875 0.012500
10 0.955469 0.606250 0.089063 0.012500
10 0.579688 0.609375 0.221875 0.012500
10 0.964844 0.768750 0.070312 0.012500
10 0.600000 0.776563 0.221875 0.012500
15 0.984375 0.859375 0.018750 0.025000
15 0.764062 0.859375 0.018750 0.025000
15 0.543750 0.859375 0.018750 0.025000
10 0.653906 0.917969 0.370312 0.020313
14 0.701562 0.938281 0.596875 0.007812
14 0.701562 0.925781 0.596875 0.007812
14 0.701562 0.442969 0.596875 0.007812
14 0.701562 0.430469 0.596875 0.007812
14 0.875781 0.867969 0.057813 0.010937
14 0.655469 0.883594 0.057813 0.010937
14 0.700781 0.739844 0.598437 0.079687
14 0.432812 0.877344 0.062500 0.010937
14 0.701562 0.653906 0.596875 0.060937
14 0.701562 0.264844 0.596875 0.060937
9 0.282813 0.665625 0.003125 0.668750
9 0.985156 0.891406 0.001563 0.057813
2 0.971875 0.860156 0.015625 0.045312
9 0.911719 0.887500 0.001563 0.065625
15 0.921875 0.757812 0.021875 0.003125
9 0.930469 0.800781 0.001563 0.060937
2 0.879687 0.835156 0.015625 0.045312
2 0.898438 0.819531 0.015625 0.045312
9 0.838281 0.891406 0.001563 0.073438
9 0.764844 0.903125 0.001563 0.050000
4 0.753906 0.875000 0.010937 0.043750
9 0.691406 0.899219 0.001563 0.057813
15 0.700000 0.760938 0.021875 0.003125
9 0.710156 0.803906 0.001563 0.057813
4 0.666406 0.834375 0.010937 0.043750
4 0.680469 0.818750 0.010937 0.043750
9 0.617969 0.899219 0.001563 0.057813
4 0.607031 0.867188 0.010937 0.043750
9 0.544531 0.899219 0.001563 0.057813
2 0.531250 0.867969 0.015625 0.045312
9 0.469531 0.895312 0.001563 0.065625
15 0.479687 0.765625 0.021875 0.003125
9 0.489844 0.808594 0.001563 0.060937
2 0.437500 0.842969 0.015625 0.045312
2 0.456250 0.827344 0.015625 0.045312
15 0.921875 0.476562 0.021875 0.003125
9 0.911719 0.551562 0.001563 0.109375
2 0.864062 0.535156 0.015625 0.045312
2 0.882812 0.494531 0.015625 0.045312
2 0.882812 0.550781 0.015625 0.045312
15 0.700000 0.476562 0.021875 0.003125
9 0.691406 0.551562 0.001563 0.109375
4 0.666406 0.534375 0.010937 0.043750
4 0.680469 0.493750 0.010937 0.043750
4 0.680469 0.550000 0.010937 0.043750
15 0.479687 0.484375 0.021875 0.003125
9 0.469531 0.559375 0.001563 0.106250
2 0.425000 0.542969 0.015625 0.045312
4 0.441406 0.518750 0.010937 0.043750
2 0.456250 0.502344 0.015625 0.045312
2 0.456250 0.558594 0.015625 0.045312
15 0.921875 0.289062 0.021875 0.003125
9 0.911719 0.361719 0.001563 0.101562
2 0.865625 0.324219 0.015625 0.045312
2 0.881250 0.364844 0.015625 0.045312
2 0.898438 0.307031 0.015625 0.045312
15 0.700000 0.289062 0.021875 0.003125
9 0.691406 0.363281 0.001563 0.104688
4 0.666406 0.323437 0.010937 0.043750
4 0.680469 0.307812 0.010937 0.043750
4 0.680469 0.364063 0.010937 0.043750
15 0.479687 0.296875 0.021875 0.003125
9 0.469531 0.368750 0.001563 0.100000
4 0.422656 0.348438 0.010937 0.043750
2 0.437500 0.332031 0.015625 0.045312
2 0.456250 0.316406 0.015625 0.045312
2 0.456250 0.372656 0.015625 0.045312
0 0.992188 0.859375 0.015625 0.018750
0 0.921875 0.851562 0.021875 0.018750
0 0.921875 0.818750 0.021875 0.018750
0 0.921875 0.835938 0.021875 0.018750
0 0.848437 0.851562 0.021875 0.018750
0 0.775000 0.876563 0.021875 0.018750
0 0.701562 0.867188 0.021875 0.018750
0 0.701562 0.818750 0.021875 0.018750
0 0.701562 0.835938 0.021875 0.018750
0 0.628125 0.867188 0.021875 0.018750
0 0.554688 0.867188 0.021875 0.018750
0 0.479687 0.859375 0.021875 0.018750
0 0.479687 0.828125 0.021875 0.018750
0 0.479687 0.843750 0.021875 0.018750
0 0.921875 0.495312 0.021875 0.018750
0 0.921875 0.510938 0.021875 0.018750
0 0.921875 0.535937 0.021875 0.018750
0 0.921875 0.551562 0.021875 0.018750
0 0.901563 0.518750 0.021875 0.018750
0 0.701562 0.495312 0.021875 0.018750
0 0.701562 0.518750 0.021875 0.018750
0 0.701562 0.535937 0.021875 0.018750
0 0.701562 0.551562 0.021875 0.018750
0 0.479687 0.503125 0.021875 0.018750
0 0.479687 0.518750 0.021875 0.018750
0 0.479687 0.543750 0.021875 0.018750
0 0.479687 0.559375 0.021875 0.018750
0 0.921875 0.307812 0.021875 0.018750
0 0.921875 0.325000 0.021875 0.018750
0 0.921875 0.340625 0.021875 0.018750
0 0.921875 0.364063 0.021875 0.018750
0 0.901563 0.348438 0.021875 0.018750
0 0.701562 0.307812 0.021875 0.018750
0 0.701562 0.325000 0.021875 0.018750
0 0.701562 0.348438 0.021875 0.018750
0 0.701562 0.364063 0.021875 0.018750
0 0.479687 0.315625 0.021875 0.018750
0 0.479687 0.332813 0.021875 0.018750
0 0.479687 0.348438 0.021875 0.018750
0 0.479687 0.373437 0.021875 0.018750
