2 0.346875 0.049219 0.015625 0.045312
2 0.326562 0.024219 0.015625 0.045312
7 0.281250 0.058594 0.043750 0.114062
14 0.792188 0.072656 0.131250 0.014063
14 0.791406 0.147656 0.129688 0.014063
14 0.645312 0.166406 0.134375 0.023438
14 0.382812 0.162500 0.031250 0.015625
14 0.382812 0.055469 0.034375 0.010937
14 0.382031 0.138281 0.032813 0.010937
9 0.996094 0.135937 0.001563 0.040625
9 0.861719 0.161719 0.001563 0.042188
9 0.882031 0.051562 0.001563 0.053125
9 0.721094 0.079687 0.001563 0.109375
9 0.586719 0.087500 0.001563 0.109375
4 0.557031 0.089063 0.010937 0.043750
4 0.557031 0.145313 0.010937 0.043750
12 0.490625 0.059375 0.015625 0.028125
15 0.414844 0.151562 0.020313 0.053125
9 0.405469 0.150781 0.001563 0.051562
15 0.432031 0.034375 0.017188 0.053125
9 0.424219 0.043750 0.001563 0.068750
4 0.394531 0.081250 0.010937 0.043750
13 0.526563 0.048438 0.031250 0.037500
0 0.871875 0.137500 0.021875 0.018750
1 0.871875 0.081250 0.021875 0.018750
0 0.710938 0.081250 0.021875 0.018750
0 0.710938 0.137500 0.021875 0.018750
0 0.578125 0.089063 0.021875 0.018750
0 0.578125 0.145313 0.021875 0.018750
0 0.415625 0.121875 0.021875 0.018750
0 0.415625 0.081250 0.021875 0.018750
0 0.415625 0.065625 0.021875 0.018750
