2 0.382812 0.794531 0.015625 0.045312
2 0.362500 0.771094 0.015625 0.045312
13 0.316406 0.783594 0.045312 0.057813
2 0.382812 0.561719 0.015625 0.045312
2 0.362500 0.538281 0.015625 0.045312
7 0.315625 0.571094 0.043750 0.114062
2 0.382812 0.987500 0.015625 0.025000
2 0.362500 0.972656 0.015625 0.045312
13 0.316406 0.978125 0.045312 0.043750
2 0.382812 0.355469 0.015625 0.045312
2 0.362500 0.332031 0.015625 0.045312
7 0.315625 0.366406 0.043750 0.114062
10 0.944531 0.402344 0.110937 0.020313
10 0.598437 0.358594 0.321875 0.020313
10 0.944531 0.621094 0.110937 0.020313
10 0.598437 0.636719 0.321875 0.020313
10 0.598437 0.813281 0.321875 0.020313
10 0.617188 0.992969 0.321875 0.014063
14 0.739062 0.859375 0.521875 0.021875
14 0.739062 0.437500 0.521875 0.021875
14 0.616406 0.962500 0.320312 0.037500
14 0.957812 0.785937 0.084375 0.012500
14 0.957812 0.820312 0.084375 0.012500
14 0.957812 0.860938 0.084375 0.012500
14 0.607031 0.678125 0.320312 0.031250
14 0.514062 0.709375 0.103125 0.012500
14 0.513281 0.725000 0.101562 0.012500
14 0.513281 0.778906 0.101562 0.010937
14 0.949219 0.489063 0.101562 0.031250
14 0.957031 0.512500 0.085938 0.012500
14 0.957031 0.528125 0.085938 0.012500
14 0.957031 0.587500 0.085938 0.012500
14 0.607031 0.501563 0.320312 0.031250
14 0.514062 0.528125 0.103125 0.012500
14 0.513281 0.546094 0.101562 0.010937
14 0.503125 0.603906 0.081250 0.010937
14 0.949219 0.261719 0.101562 0.032813
14 0.957031 0.306250 0.085938 0.012500
14 0.957031 0.339844 0.085938 0.010937
14 0.607031 0.222656 0.320312 0.032813
14 0.503125 0.271094 0.081250 0.010937
14 0.503125 0.296094 0.081250 0.010937
9 0.282813 0.665625 0.003125 0.668750
9 0.908594 0.793750 0.001563 0.109375
4 0.878906 0.810937 0.010937 0.043750
9 0.757031 0.770312 0.001563 0.106250
4 0.732031 0.754687 0.010937 0.043750
4 0.747656 0.714063 0.010937 0.043750
4 0.747656 0.770312 0.010937 0.043750
9 0.569531 0.770312 0.001563 0.106250
2 0.556250 0.755469 0.015625 0.045312
9 0.438281 0.770312 0.001563 0.106250
2 0.425000 0.714844 0.015625 0.045312
2 0.425000 0.771094 0.015625 0.045312
7 0.850000 0.795312 0.028125 0.075000
15 0.446094 0.902344 0.048438 0.039062
9 0.889844 0.578125 0.001563 0.106250
9 0.757031 0.593750 0.001563 0.106250
4 0.732031 0.578125 0.010937 0.043750
4 0.747656 0.537500 0.010937 0.043750
4 0.747656 0.593750 0.010937 0.043750
9 0.569531 0.593750 0.001563 0.106250
2 0.556250 0.577344 0.015625 0.045312
9 0.438281 0.593750 0.001563 0.106250
9 0.889844 0.354687 0.001563 0.118750
4 0.878906 0.331250 0.010937 0.043750
9 0.757031 0.315625 0.001563 0.106250
4 0.732031 0.275000 0.010937 0.043750
4 0.747656 0.259375 0.010937 0.043750
4 0.747656 0.315625 0.010937 0.043750
9 0.569531 0.315625 0.001563 0.106250
2 0.556250 0.258594 0.015625 0.045312
2 0.556250 0.316406 0.015625 0.045312
9 0.438281 0.311719 0.001563 0.114062
15 0.446094 0.441406 0.048438 0.039062
0 0.900000 0.795312 0.021875 0.018750
0 0.900000 0.810937 0.021875 0.018750
0 0.900000 0.851562 0.021875 0.018750
0 0.900000 0.828125 0.021875 0.018750
0 0.767188 0.714063 0.021875 0.018750
0 0.767188 0.731250 0.021875 0.018750
0 0.767188 0.754687 0.021875 0.018750
0 0.767188 0.771875 0.021875 0.018750
0 0.579688 0.754687 0.021875 0.018750
0 0.579688 0.714063 0.021875 0.018750
0 0.579688 0.731250 0.021875 0.018750
0 0.579688 0.771875 0.021875 0.018750
0 0.448437 0.714063 0.021875 0.018750
0 0.448437 0.731250 0.021875 0.018750
0 0.448437 0.771875 0.021875 0.018750
0 0.448437 0.746875 0.021875 0.018750
0 0.900000 0.521875 0.021875 0.018750
0 0.900000 0.537500 0.021875 0.018750
0 0.900000 0.578125 0.021875 0.018750
0 0.900000 0.554688 0.021875 0.018750
0 0.767188 0.537500 0.021875 0.018750
0 0.767188 0.554688 0.021875 0.018750
0 0.767188 0.578125 0.021875 0.018750
0 0.767188 0.595313 0.021875 0.018750
0 0.579688 0.578125 0.021875 0.018750
0 0.579688 0.537500 0.021875 0.018750
0 0.579688 0.554688 0.021875 0.018750
0 0.579688 0.595313 0.021875 0.018750
0 0.448437 0.537500 0.021875 0.018750
0 0.448437 0.554688 0.021875 0.018750
0 0.448437 0.595313 0.021875 0.018750
0 0.448437 0.570312 0.021875 0.018750
0 0.900000 0.315625 0.021875 0.018750
0 0.900000 0.332813 0.021875 0.018750
0 0.900000 0.292187 0.021875 0.018750
0 0.900000 0.348438 0.021875 0.018750
0 0.767188 0.259375 0.021875 0.018750
0 0.767188 0.276562 0.021875 0.018750
0 0.767188 0.292187 0.021875 0.018750
0 0.767188 0.315625 0.021875 0.018750
0 0.579688 0.259375 0.021875 0.018750
0 0.579688 0.315625 0.021875 0.018750
0 0.579688 0.276562 0.021875 0.018750
0 0.579688 0.292187 0.021875 0.018750
0 0.448437 0.276562 0.021875 0.018750
0 0.448437 0.292187 0.021875 0.018750
0 0.448437 0.251563 0.021875 0.018750
0 0.448437 0.307812 0.021875 0.018750
