15 0.300000 0.584375 0.018750 0.025000
14 0.337500 0.592187 0.040625 0.012500
14 0.260156 0.568750 0.045312 0.021875
15 0.160938 0.368750 0.018750 0.025000
14 0.200781 0.378125 0.045312 0.015625
14 0.123438 0.370312 0.040625 0.012500
15 0.021875 0.575000 0.018750 0.025000
14 0.059375 0.575000 0.040625 0.012500
10 0.907813 0.402344 0.184375 0.020313
10 0.582812 0.402344 0.243750 0.020313
10 0.229687 0.467187 0.253125 0.043750
10 0.039062 0.467187 0.078125 0.056250
10 0.879687 0.691406 0.240625 0.032813
10 0.523438 0.630469 0.281250 0.007812
8 0.946875 0.503125 0.006250 0.018750
9 0.936719 0.610156 0.001563 0.154688
8 0.867188 0.495312 0.006250 0.018750
9 0.857031 0.610156 0.001563 0.170313
15 0.768750 0.498437 0.021875 0.015625
8 0.770312 0.520312 0.006250 0.018750
9 0.760156 0.653906 0.001563 0.098437
8 0.671875 0.495312 0.006250 0.018750
9 0.663281 0.579688 0.001563 0.109375
8 0.592187 0.503125 0.006250 0.018750
9 0.582031 0.583594 0.001563 0.101562
2 0.568750 0.586719 0.015625 0.045312
2 0.568750 0.530469 0.015625 0.045312
8 0.510938 0.495312 0.006250 0.018750
9 0.502344 0.579688 0.001563 0.109375
2 0.489063 0.578906 0.015625 0.045312
2 0.489063 0.521094 0.015625 0.045312
15 0.393750 0.457813 0.021875 0.015625
8 0.393750 0.478125 0.006250 0.018750
9 0.383594 0.571094 0.001563 0.126562
4 0.372656 0.504687 0.010937 0.043750
4 0.372656 0.562500 0.010937 0.043750
8 0.346875 0.693750 0.006250 0.018750
9 0.357031 0.568750 0.001563 0.190625
2 0.323437 0.610156 0.015625 0.045312
2 0.323437 0.666406 0.015625 0.045312
8 0.253125 0.620313 0.006250 0.018750
9 0.263281 0.529687 0.001563 0.121875
4 0.233594 0.537500 0.010937 0.043750
4 0.233594 0.593750 0.010937 0.043750
8 0.160938 0.620313 0.006250 0.018750
9 0.169531 0.513281 0.001563 0.123438
8 0.067187 0.685937 0.006250 0.018750
9 0.077344 0.567969 0.001563 0.176563
13 0.120313 0.562500 0.031250 0.037500
8 0.987500 0.304688 0.006250 0.018750
9 0.977344 0.373437 0.001563 0.078125
8 0.906250 0.304688 0.006250 0.018750
9 0.897656 0.373437 0.001563 0.078125
8 0.826562 0.304688 0.006250 0.018750
9 0.816406 0.373437 0.001563 0.078125
8 0.712500 0.304688 0.006250 0.018750
9 0.702344 0.373437 0.001563 0.078125
8 0.632812 0.304688 0.006250 0.018750
9 0.622656 0.373437 0.001563 0.078125
8 0.551562 0.304688 0.006250 0.018750
9 0.541406 0.373437 0.001563 0.078125
8 0.471875 0.304688 0.006250 0.018750
9 0.461719 0.373437 0.001563 0.078125
4 0.414844 0.356250 0.010937 0.043750
2 0.431250 0.332031 0.015625 0.045312
8 0.300000 0.314063 0.006250 0.018750
9 0.289844 0.421094 0.001563 0.123438
8 0.207813 0.312500 0.006250 0.018750
9 0.197656 0.405469 0.001563 0.123438
4 0.186719 0.339062 0.010937 0.043750
4 0.186719 0.396875 0.010937 0.043750
8 0.114062 0.304688 0.006250 0.018750
9 0.103906 0.397656 0.001563 0.126562
2 0.090625 0.332031 0.015625 0.045312
2 0.090625 0.388281 0.015625 0.045312
8 0.021875 0.289062 0.006250 0.018750
9 0.011719 0.402344 0.001563 0.167187
4 0.003125 0.315625 0.006250 0.043750
4 0.003125 0.371875 0.006250 0.043750
13 0.359375 0.356250 0.031250 0.037500
0 0.946875 0.585938 0.021875 0.018750
0 0.946875 0.529687 0.021875 0.018750
0 0.867188 0.578125 0.021875 0.018750
0 0.867188 0.521875 0.021875 0.018750
0 0.770312 0.659375 0.021875 0.018750
0 0.770312 0.603125 0.021875 0.018750
0 0.673438 0.521875 0.021875 0.018750
0 0.673438 0.578125 0.021875 0.018750
0 0.592187 0.585938 0.021875 0.018750
0 0.592187 0.529687 0.021875 0.018750
0 0.512500 0.578125 0.021875 0.018750
0 0.512500 0.521875 0.021875 0.018750
0 0.393750 0.506250 0.021875 0.018750
0 0.393750 0.562500 0.021875 0.018750
0 0.346875 0.610938 0.021875 0.018750
0 0.346875 0.667188 0.021875 0.018750
0 0.254688 0.537500 0.021875 0.018750
0 0.254688 0.595313 0.021875 0.018750
0 0.160938 0.521875 0.021875 0.018750
0 0.160938 0.578125 0.021875 0.018750
0 0.068750 0.603125 0.021875 0.018750
0 0.068750 0.659375 0.021875 0.018750
0 0.987500 0.332813 0.021875 0.018750
0 0.987500 0.356250 0.021875 0.018750
0 0.968750 0.340625 0.021875 0.018750
0 0.907813 0.332813 0.021875 0.018750
0 0.907813 0.356250 0.021875 0.018750
0 0.887500 0.340625 0.021875 0.018750
0 0.826562 0.332813 0.021875 0.018750
0 0.826562 0.356250 0.021875 0.018750
0 0.807813 0.340625 0.021875 0.018750
0 0.712500 0.332813 0.021875 0.018750
0 0.712500 0.356250 0.021875 0.018750
0 0.693750 0.340625 0.021875 0.018750
0 0.632812 0.332813 0.021875 0.018750
0 0.632812 0.356250 0.021875 0.018750
0 0.612500 0.340625 0.021875 0.018750
0 0.551562 0.332813 0.021875 0.018750
0 0.551562 0.356250 0.021875 0.018750
0 0.532813 0.340625 0.021875 0.018750
0 0.471875 0.332813 0.021875 0.018750
0 0.471875 0.356250 0.021875 0.018750
0 0.451562 0.340625 0.021875 0.018750
0 0.300000 0.356250 0.021875 0.018750
0 0.300000 0.412500 0.021875 0.018750
0 0.207813 0.340625 0.021875 0.018750
0 0.207813 0.396875 0.021875 0.018750
0 0.114062 0.332813 0.021875 0.018750
0 0.114062 0.389062 0.021875 0.018750
0 0.021875 0.315625 0.021875 0.018750
0 0.021875 0.373437 0.021875 0.018750
