10 0.529687 0.400781 0.221875 0.007812
10 0.100000 0.410938 0.200000 0.012500
10 0.550000 0.529687 0.221875 0.012500
10 0.100000 0.606250 0.200000 0.012500
10 0.550000 0.758594 0.221875 0.007812
10 0.109375 0.768750 0.218750 0.012500
15 0.714063 0.859375 0.018750 0.025000
15 0.492188 0.859375 0.018750 0.025000
15 0.271875 0.859375 0.018750 0.025000
15 0.051562 0.859375 0.018750 0.025000
10 0.603906 0.902344 0.370312 0.020313
10 0.174219 0.910156 0.348438 0.020313
14 0.424219 0.938281 0.848437 0.007812
14 0.424219 0.925781 0.848437 0.007812
14 0.424219 0.442969 0.848437 0.007812
14 0.424219 0.430469 0.848437 0.007812
14 0.605469 0.867969 0.057813 0.010937
14 0.385156 0.861719 0.057813 0.010937
14 0.163281 0.877344 0.057813 0.010937
14 0.425781 0.739844 0.851562 0.079687
14 0.426563 0.653906 0.853125 0.060937
14 0.426563 0.264844 0.853125 0.060937
9 0.860938 0.913281 0.003125 0.173437
9 0.860938 0.470313 0.003125 0.278125
9 0.786719 0.874219 0.001563 0.073438
9 0.713281 0.887500 0.001563 0.050000
2 0.700000 0.860156 0.015625 0.045312
9 0.639844 0.883594 0.001563 0.057813
15 0.650000 0.739062 0.021875 0.015625
9 0.660156 0.785156 0.001563 0.060937
4 0.611719 0.818750 0.010937 0.043750
2 0.626563 0.802344 0.015625 0.045312
9 0.566406 0.883594 0.001563 0.057813
4 0.557031 0.851562 0.010937 0.043750
9 0.492969 0.883594 0.001563 0.057813
2 0.479687 0.850781 0.015625 0.045312
9 0.419531 0.879687 0.001563 0.065625
15 0.429688 0.739062 0.021875 0.015625
9 0.439844 0.789844 0.001563 0.070312
2 0.392188 0.827344 0.015625 0.045312
4 0.410156 0.803125 0.010937 0.043750
9 0.346094 0.883594 0.001563 0.073438
9 0.272656 0.895312 0.001563 0.050000
2 0.259375 0.867969 0.015625 0.045312
9 0.199219 0.891406 0.001563 0.057813
15 0.209375 0.753125 0.021875 0.003125
9 0.217969 0.796094 0.001563 0.057813
4 0.169531 0.826562 0.010937 0.043750
2 0.185938 0.811719 0.015625 0.045312
9 0.125781 0.891406 0.001563 0.057813
4 0.114844 0.859375 0.010937 0.043750
9 0.052344 0.891406 0.001563 0.057813
2 0.039062 0.860156 0.015625 0.045312
15 0.650000 0.656250 0.021875 0.015625
9 0.660156 0.577344 0.001563 0.101562
2 0.614062 0.614844 0.015625 0.045312
4 0.630469 0.575000 0.010937 0.043750
4 0.630469 0.631250 0.010937 0.043750
15 0.429688 0.665625 0.021875 0.015625
9 0.439844 0.584375 0.001563 0.106250
4 0.389844 0.615625 0.010937 0.043750
2 0.406250 0.583594 0.015625 0.045312
2 0.406250 0.639844 0.015625 0.045312
15 0.209375 0.467187 0.021875 0.003125
9 0.199219 0.546094 0.001563 0.114062
4 0.188281 0.485938 0.010937 0.043750
4 0.188281 0.542188 0.010937 0.043750
7 0.360938 0.584375 0.028125 0.075000
15 0.650000 0.265625 0.021875 0.015625
9 0.639844 0.350000 0.001563 0.109375
4 0.611719 0.307812 0.010937 0.043750
2 0.626563 0.291406 0.015625 0.045312
2 0.626563 0.347656 0.015625 0.045312
15 0.429688 0.265625 0.021875 0.015625
9 0.419531 0.350000 0.001563 0.109375
2 0.390625 0.316406 0.015625 0.045312
4 0.410156 0.290625 0.010937 0.043750
15 0.209375 0.281250 0.021875 0.003125
9 0.199219 0.356250 0.001563 0.106250
4 0.169531 0.315625 0.010937 0.043750
2 0.185938 0.299219 0.015625 0.045312
0 0.796875 0.835938 0.021875 0.018750
0 0.723437 0.859375 0.021875 0.018750
0 0.650000 0.851562 0.021875 0.018750
0 0.650000 0.803125 0.021875 0.018750
0 0.650000 0.818750 0.021875 0.018750
0 0.576562 0.851562 0.021875 0.018750
0 0.503125 0.851562 0.021875 0.018750
0 0.429688 0.843750 0.021875 0.018750
0 0.429688 0.803125 0.021875 0.018750
0 0.429688 0.828125 0.021875 0.018750
0 0.356250 0.843750 0.021875 0.018750
0 0.282813 0.867188 0.021875 0.018750
0 0.209375 0.859375 0.021875 0.018750
0 0.209375 0.810937 0.021875 0.018750
0 0.209375 0.828125 0.021875 0.018750
0 0.135937 0.859375 0.021875 0.018750
0 0.062500 0.859375 0.021875 0.018750
0 0.650000 0.575000 0.021875 0.018750
0 0.650000 0.600000 0.021875 0.018750
0 0.650000 0.615625 0.021875 0.018750
0 0.650000 0.632812 0.021875 0.018750
0 0.450000 0.607812 0.021875 0.018750
0 0.429688 0.584375 0.021875 0.018750
0 0.429688 0.600000 0.021875 0.018750
0 0.429688 0.615625 0.021875 0.018750
0 0.429688 0.640625 0.021875 0.018750
0 0.209375 0.487500 0.021875 0.018750
0 0.209375 0.510938 0.021875 0.018750
0 0.209375 0.526563 0.021875 0.018750
0 0.209375 0.543750 0.021875 0.018750
0 0.650000 0.292187 0.021875 0.018750
0 0.650000 0.307812 0.021875 0.018750
0 0.650000 0.332813 0.021875 0.018750
0 0.650000 0.348438 0.021875 0.018750
0 0.429688 0.292187 0.021875 0.018750
0 0.429688 0.315625 0.021875 0.018750
0 0.429688 0.332813 0.021875 0.018750
0 0.429688 0.348438 0.021875 0.018750
0 0.410938 0.340625 0.021875 0.018750
0 0.209375 0.300000 0.021875 0.018750
0 0.209375 0.315625 0.021875 0.018750
0 0.209375 0.340625 0.021875 0.018750
0 0.209375 0.356250 0.021875 0.018750
