10 0.899219 0.008594 0.070312 0.017188
10 0.757031 0.027344 0.120313 0.045312
9 0.933594 0.007031 0.001563 0.014063
9 0.766406 0.015625 0.001563 0.031250
9 0.697656 0.022656 0.001563 0.045312
8 0.444531 0.011719 0.004687 0.004687
8 0.396094 0.028906 0.004687 0.004687
8 0.346094 0.044531 0.004687 0.004687
8 0.297656 0.003906 0.004687 0.004687
8 0.249219 0.021094 0.004687 0.004687
8 0.200781 0.036719 0.004687 0.004687
8 0.150781 0.052344 0.004687 0.004687
8 0.053906 0.003906 0.004687 0.004687
8 0.005469 0.021094 0.004687 0.004687
0 0.707812 0.005469 0.021875 0.010937
0 0.395313 0.009375 0.021875 0.018750
0 0.346875 0.025000 0.021875 0.018750
0 0.250000 0.005469 0.021875 0.010937
0 0.200000 0.017188 0.021875 0.018750
0 0.151562 0.032813 0.021875 0.018750
0 0.008594 0.005469 0.017188 0.010937
