3 0.327344 0.617188 0.014063 0.040625
13 0.282031 0.605469 0.045312 0.057813
3 0.327344 0.356250 0.014063 0.040625
7 0.281250 0.366406 0.043750 0.114062
10 0.615625 0.412500 0.053125 0.025000
10 0.729688 0.654687 0.075000 0.025000
10 0.580469 0.675781 0.126562 0.045312
10 0.407813 0.654687 0.075000 0.025000
14 0.467969 0.443750 0.242188 0.009375
14 0.467969 0.429688 0.242188 0.009375
14 0.614844 0.520312 0.176563 0.059375
14 0.363281 0.539062 0.035937 0.025000
14 0.652344 0.294531 0.104688 0.020313
14 0.363281 0.410938 0.035937 0.021875
9 0.248438 0.486719 0.003125 0.310937
9 0.942187 0.486719 0.003125 0.310937
8 0.978906 0.700781 0.004687 0.004687
9 0.988281 0.626563 0.001563 0.106250
15 0.848437 0.668750 0.021875 0.003125
9 0.858594 0.596875 0.001563 0.100000
8 0.775781 0.600781 0.004687 0.004687
9 0.766406 0.641406 0.001563 0.042188
15 0.703125 0.517188 0.021875 0.003125
9 0.692969 0.592187 0.001563 0.106250
9 0.641406 0.609375 0.001563 0.121875
9 0.589844 0.601562 0.001563 0.156250
15 0.526563 0.567187 0.021875 0.003125
9 0.517969 0.646094 0.001563 0.098437
8 0.453906 0.600781 0.004687 0.004687
9 0.444531 0.641406 0.001563 0.042188
15 0.381250 0.542188 0.021875 0.003125
9 0.371094 0.604688 0.001563 0.081250
8 0.978906 0.408594 0.004687 0.004687
9 0.988281 0.339844 0.001563 0.089063
12 0.846094 0.364844 0.017188 0.048438
15 0.703125 0.314063 0.021875 0.003125
9 0.692969 0.377344 0.001563 0.085938
9 0.641406 0.382812 0.001563 0.078125
9 0.589844 0.367969 0.001563 0.098437
12 0.525000 0.367188 0.015625 0.028125
15 0.381250 0.389062 0.021875 0.003125
9 0.391406 0.338281 0.001563 0.060937
15 0.975781 0.467969 0.048438 0.026562
15 0.702344 0.463281 0.032813 0.039062
0 0.979688 0.625000 0.021875 0.018750
0 0.979688 0.682813 0.021875 0.018750
0 0.848437 0.593750 0.021875 0.018750
0 0.848437 0.650000 0.021875 0.018750
0 0.776563 0.617188 0.021875 0.018750
0 0.703125 0.537500 0.021875 0.018750
0 0.703125 0.576562 0.021875 0.018750
0 0.651563 0.545312 0.021875 0.018750
0 0.651563 0.568750 0.021875 0.018750
0 0.600000 0.520312 0.021875 0.018750
0 0.600000 0.560937 0.021875 0.018750
0 0.528125 0.593750 0.021875 0.018750
0 0.528125 0.650000 0.021875 0.018750
0 0.454688 0.617188 0.021875 0.018750
0 0.381250 0.560937 0.021875 0.018750
0 0.381250 0.576562 0.021875 0.018750
0 0.979688 0.348438 0.021875 0.018750
0 0.979688 0.389062 0.021875 0.018750
0 0.703125 0.332813 0.021875 0.018750
0 0.703125 0.373437 0.021875 0.018750
0 0.651563 0.340625 0.021875 0.018750
0 0.651563 0.364063 0.021875 0.018750
0 0.600000 0.315625 0.021875 0.018750
0 0.600000 0.356250 0.021875 0.018750
0 0.381250 0.356250 0.021875 0.018750
0 0.381250 0.373437 0.021875 0.018750
