2 0.348438 0.635156 0.015625 0.045312
2 0.328125 0.610156 0.015625 0.045312
13 0.282031 0.622656 0.045312 0.057813
2 0.348438 0.355469 0.015625 0.045312
2 0.328125 0.332031 0.015625 0.045312
7 0.281250 0.366406 0.043750 0.114062
15 0.931250 0.364063 0.018750 0.025000
15 0.609375 0.375000 0.018750 0.025000
15 0.460938 0.364063 0.018750 0.025000
10 0.932031 0.375000 0.101562 0.028125
10 0.763281 0.318750 0.070312 0.012500
10 0.609375 0.403125 0.093750 0.028125
10 0.461719 0.370312 0.117188 0.028125
15 0.773438 0.609375 0.018750 0.025000
10 0.941406 0.582812 0.079687 0.025000
10 0.774219 0.577344 0.092188 0.032813
10 0.622656 0.567187 0.057813 0.012500
10 0.468750 0.582812 0.093750 0.025000
14 0.992188 0.641406 0.015625 0.010937
14 0.773438 0.550000 0.090625 0.040625
14 0.539062 0.634375 0.037500 0.009375
14 0.946094 0.296875 0.107813 0.093750
14 0.753125 0.447656 0.068750 0.020313
14 0.539062 0.285156 0.253125 0.085938
9 0.248438 0.495312 0.003125 0.328125
9 0.845313 0.495312 0.003125 0.328125
15 0.968750 0.553125 0.021875 0.015625
9 0.978906 0.630469 0.001563 0.114062
15 0.892188 0.792188 0.021875 0.015625
9 0.882031 0.755469 0.001563 0.042188
9 0.902344 0.660156 0.001563 0.139063
2 0.868750 0.674219 0.015625 0.045312
2 0.868750 0.732031 0.015625 0.045312
9 0.819531 0.586719 0.001563 0.042188
9 0.774219 0.604688 0.001563 0.053125
9 0.710156 0.747656 0.001563 0.042188
9 0.728906 0.655469 0.001563 0.129688
15 0.640625 0.549219 0.015625 0.017188
9 0.650781 0.620313 0.001563 0.103125
15 0.584375 0.544531 0.015625 0.017188
9 0.594531 0.614062 0.001563 0.100000
9 0.563281 0.667188 0.001563 0.043750
15 0.504687 0.553125 0.021875 0.015625
9 0.514844 0.626563 0.001563 0.106250
2 0.482812 0.642969 0.015625 0.045312
15 0.412500 0.792188 0.021875 0.015625
9 0.403906 0.727344 0.001563 0.098437
9 0.422656 0.631250 0.001563 0.081250
2 0.390625 0.732031 0.015625 0.045312
2 0.390625 0.674219 0.015625 0.045312
7 0.929688 0.634375 0.028125 0.075000
13 0.679688 0.618750 0.031250 0.037500
7 0.450000 0.634375 0.028125 0.075000
9 0.982031 0.334375 0.001563 0.062500
4 0.972656 0.300000 0.010937 0.043750
9 0.930469 0.346875 0.001563 0.056250
15 0.892188 0.239063 0.021875 0.015625
9 0.882031 0.331250 0.001563 0.106250
15 0.787500 0.299219 0.015625 0.017188
9 0.796094 0.373437 0.001563 0.106250
15 0.718750 0.296094 0.015625 0.017188
9 0.728906 0.366406 0.001563 0.101562
2 0.696875 0.380469 0.015625 0.045312
9 0.655469 0.389844 0.001563 0.045312
9 0.608594 0.357031 0.001563 0.092188
9 0.563281 0.359375 0.001563 0.065625
9 0.517969 0.328125 0.001563 0.065625
9 0.458594 0.340625 0.001563 0.059375
15 0.412500 0.234375 0.021875 0.015625
9 0.403906 0.325781 0.001563 0.110937
2 0.390625 0.267969 0.015625 0.045312
2 0.390625 0.324219 0.015625 0.045312
15 0.411719 0.496094 0.048438 0.039062
0 0.970313 0.651563 0.021875 0.018750
0 0.970313 0.634375 0.021875 0.018750
0 0.970313 0.690625 0.021875 0.018750
0 0.892188 0.731250 0.021875 0.018750
0 0.892188 0.731250 0.021875 0.018750
0 0.892188 0.675000 0.021875 0.018750
0 0.809375 0.610938 0.021875 0.018750
0 0.764062 0.634375 0.021875 0.018750
0 0.720313 0.723437 0.021875 0.018750
0 0.720313 0.667188 0.021875 0.018750
0 0.720313 0.723437 0.021875 0.018750
0 0.640625 0.675000 0.021875 0.018750
0 0.640625 0.618750 0.021875 0.018750
0 0.584375 0.667188 0.021875 0.018750
0 0.584375 0.610938 0.021875 0.018750
0 0.573438 0.642188 0.021875 0.018750
0 0.506250 0.682813 0.021875 0.018750
0 0.506250 0.642188 0.021875 0.018750
0 0.506250 0.626563 0.021875 0.018750
0 0.414062 0.731250 0.021875 0.018750
0 0.414062 0.675000 0.021875 0.018750
0 0.414062 0.675000 0.021875 0.018750
0 0.990625 0.300000 0.018750 0.018750
0 0.940625 0.315625 0.021875 0.018750
0 0.892188 0.276562 0.021875 0.018750
0 0.892188 0.332813 0.021875 0.018750
0 0.787500 0.373437 0.021875 0.018750
0 0.787500 0.389062 0.021875 0.018750
0 0.787500 0.429688 0.021875 0.018750
0 0.720313 0.364063 0.021875 0.018750
0 0.720313 0.381250 0.021875 0.018750
0 0.720313 0.421875 0.021875 0.018750
0 0.665625 0.364063 0.021875 0.018750
0 0.618750 0.307812 0.021875 0.018750
0 0.573438 0.325000 0.021875 0.018750
0 0.528125 0.292187 0.021875 0.018750
0 0.468750 0.307812 0.021875 0.018750
0 0.414062 0.267188 0.021875 0.018750
0 0.414062 0.325000 0.021875 0.018750
