10 0.942187 0.285938 0.056250 0.025000
10 0.590625 0.385156 0.115625 0.007812
10 0.221094 0.395313 0.339062 0.012500
10 0.942187 0.538281 0.056250 0.014063
10 0.610938 0.538281 0.115625 0.007812
10 0.241406 0.538281 0.339062 0.007812
10 0.838281 0.833594 0.160938 0.020313
10 0.613281 0.833594 0.160938 0.020313
10 0.357031 0.833594 0.160938 0.020313
10 0.132031 0.820312 0.160938 0.025000
14 0.643750 0.883594 0.603125 0.029687
3 0.775000 0.524219 0.009375 0.026562
15 0.775000 0.553906 0.034375 0.026562
3 0.775000 0.322656 0.009375 0.026562
15 0.775000 0.352344 0.034375 0.026562
14 0.739062 0.436719 0.412500 0.026562
14 0.137500 0.437500 0.275000 0.025000
14 0.958594 0.797656 0.035937 0.010937
14 0.735938 0.766406 0.037500 0.010937
14 0.735156 0.797656 0.035937 0.010937
14 0.495312 0.766406 0.068750 0.010937
14 0.495312 0.796094 0.068750 0.010937
14 0.253125 0.753906 0.037500 0.010937
14 0.252344 0.787500 0.035937 0.009375
14 0.029687 0.738281 0.037500 0.010937
14 0.028906 0.770312 0.035937 0.009375
14 0.500000 0.704688 1.000000 0.059375
14 0.866406 0.603125 0.195312 0.031250
14 0.496094 0.630469 0.992188 0.057813
14 0.866406 0.349219 0.195312 0.026562
14 0.496875 0.279687 0.993750 0.087500
9 0.503125 0.889062 0.003125 0.221875
9 0.503125 0.465625 0.003125 0.268750
9 0.778906 0.978125 0.001563 0.043750
9 0.553906 0.960938 0.001563 0.078125
9 0.296094 0.970313 0.001563 0.059375
3 0.264844 0.984375 0.014063 0.031250
9 0.072656 0.957812 0.001563 0.084375
3 0.039844 0.956250 0.014063 0.040625
9 0.983594 0.804688 0.001563 0.078125
4 0.972656 0.762500 0.010937 0.043750
9 0.917969 0.808594 0.001563 0.070312
15 0.834375 0.751563 0.021875 0.003125
9 0.824219 0.808594 0.001563 0.070312
4 0.799219 0.787500 0.010937 0.043750
4 0.814844 0.770312 0.010937 0.043750
9 0.758594 0.808594 0.001563 0.070312
15 0.703125 0.751563 0.021875 0.003125
9 0.692969 0.808594 0.001563 0.070312
15 0.610938 0.751563 0.021875 0.003125
9 0.600781 0.808594 0.001563 0.070312
2 0.568750 0.786719 0.015625 0.045312
2 0.587500 0.771094 0.015625 0.045312
9 0.533594 0.808594 0.001563 0.070312
15 0.445312 0.751563 0.021875 0.003125
9 0.436719 0.808594 0.001563 0.070312
15 0.353125 0.751563 0.021875 0.003125
9 0.342969 0.808594 0.001563 0.070312
2 0.310937 0.786719 0.015625 0.045312
2 0.329688 0.771094 0.015625 0.045312
9 0.277344 0.804688 0.001563 0.078125
15 0.220312 0.743750 0.021875 0.003125
9 0.211719 0.796094 0.001563 0.060937
4 0.182031 0.778125 0.010937 0.043750
2 0.198437 0.763281 0.015625 0.045312
15 0.128125 0.735938 0.021875 0.003125
9 0.117969 0.791406 0.001563 0.067187
3 0.105469 0.762500 0.014063 0.040625
9 0.052344 0.786719 0.001563 0.073438
15 0.003906 0.728125 0.007812 0.003125
15 0.977344 0.892969 0.045312 0.026562
9 0.969531 0.553906 0.001563 0.039062
3 0.950000 0.569531 0.009375 0.023438
9 0.938281 0.558594 0.001563 0.045312
9 0.914844 0.561719 0.001563 0.051562
9 0.778906 0.553906 0.001563 0.051562
4 0.749219 0.581250 0.010937 0.043750
9 0.666406 0.560937 0.001563 0.053125
2 0.634375 0.589844 0.015625 0.045312
9 0.553906 0.560937 0.001563 0.053125
4 0.524219 0.590625 0.010937 0.043750
9 0.408594 0.564844 0.001563 0.060937
4 0.378906 0.598437 0.010937 0.043750
9 0.296094 0.557031 0.001563 0.045312
2 0.264062 0.582031 0.015625 0.045312
9 0.183594 0.560937 0.001563 0.053125
5 0.151562 0.590625 0.015625 0.015625
9 0.072656 0.560937 0.001563 0.053125
2 0.039062 0.589844 0.015625 0.045312
9 0.969531 0.295312 0.001563 0.037500
3 0.950000 0.310156 0.009375 0.023438
9 0.938281 0.302344 0.001563 0.039062
9 0.914844 0.308594 0.001563 0.042188
9 0.983594 0.353125 0.001563 0.053125
9 0.758594 0.353125 0.001563 0.053125
4 0.749219 0.323437 0.010937 0.043750
9 0.647656 0.360938 0.001563 0.053125
2 0.634375 0.332031 0.015625 0.045312
9 0.533594 0.360938 0.001563 0.053125
4 0.524219 0.331250 0.010937 0.043750
9 0.389844 0.370312 0.001563 0.053125
4 0.378906 0.339062 0.010937 0.043750
9 0.277344 0.360938 0.001563 0.068750
2 0.264062 0.324219 0.015625 0.045312
9 0.164844 0.364063 0.001563 0.059375
5 0.151562 0.331250 0.015625 0.015625
9 0.052344 0.363281 0.001563 0.057813
2 0.039062 0.332031 0.015625 0.045312
15 0.977344 0.446094 0.045312 0.026562
0 0.543750 0.973437 0.021875 0.018750
0 0.287500 0.993750 0.021875 0.012500
0 0.062500 0.965625 0.021875 0.018750
0 0.991406 0.762500 0.017188 0.018750
0 0.991406 0.787500 0.017188 0.018750
0 0.928125 0.787500 0.021875 0.018750
0 0.928125 0.771875 0.021875 0.018750
0 0.834375 0.771875 0.021875 0.018750
0 0.834375 0.787500 0.021875 0.018750
0 0.768750 0.771875 0.021875 0.018750
0 0.768750 0.787500 0.021875 0.018750
0 0.703125 0.771875 0.021875 0.018750
0 0.703125 0.787500 0.021875 0.018750
0 0.610938 0.771875 0.021875 0.018750
0 0.610938 0.787500 0.021875 0.018750
0 0.543750 0.771875 0.021875 0.018750
0 0.543750 0.787500 0.021875 0.018750
0 0.446875 0.771875 0.021875 0.018750
0 0.446875 0.787500 0.021875 0.018750
0 0.353125 0.771875 0.021875 0.018750
0 0.353125 0.787500 0.021875 0.018750
0 0.287500 0.762500 0.021875 0.018750
0 0.287500 0.779687 0.021875 0.018750
0 0.221875 0.762500 0.021875 0.018750
0 0.221875 0.779687 0.021875 0.018750
0 0.128125 0.754687 0.021875 0.018750
0 0.128125 0.771875 0.021875 0.018750
0 0.062500 0.746875 0.021875 0.018750
0 0.062500 0.762500 0.021875 0.018750
0 0.003906 0.746875 0.007812 0.018750
0 0.003906 0.762500 0.007812 0.018750
0 0.964063 0.574219 0.012500 0.010937
0 0.931250 0.582031 0.012500 0.010937
0 0.909375 0.589844 0.012500 0.010937
0 0.991406 0.582812 0.017188 0.018750
0 0.768750 0.582812 0.021875 0.018750
0 0.657813 0.590625 0.021875 0.018750
0 0.543750 0.590625 0.021875 0.018750
0 0.400000 0.598437 0.021875 0.018750
0 0.287500 0.582812 0.021875 0.018750
0 0.175000 0.590625 0.021875 0.018750
0 0.062500 0.590625 0.021875 0.018750
0 0.964063 0.316406 0.012500 0.010937
0 0.931250 0.324219 0.012500 0.010937
0 0.909375 0.332031 0.012500 0.010937
0 0.991406 0.325000 0.017188 0.018750
0 0.768750 0.325000 0.021875 0.018750
0 0.657813 0.332813 0.021875 0.018750
0 0.543750 0.332813 0.021875 0.018750
0 0.400000 0.340625 0.021875 0.018750
0 0.287500 0.325000 0.021875 0.018750
0 0.175000 0.332813 0.021875 0.018750
0 0.062500 0.332813 0.021875 0.018750
