10 0.885156 0.277344 0.054688 0.020313
10 0.741406 0.292969 0.054688 0.020313
10 0.528906 0.292969 0.054688 0.020313
10 0.385156 0.328125 0.054688 0.025000
10 0.171094 0.303125 0.054688 0.025000
10 0.972656 0.603125 0.054688 0.015625
10 0.885156 0.562500 0.054688 0.025000
10 0.721094 0.635938 0.054688 0.015625
10 0.614844 0.603125 0.054688 0.015625
10 0.528906 0.562500 0.054688 0.025000
10 0.277344 0.510938 0.054688 0.025000
10 0.171094 0.562500 0.054688 0.025000
13 0.846875 0.436719 0.306250 0.026562
13 0.534375 0.437500 0.106250 0.021875
13 0.389844 0.437500 0.104688 0.021875
13 0.108594 0.436719 0.217188 0.023438
13 0.875781 0.660937 0.054688 0.065625
13 0.678906 0.532813 0.160938 0.068750
13 0.519531 0.660937 0.054688 0.065625
13 0.273438 0.490625 0.043750 0.031250
13 0.287500 0.588281 0.090625 0.010937
13 0.163281 0.660937 0.054688 0.065625
13 0.027344 0.511719 0.054688 0.035937
13 0.985938 0.339062 0.028125 0.009375
13 0.835938 0.277344 0.243750 0.045312
13 0.775781 0.381250 0.114062 0.012500
13 0.651563 0.356250 0.075000 0.009375
13 0.446875 0.356250 0.059375 0.009375
13 0.479687 0.298438 0.243750 0.050000
13 0.412500 0.407031 0.128125 0.014063
13 0.195312 0.303125 0.100000 0.050000
14 0.803125 0.484375 0.003125 0.306250
14 0.456250 0.484375 0.003125 0.306250
14 0.098437 0.484375 0.003125 0.306250
9 0.999219 0.571094 0.001563 0.073438
14 0.956250 0.495312 0.021875 0.003125
9 0.946094 0.557813 0.001563 0.081250
9 0.911719 0.577344 0.001563 0.045312
2 0.879687 0.603906 0.015625 0.045312
14 0.848437 0.678125 0.021875 0.003125
9 0.858594 0.613281 0.001563 0.085938
2 0.826562 0.660156 0.015625 0.045312
9 0.749219 0.615625 0.001563 0.050000
14 0.704688 0.553125 0.021875 0.003125
9 0.694531 0.602344 0.001563 0.057813
14 0.651563 0.528125 0.021875 0.003125
9 0.641406 0.578906 0.001563 0.057813
14 0.598437 0.512500 0.021875 0.003125
9 0.588281 0.567187 0.001563 0.065625
9 0.555469 0.577344 0.001563 0.045312
14 0.492188 0.678125 0.021875 0.003125
9 0.502344 0.613281 0.001563 0.085938
9 0.338281 0.613281 0.001563 0.079687
14 0.295312 0.489063 0.021875 0.003125
9 0.303906 0.522656 0.001563 0.042188
9 0.232031 0.600000 0.001563 0.053125
9 0.250781 0.543750 0.001563 0.050000
9 0.197656 0.577344 0.001563 0.045312
14 0.135937 0.678125 0.021875 0.003125
9 0.144531 0.613281 0.001563 0.085938
9 0.044531 0.561719 0.001563 0.073438
11 0.953906 0.413281 0.017188 0.048438
9 0.964844 0.330469 0.001563 0.045312
9 0.911719 0.305469 0.001563 0.045312
9 0.839844 0.389844 0.001563 0.060937
9 0.858594 0.292969 0.001563 0.042188
9 0.767969 0.308594 0.001563 0.042188
9 0.694531 0.386719 0.001563 0.070312
9 0.714844 0.322656 0.001563 0.045312
11 0.596094 0.428906 0.017188 0.048438
9 0.608594 0.345313 0.001563 0.050000
9 0.555469 0.322656 0.001563 0.045312
9 0.482031 0.403906 0.001563 0.057813
9 0.502344 0.308594 0.001563 0.042188
9 0.411719 0.345313 0.001563 0.050000
9 0.338281 0.413281 0.001563 0.042188
9 0.358594 0.360938 0.001563 0.050000
9 0.232031 0.413281 0.001563 0.042188
9 0.250781 0.345313 0.001563 0.050000
9 0.197656 0.316406 0.001563 0.042188
9 0.125781 0.404687 0.001563 0.043750
9 0.144531 0.335938 0.001563 0.050000
9 0.064844 0.314844 0.001563 0.045312
9 0.010156 0.322656 0.001563 0.060937
14 0.241406 0.464844 0.029687 0.026562
0 0.956250 0.515625 0.021875 0.018750
0 0.903125 0.603125 0.021875 0.018750
0 0.850000 0.628125 0.021875 0.018750
0 0.850000 0.660937 0.021875 0.018750
0 0.759375 0.587500 0.021875 0.018750
0 0.704688 0.571875 0.021875 0.018750
0 0.651563 0.546875 0.021875 0.018750
0 0.598437 0.531250 0.021875 0.018750
0 0.545312 0.603125 0.021875 0.018750
0 0.492188 0.628125 0.021875 0.018750
0 0.492188 0.660937 0.021875 0.018750
0 0.348438 0.571875 0.021875 0.018750
0 0.348438 0.603125 0.021875 0.018750
0 0.295312 0.546875 0.021875 0.018750
0 0.242188 0.571875 0.021875 0.018750
0 0.242188 0.571875 0.021875 0.018750
0 0.189062 0.603125 0.021875 0.018750
0 0.135937 0.628125 0.021875 0.018750
0 0.135937 0.660937 0.021875 0.018750
0 0.054688 0.523438 0.021875 0.018750
0 0.006250 0.531250 0.012500 0.018750
0 0.956250 0.356250 0.021875 0.018750
0 0.903125 0.332813 0.021875 0.018750
0 0.850000 0.356250 0.021875 0.018750
0 0.850000 0.373437 0.021875 0.018750
0 0.850000 0.315625 0.021875 0.018750
0 0.759375 0.332813 0.021875 0.018750
0 0.704688 0.373437 0.021875 0.018750
0 0.704688 0.348438 0.021875 0.018750
0 0.704688 0.348438 0.021875 0.018750
0 0.598437 0.373437 0.021875 0.018750
0 0.545312 0.348438 0.021875 0.018750
0 0.492188 0.373437 0.021875 0.018750
0 0.492188 0.389062 0.021875 0.018750
0 0.492188 0.332813 0.021875 0.018750
0 0.401562 0.373437 0.021875 0.018750
0 0.348438 0.389062 0.021875 0.018750
0 0.348438 0.389062 0.021875 0.018750
0 0.242188 0.389062 0.021875 0.018750
0 0.242188 0.373437 0.021875 0.018750
0 0.189062 0.340625 0.021875 0.018750
0 0.135937 0.381250 0.021875 0.018750
0 0.135937 0.364063 0.021875 0.018750
0 0.054688 0.340625 0.021875 0.018750
0 0.006250 0.373437 0.012500 0.018750
0 0.006250 0.356250 0.012500 0.018750
