10 0.747656 0.411719 0.139063 0.045312
10 0.566406 0.396875 0.135937 0.040625
10 0.405469 0.305469 0.139063 0.020313
10 0.202344 0.430469 0.139063 0.020313
10 0.031250 0.425000 0.062500 0.040625
10 0.635156 0.625000 0.273438 0.028125
10 0.271094 0.613281 0.276562 0.020313
14 0.257031 0.500000 0.048438 0.018750
14 0.803906 0.332031 0.045312 0.054688
14 0.710156 0.316406 0.045312 0.054688
14 0.621094 0.316406 0.045312 0.054688
14 0.532031 0.300781 0.045312 0.054688
14 0.396094 0.405469 0.139063 0.042188
14 0.257031 0.328906 0.048438 0.020313
14 0.167187 0.339844 0.046875 0.060937
14 0.050000 0.339844 0.046875 0.060937
9 0.860938 0.461719 0.003125 0.260937
9 0.107813 0.461719 0.003125 0.260937
8 0.780469 0.482031 0.004687 0.004687
9 0.771094 0.559375 0.001563 0.109375
2 0.757812 0.502344 0.015625 0.045312
2 0.757812 0.558594 0.015625 0.045312
8 0.688281 0.497656 0.004687 0.004687
9 0.678906 0.572656 0.001563 0.101562
8 0.597656 0.505469 0.004687 0.004687
9 0.588281 0.579688 0.001563 0.100000
8 0.508594 0.513281 0.004687 0.004687
9 0.499219 0.586719 0.001563 0.098437
8 0.419531 0.514844 0.004687 0.004687
9 0.408594 0.584375 0.001563 0.078125
2 0.396875 0.542969 0.015625 0.045312
8 0.325781 0.497656 0.004687 0.004687
9 0.316406 0.572656 0.001563 0.101562
9 0.271094 0.576562 0.001563 0.093750
9 0.224219 0.572656 0.001563 0.101562
8 0.144531 0.482031 0.004687 0.004687
9 0.133594 0.564063 0.001563 0.118750
8 0.027344 0.489844 0.004687 0.004687
9 0.016406 0.567187 0.001563 0.109375
2 0.006250 0.510156 0.012500 0.045312
2 0.006250 0.566406 0.012500 0.045312
9 0.816406 0.405469 0.001563 0.045312
15 0.781250 0.293750 0.021875 0.015625
9 0.771094 0.373437 0.001563 0.093750
2 0.757812 0.347656 0.015625 0.045312
9 0.722656 0.389844 0.001563 0.045312
15 0.689063 0.276562 0.021875 0.015625
9 0.678906 0.357812 0.001563 0.093750
9 0.633594 0.389844 0.001563 0.045312
15 0.598437 0.276562 0.021875 0.015625
9 0.588281 0.358594 0.001563 0.095312
9 0.544531 0.375781 0.001563 0.048438
15 0.509375 0.260937 0.021875 0.015625
9 0.499219 0.344531 0.001563 0.098437
9 0.474219 0.320312 0.001563 0.050000
9 0.428906 0.339844 0.001563 0.089063
2 0.396875 0.388281 0.015625 0.045312
9 0.380469 0.348438 0.001563 0.106250
15 0.326562 0.425000 0.021875 0.015625
9 0.336719 0.328125 0.001563 0.065625
9 0.271094 0.400000 0.001563 0.081250
2 0.259375 0.355469 0.015625 0.045312
15 0.234375 0.307812 0.021875 0.015625
9 0.224219 0.396875 0.001563 0.090625
9 0.178906 0.417187 0.001563 0.050000
15 0.143750 0.298438 0.021875 0.015625
9 0.133594 0.387500 0.001563 0.106250
9 0.061719 0.417187 0.001563 0.050000
15 0.026562 0.298438 0.021875 0.015625
9 0.016406 0.384375 0.001563 0.100000
2 0.006250 0.355469 0.012500 0.045312
0 0.781250 0.501563 0.021875 0.018750
0 0.781250 0.559375 0.021875 0.018750
0 0.689063 0.575000 0.021875 0.018750
0 0.689063 0.518750 0.021875 0.018750
0 0.598437 0.526563 0.021875 0.018750
0 0.598437 0.582812 0.021875 0.018750
0 0.509375 0.590625 0.021875 0.018750
0 0.509375 0.534375 0.021875 0.018750
0 0.418750 0.542188 0.021875 0.018750
0 0.326562 0.518750 0.021875 0.018750
0 0.326562 0.575000 0.021875 0.018750
0 0.281250 0.526563 0.021875 0.018750
0 0.234375 0.518750 0.021875 0.018750
0 0.143750 0.559375 0.021875 0.018750
0 0.143750 0.501563 0.021875 0.018750
0 0.026562 0.510938 0.021875 0.018750
0 0.026562 0.567187 0.021875 0.018750
0 0.826562 0.381250 0.021875 0.018750
0 0.781250 0.325000 0.021875 0.018750
0 0.781250 0.348438 0.021875 0.018750
0 0.732812 0.364063 0.021875 0.018750
0 0.689063 0.307812 0.021875 0.018750
0 0.689063 0.325000 0.021875 0.018750
0 0.643750 0.364063 0.021875 0.018750
0 0.598437 0.307812 0.021875 0.018750
0 0.598437 0.325000 0.021875 0.018750
0 0.554688 0.348438 0.021875 0.018750
0 0.509375 0.292187 0.021875 0.018750
0 0.509375 0.307812 0.021875 0.018750
0 0.464062 0.348438 0.021875 0.018750
0 0.418750 0.364063 0.021875 0.018750
0 0.418750 0.389062 0.021875 0.018750
0 0.371875 0.404687 0.021875 0.018750
0 0.326562 0.348438 0.021875 0.018750
0 0.326562 0.364063 0.021875 0.018750
0 0.281250 0.356250 0.021875 0.018750
0 0.234375 0.348438 0.021875 0.018750
0 0.189062 0.389062 0.021875 0.018750
0 0.143750 0.332813 0.021875 0.018750
0 0.143750 0.348438 0.021875 0.018750
0 0.071875 0.389062 0.021875 0.018750
0 0.026562 0.332813 0.021875 0.018750
0 0.026562 0.356250 0.021875 0.018750
