10 0.737500 0.423438 0.156250 0.028125
10 0.393750 0.273438 0.056250 0.037500
10 0.092969 0.296875 0.060937 0.037500
10 0.737500 0.646875 0.156250 0.028125
10 0.516406 0.529687 0.073438 0.012500
10 0.393750 0.537500 0.056250 0.037500
10 0.045312 0.487500 0.059375 0.025000
10 0.174219 0.643750 0.048438 0.015625
10 0.072656 0.575000 0.060937 0.037500
14 0.478906 0.436719 0.267188 0.023438
14 0.021094 0.437500 0.042188 0.021875
14 0.575000 0.562500 0.031250 0.009375
14 0.419531 0.525781 0.107813 0.042188
14 0.101562 0.625000 0.118750 0.065625
14 0.542969 0.330469 0.085938 0.010937
14 0.553125 0.357031 0.106250 0.010937
14 0.418750 0.275000 0.106250 0.062500
14 0.112500 0.294531 0.100000 0.054688
9 0.860938 0.467969 0.003125 0.273438
9 0.434375 0.467969 0.003125 0.273438
8 0.824219 0.502344 0.004687 0.004687
9 0.814844 0.581250 0.001563 0.109375
2 0.801562 0.522656 0.015625 0.045312
2 0.801562 0.578906 0.015625 0.045312
8 0.764844 0.519531 0.004687 0.004687
9 0.755469 0.592969 0.001563 0.101562
8 0.717969 0.527344 0.004687 0.004687
9 0.708594 0.600000 0.001563 0.100000
4 0.697656 0.546875 0.010937 0.043750
4 0.697656 0.603125 0.010937 0.043750
8 0.669531 0.528906 0.004687 0.004687
9 0.660156 0.607031 0.001563 0.098437
4 0.649219 0.554688 0.010937 0.043750
4 0.649219 0.612500 0.010937 0.043750
9 0.599219 0.579688 0.001563 0.106250
9 0.552344 0.551562 0.001563 0.050000
15 0.471875 0.653125 0.021875 0.015625
9 0.480469 0.578125 0.001563 0.093750
9 0.419531 0.566406 0.001563 0.054688
2 0.387500 0.596094 0.015625 0.045312
15 0.355469 0.642188 0.020313 0.053125
9 0.346094 0.632031 0.001563 0.067187
9 0.366406 0.545312 0.001563 0.046875
4 0.335156 0.612500 0.010937 0.043750
15 0.254688 0.654687 0.021875 0.003125
15 0.271094 0.550000 0.017188 0.053125
9 0.263281 0.578125 0.001563 0.109375
4 0.233594 0.579688 0.010937 0.043750
4 0.233594 0.635938 0.010937 0.043750
8 0.197656 0.663281 0.004687 0.004687
9 0.197656 0.627344 0.001563 0.042188
9 0.150781 0.598437 0.001563 0.081250
15 0.160938 0.460938 0.021875 0.003125
9 0.171094 0.499219 0.001563 0.057813
4 0.141406 0.515625 0.010937 0.043750
9 0.102344 0.557813 0.001563 0.062500
2 0.089063 0.522656 0.015625 0.045312
9 0.074219 0.507031 0.001563 0.057813
9 0.042969 0.536719 0.001563 0.070312
12 0.005469 0.671875 0.010937 0.028125
15 0.008594 0.481250 0.017188 0.003125
9 0.016406 0.564844 0.001563 0.139063
13 0.509375 0.564063 0.031250 0.037500
7 0.306250 0.579688 0.028125 0.075000
8 0.824219 0.311719 0.004687 0.004687
9 0.814844 0.383594 0.001563 0.098437
4 0.786719 0.387500 0.010937 0.043750
2 0.801562 0.355469 0.015625 0.045312
8 0.764844 0.296094 0.004687 0.004687
9 0.755469 0.371875 0.001563 0.106250
8 0.717969 0.296094 0.004687 0.004687
9 0.708594 0.368750 0.001563 0.100000
4 0.697656 0.331250 0.010937 0.043750
8 0.669531 0.278906 0.004687 0.004687
9 0.660156 0.357812 0.001563 0.109375
4 0.649219 0.356250 0.010937 0.043750
4 0.649219 0.300000 0.010937 0.043750
15 0.622656 0.410938 0.020313 0.053125
9 0.613281 0.380469 0.001563 0.107813
2 0.600000 0.380469 0.015625 0.045312
2 0.600000 0.324219 0.015625 0.045312
9 0.461719 0.370312 0.001563 0.087500
9 0.419531 0.302344 0.001563 0.054688
2 0.387500 0.332031 0.015625 0.045312
15 0.355469 0.378125 0.020313 0.053125
9 0.346094 0.367969 0.001563 0.067187
9 0.366406 0.281250 0.001563 0.046875
12 0.251563 0.367188 0.015625 0.028125
15 0.160938 0.407813 0.021875 0.003125
9 0.171094 0.343750 0.001563 0.084375
4 0.141406 0.348438 0.010937 0.043750
9 0.121094 0.325781 0.001563 0.054688
2 0.089063 0.355469 0.015625 0.045312
15 0.052344 0.403125 0.020313 0.053125
9 0.042969 0.400781 0.001563 0.051562
9 0.063281 0.306250 0.001563 0.046875
12 0.005469 0.367188 0.010937 0.028125
15 0.668750 0.458594 0.050000 0.039062
0 0.825000 0.523438 0.021875 0.018750
0 0.825000 0.579688 0.021875 0.018750
0 0.765625 0.539062 0.021875 0.018750
0 0.765625 0.596875 0.021875 0.018750
0 0.718750 0.548438 0.021875 0.018750
0 0.718750 0.604688 0.021875 0.018750
0 0.670312 0.556250 0.021875 0.018750
0 0.670312 0.612500 0.021875 0.018750
0 0.590625 0.635938 0.021875 0.018750
0 0.590625 0.579688 0.021875 0.018750
0 0.543750 0.579688 0.021875 0.018750
0 0.471875 0.587500 0.021875 0.018750
0 0.471875 0.604688 0.021875 0.018750
0 0.471875 0.628125 0.021875 0.018750
0 0.410938 0.596875 0.021875 0.018750
0 0.356250 0.612500 0.021875 0.018750
0 0.356250 0.596875 0.021875 0.018750
0 0.356250 0.571875 0.021875 0.018750
0 0.254688 0.579688 0.021875 0.018750
0 0.254688 0.635938 0.021875 0.018750
0 0.207813 0.604688 0.021875 0.018750
0 0.160938 0.556250 0.021875 0.018750
0 0.160938 0.515625 0.021875 0.018750
0 0.160938 0.531250 0.021875 0.018750
0 0.112500 0.523438 0.021875 0.018750
0 0.064062 0.539062 0.021875 0.018750
0 0.053125 0.500000 0.021875 0.018750
0 0.008594 0.579688 0.017188 0.018750
0 0.008594 0.635938 0.017188 0.018750
0 0.825000 0.332813 0.021875 0.018750
0 0.825000 0.389062 0.021875 0.018750
0 0.825000 0.356250 0.021875 0.018750
0 0.765625 0.332813 0.021875 0.018750
0 0.765625 0.315625 0.021875 0.018750
0 0.765625 0.373437 0.021875 0.018750
0 0.718750 0.373437 0.021875 0.018750
0 0.718750 0.332813 0.021875 0.018750
0 0.718750 0.315625 0.021875 0.018750
0 0.670312 0.356250 0.021875 0.018750
0 0.670312 0.315625 0.021875 0.018750
0 0.670312 0.300000 0.021875 0.018750
0 0.623437 0.381250 0.021875 0.018750
0 0.623437 0.340625 0.021875 0.018750
0 0.623437 0.325000 0.021875 0.018750
0 0.623437 0.364063 0.021875 0.018750
0 0.471875 0.340625 0.021875 0.018750
0 0.471875 0.364063 0.021875 0.018750
0 0.471875 0.325000 0.021875 0.018750
0 0.410938 0.332813 0.021875 0.018750
0 0.356250 0.348438 0.021875 0.018750
0 0.356250 0.332813 0.021875 0.018750
0 0.356250 0.307812 0.021875 0.018750
0 0.160938 0.389062 0.021875 0.018750
0 0.160938 0.364063 0.021875 0.018750
0 0.160938 0.348438 0.021875 0.018750
0 0.112500 0.356250 0.021875 0.018750
0 0.053125 0.373437 0.021875 0.018750
0 0.053125 0.332813 0.021875 0.018750
