10 0.702344 0.407031 0.217188 0.020313
10 0.385156 0.414844 0.217188 0.020313
10 0.098437 0.414844 0.103125 0.020313
10 0.660156 0.675781 0.232813 0.032813
10 0.361719 0.535937 0.232813 0.025000
10 0.059375 0.510156 0.118750 0.007812
14 0.721094 0.436719 0.254688 0.023438
14 0.371875 0.437500 0.290625 0.025000
14 0.092969 0.436719 0.185938 0.026562
14 0.107813 0.307812 0.103125 0.021875
9 0.860938 0.471875 0.003125 0.281250
9 0.200000 0.471875 0.003125 0.281250
8 0.784375 0.487500 0.006250 0.018750
9 0.774219 0.590625 0.001563 0.146875
8 0.712500 0.479687 0.006250 0.018750
9 0.702344 0.590625 0.001563 0.162500
4 0.691406 0.506250 0.010937 0.043750
8 0.640625 0.495312 0.006250 0.018750
9 0.630469 0.603125 0.001563 0.153125
15 0.553125 0.587500 0.021875 0.015625
9 0.544531 0.650781 0.001563 0.073438
8 0.467187 0.678125 0.006250 0.018750
9 0.477344 0.596875 0.001563 0.106250
8 0.395313 0.685937 0.006250 0.018750
9 0.405469 0.596875 0.001563 0.118750
2 0.371875 0.603906 0.015625 0.045312
2 0.371875 0.660156 0.015625 0.045312
8 0.323437 0.678125 0.006250 0.018750
9 0.333594 0.590625 0.001563 0.115625
8 0.237500 0.654687 0.006250 0.018750
9 0.246094 0.575781 0.001563 0.098437
8 0.107031 0.639844 0.004687 0.004687
9 0.117969 0.560937 0.001563 0.109375
8 0.005469 0.630469 0.004687 0.004687
9 0.016406 0.557031 0.001563 0.101562
13 0.514062 0.571875 0.031250 0.037500
8 0.819531 0.303906 0.004687 0.004687
9 0.810156 0.371875 0.001563 0.090625
8 0.747656 0.303906 0.004687 0.004687
9 0.738281 0.371875 0.001563 0.090625
8 0.675781 0.303906 0.004687 0.004687
9 0.666406 0.371875 0.001563 0.090625
8 0.603906 0.303906 0.004687 0.004687
9 0.594531 0.371875 0.001563 0.090625
4 0.566406 0.323437 0.010937 0.043750
8 0.503125 0.312500 0.006250 0.018750
9 0.492969 0.384375 0.001563 0.081250
8 0.431250 0.312500 0.006250 0.018750
9 0.421094 0.384375 0.001563 0.081250
8 0.359375 0.312500 0.006250 0.018750
9 0.349219 0.384375 0.001563 0.081250
8 0.287500 0.312500 0.006250 0.018750
9 0.277344 0.384375 0.001563 0.081250
9 0.149219 0.384375 0.001563 0.081250
15 0.107813 0.315625 0.021875 0.015625
9 0.097656 0.388281 0.001563 0.073438
9 0.047656 0.384375 0.001563 0.081250
15 0.552344 0.452344 0.054688 0.039062
0 0.784375 0.515625 0.021875 0.018750
0 0.712500 0.506250 0.021875 0.018750
0 0.640625 0.523438 0.021875 0.018750
0 0.554688 0.612500 0.021875 0.018750
0 0.554688 0.643750 0.021875 0.018750
0 0.467187 0.595313 0.021875 0.018750
0 0.467187 0.651563 0.021875 0.018750
0 0.395313 0.603125 0.021875 0.018750
0 0.395313 0.660937 0.021875 0.018750
0 0.323437 0.595313 0.021875 0.018750
0 0.323437 0.651563 0.021875 0.018750
0 0.237500 0.571875 0.021875 0.018750
0 0.237500 0.628125 0.021875 0.018750
0 0.107813 0.564063 0.021875 0.018750
0 0.107813 0.620313 0.021875 0.018750
0 0.008594 0.554688 0.017188 0.018750
0 0.008594 0.612500 0.017188 0.018750
0 0.820312 0.325000 0.021875 0.018750
0 0.820312 0.364063 0.021875 0.018750
0 0.800000 0.332813 0.021875 0.018750
0 0.748437 0.325000 0.021875 0.018750
0 0.748437 0.364063 0.021875 0.018750
0 0.729688 0.332813 0.021875 0.018750
0 0.676562 0.325000 0.021875 0.018750
0 0.676562 0.364063 0.021875 0.018750
0 0.657813 0.332813 0.021875 0.018750
0 0.604688 0.325000 0.021875 0.018750
0 0.604688 0.364063 0.021875 0.018750
0 0.585938 0.332813 0.021875 0.018750
0 0.503125 0.340625 0.021875 0.018750
0 0.503125 0.356250 0.021875 0.018750
0 0.503125 0.373437 0.021875 0.018750
0 0.431250 0.340625 0.021875 0.018750
0 0.431250 0.356250 0.021875 0.018750
0 0.431250 0.373437 0.021875 0.018750
0 0.359375 0.340625 0.021875 0.018750
0 0.359375 0.356250 0.021875 0.018750
0 0.359375 0.373437 0.021875 0.018750
0 0.287500 0.340625 0.021875 0.018750
0 0.287500 0.356250 0.021875 0.018750
0 0.287500 0.373437 0.021875 0.018750
0 0.159375 0.340625 0.021875 0.018750
0 0.159375 0.356250 0.021875 0.018750
0 0.159375 0.373437 0.021875 0.018750
0 0.107813 0.348438 0.021875 0.018750
0 0.057813 0.340625 0.021875 0.018750
0 0.057813 0.356250 0.021875 0.018750
0 0.057813 0.373437 0.021875 0.018750
