10 0.792969 0.340625 0.073438 0.025000
10 0.403125 0.305469 0.159375 0.020313
10 0.060156 0.340625 0.054688 0.025000
10 0.403125 0.517969 0.159375 0.020313
10 0.194531 0.642969 0.076563 0.020313
10 0.043750 0.536719 0.087500 0.026562
10 0.552344 0.660937 0.076563 0.025000
14 0.103906 0.436719 0.207813 0.029687
14 0.426563 0.509375 0.203125 0.053125
14 0.419531 0.615625 0.179688 0.015625
14 0.419531 0.600000 0.179688 0.015625
14 0.270313 0.617969 0.059375 0.010937
14 0.100000 0.525781 0.134375 0.029687
14 0.800000 0.439844 0.106250 0.029687
14 0.426563 0.298438 0.203125 0.053125
14 0.419531 0.410938 0.179688 0.015625
14 0.411719 0.396094 0.164062 0.014063
14 0.095312 0.428125 0.143750 0.021875
9 0.860938 0.482812 0.003125 0.303125
9 0.120313 0.482812 0.003125 0.303125
15 0.673438 0.676562 0.021875 0.003125
9 0.682031 0.602344 0.001563 0.104688
4 0.652344 0.656250 0.010937 0.043750
8 0.588281 0.683594 0.004687 0.004687
9 0.588281 0.649219 0.001563 0.042188
9 0.514844 0.620313 0.001563 0.065625
9 0.533594 0.543750 0.001563 0.040625
4 0.503906 0.567187 0.010937 0.043750
9 0.482031 0.532813 0.001563 0.050000
3 0.449219 0.551562 0.014063 0.040625
9 0.428906 0.532813 0.001563 0.050000
9 0.377344 0.536719 0.001563 0.057813
2 0.343750 0.567969 0.015625 0.045312
9 0.305469 0.619531 0.001563 0.064062
9 0.324219 0.532813 0.001563 0.050000
4 0.294531 0.559375 0.010937 0.043750
9 0.230469 0.625781 0.001563 0.045312
15 0.167187 0.550000 0.021875 0.003125
9 0.157031 0.604688 0.001563 0.065625
2 0.143750 0.583594 0.015625 0.045312
9 0.086719 0.558594 0.001563 0.060937
9 0.033594 0.565625 0.001563 0.062500
2 0.004687 0.583594 0.009375 0.045312
9 0.827344 0.370312 0.001563 0.078125
2 0.778125 0.413281 0.015625 0.045312
2 0.795312 0.380469 0.015625 0.045312
9 0.757031 0.380469 0.001563 0.089063
12 0.670312 0.367188 0.015625 0.028125
9 0.514844 0.421094 0.001563 0.057813
9 0.533594 0.345313 0.001563 0.050000
4 0.503906 0.371875 0.010937 0.043750
9 0.482031 0.324219 0.001563 0.057813
9 0.428906 0.320312 0.001563 0.050000
9 0.377344 0.324219 0.001563 0.057813
2 0.343750 0.355469 0.015625 0.045312
9 0.305469 0.421094 0.001563 0.057813
9 0.324219 0.320312 0.001563 0.050000
4 0.294531 0.348438 0.010937 0.043750
4 0.294531 0.404687 0.010937 0.043750
15 0.167187 0.407813 0.021875 0.003125
9 0.175781 0.353125 0.001563 0.065625
2 0.143750 0.388281 0.015625 0.045312
9 0.086719 0.361719 0.001563 0.060937
9 0.033594 0.368750 0.001563 0.065625
4 0.004687 0.387500 0.009375 0.043750
15 0.746094 0.482031 0.029687 0.026562
15 0.239844 0.482031 0.048438 0.039062
0 0.673438 0.601562 0.021875 0.018750
0 0.673438 0.657813 0.021875 0.018750
0 0.598437 0.625000 0.021875 0.018750
0 0.525000 0.601562 0.021875 0.018750
0 0.525000 0.584375 0.021875 0.018750
0 0.525000 0.568750 0.021875 0.018750
0 0.471875 0.560937 0.021875 0.018750
0 0.420312 0.560937 0.021875 0.018750
0 0.367188 0.568750 0.021875 0.018750
0 0.315625 0.601562 0.021875 0.018750
0 0.315625 0.584375 0.021875 0.018750
0 0.315625 0.560937 0.021875 0.018750
0 0.240625 0.601562 0.021875 0.018750
0 0.167187 0.568750 0.021875 0.018750
0 0.167187 0.584375 0.021875 0.018750
0 0.076563 0.576562 0.021875 0.018750
0 0.076563 0.592187 0.021875 0.018750
0 0.025000 0.584375 0.021875 0.018750
0 0.025000 0.601562 0.021875 0.018750
0 0.818750 0.381250 0.021875 0.018750
0 0.818750 0.412500 0.021875 0.018750
0 0.746875 0.389062 0.021875 0.018750
0 0.746875 0.429688 0.021875 0.018750
0 0.525000 0.404687 0.021875 0.018750
0 0.525000 0.389062 0.021875 0.018750
0 0.525000 0.373437 0.021875 0.018750
0 0.471875 0.356250 0.021875 0.018750
0 0.420312 0.348438 0.021875 0.018750
0 0.367188 0.356250 0.021875 0.018750
0 0.315625 0.404687 0.021875 0.018750
0 0.315625 0.389062 0.021875 0.018750
0 0.315625 0.348438 0.021875 0.018750
0 0.167187 0.373437 0.021875 0.018750
0 0.167187 0.389062 0.021875 0.018750
0 0.076563 0.381250 0.021875 0.018750
0 0.076563 0.396875 0.021875 0.018750
0 0.025000 0.389062 0.021875 0.018750
0 0.025000 0.404687 0.021875 0.018750
