10 0.348438 0.412500 0.040625 0.025000
10 0.128906 0.315625 0.035937 0.025000
10 0.428906 0.690625 0.048438 0.015625
10 0.325000 0.707031 0.087500 0.045312
14 0.715625 0.436719 0.156250 0.023438
14 0.116406 0.435937 0.232813 0.025000
14 0.771094 0.739062 0.067187 0.018750
14 0.636719 0.732031 0.067187 0.020313
14 0.353125 0.548438 0.125000 0.056250
14 0.769531 0.439063 0.067187 0.018750
14 0.636719 0.431250 0.067187 0.018750
14 0.376563 0.295312 0.078125 0.018750
14 0.155469 0.289062 0.085938 0.021875
14 0.147656 0.428906 0.067187 0.010937
9 0.860938 0.502344 0.003125 0.342187
9 0.567187 0.502344 0.003125 0.342187
9 0.160938 0.502344 0.003125 0.342187
9 0.813281 0.655469 0.001563 0.107813
9 0.746094 0.662500 0.001563 0.109375
9 0.680469 0.648438 0.001563 0.106250
9 0.613281 0.655469 0.001563 0.107813
15 0.509375 0.698438 0.021875 0.003125
9 0.519531 0.626563 0.001563 0.100000
8 0.461719 0.632031 0.004687 0.004687
9 0.452344 0.673438 0.001563 0.043750
15 0.415625 0.548438 0.021875 0.003125
9 0.405469 0.628906 0.001563 0.117188
9 0.366406 0.639844 0.001563 0.123438
9 0.328906 0.633594 0.001563 0.157812
15 0.290625 0.598437 0.021875 0.003125
9 0.282031 0.675781 0.001563 0.098437
8 0.244531 0.663281 0.004687 0.004687
15 0.261719 0.617188 0.017188 0.053125
9 0.253906 0.618750 0.001563 0.053125
12 0.193750 0.642188 0.015625 0.028125
15 0.054688 0.698438 0.021875 0.003125
9 0.064844 0.626563 0.001563 0.100000
8 0.008594 0.663281 0.004687 0.004687
15 0.025781 0.617188 0.017188 0.053125
9 0.017969 0.618750 0.001563 0.053125
9 0.813281 0.366406 0.001563 0.104688
9 0.746094 0.358594 0.001563 0.101562
3 0.714844 0.389062 0.014063 0.040625
9 0.680469 0.358594 0.001563 0.101562
9 0.613281 0.351562 0.001563 0.100000
12 0.507031 0.364844 0.017188 0.048438
15 0.415625 0.314063 0.021875 0.003125
9 0.405469 0.377344 0.001563 0.085938
9 0.366406 0.382812 0.001563 0.078125
9 0.328906 0.367969 0.001563 0.098437
12 0.289062 0.367188 0.015625 0.028125
9 0.186719 0.436719 0.001563 0.042188
15 0.196875 0.298438 0.021875 0.003125
9 0.207031 0.338281 0.001563 0.060937
9 0.146094 0.342969 0.001563 0.070312
15 0.102344 0.443750 0.020313 0.053125
9 0.092969 0.441406 0.001563 0.051562
9 0.111719 0.347656 0.001563 0.073438
12 0.053125 0.367188 0.015625 0.028125
15 0.603125 0.497656 0.053125 0.026562
15 0.414844 0.492969 0.032813 0.039062
0 0.804688 0.656250 0.021875 0.018750
0 0.804688 0.712500 0.021875 0.018750
0 0.737500 0.664062 0.021875 0.018750
0 0.737500 0.720313 0.021875 0.018750
0 0.670312 0.648438 0.021875 0.018750
0 0.670312 0.704688 0.021875 0.018750
0 0.604688 0.656250 0.021875 0.018750
0 0.604688 0.712500 0.021875 0.018750
0 0.509375 0.623437 0.021875 0.018750
0 0.509375 0.681250 0.021875 0.018750
0 0.462500 0.648438 0.021875 0.018750
0 0.415625 0.567187 0.021875 0.018750
0 0.415625 0.607812 0.021875 0.018750
0 0.376563 0.575000 0.021875 0.018750
0 0.376563 0.600000 0.021875 0.018750
0 0.339062 0.551562 0.021875 0.018750
0 0.339062 0.592187 0.021875 0.018750
0 0.292187 0.623437 0.021875 0.018750
0 0.292187 0.681250 0.021875 0.018750
0 0.243750 0.648438 0.021875 0.018750
0 0.056250 0.623437 0.021875 0.018750
0 0.056250 0.681250 0.021875 0.018750
0 0.009375 0.648438 0.018750 0.018750
0 0.804688 0.364063 0.021875 0.018750
0 0.804688 0.404687 0.021875 0.018750
0 0.804688 0.421875 0.021875 0.018750
0 0.737500 0.356250 0.021875 0.018750
0 0.737500 0.396875 0.021875 0.018750
0 0.737500 0.412500 0.021875 0.018750
0 0.670312 0.356250 0.021875 0.018750
0 0.670312 0.396875 0.021875 0.018750
0 0.670312 0.412500 0.021875 0.018750
0 0.604688 0.348438 0.021875 0.018750
0 0.604688 0.389062 0.021875 0.018750
0 0.604688 0.404687 0.021875 0.018750
0 0.415625 0.332813 0.021875 0.018750
0 0.415625 0.373437 0.021875 0.018750
0 0.376563 0.340625 0.021875 0.018750
0 0.376563 0.364063 0.021875 0.018750
0 0.339062 0.315625 0.021875 0.018750
0 0.339062 0.356250 0.021875 0.018750
0 0.196875 0.412500 0.021875 0.018750
0 0.196875 0.356250 0.021875 0.018750
0 0.196875 0.373437 0.021875 0.018750
0 0.135937 0.364063 0.021875 0.018750
0 0.135937 0.381250 0.021875 0.018750
0 0.103125 0.412500 0.021875 0.018750
0 0.103125 0.373437 0.021875 0.018750
0 0.103125 0.389062 0.021875 0.018750
