2 0.382812 0.169531 0.015625 0.045312
2 0.362500 0.146094 0.015625 0.045312
7 0.315625 0.178906 0.043750 0.114062
2 0.382812 0.464844 0.015625 0.045312
2 0.362500 0.439844 0.015625 0.045312
13 0.316406 0.452344 0.045312 0.057813
10 0.501563 0.009375 0.140625 0.018750
15 0.914062 0.179688 0.018750 0.025000
15 0.662500 0.178125 0.018750 0.025000
14 0.718750 0.184375 0.078125 0.012500
14 0.607812 0.184375 0.075000 0.012500
10 0.916406 0.160156 0.167187 0.035937
10 0.603125 0.139844 0.303125 0.020313
15 0.914062 0.459375 0.018750 0.025000
15 0.662500 0.456250 0.018750 0.025000
14 0.718750 0.462500 0.078125 0.012500
14 0.607812 0.462500 0.075000 0.012500
10 0.916406 0.401562 0.167187 0.028125
10 0.603125 0.382031 0.303125 0.020313
14 0.715625 0.250000 0.568750 0.021875
14 0.785156 0.431250 0.051562 0.009375
14 0.783594 0.502344 0.051562 0.010937
14 0.790625 0.532031 0.418750 0.070312
14 0.422656 0.392188 0.042188 0.018750
14 0.783594 0.191406 0.051562 0.010937
14 0.783594 0.266406 0.051562 0.010937
14 0.795312 0.096094 0.409375 0.051562
14 0.422656 0.138281 0.042188 0.023438
9 0.282813 0.245312 0.003125 0.490625
9 0.994531 0.448437 0.001563 0.106250
9 0.913281 0.443750 0.001563 0.100000
4 0.883594 0.440625 0.010937 0.043750
4 0.883594 0.496875 0.010937 0.043750
9 0.833594 0.442969 0.001563 0.101562
9 0.752344 0.432812 0.001563 0.121875
2 0.720313 0.439844 0.015625 0.045312
2 0.720313 0.497656 0.015625 0.045312
9 0.672656 0.428906 0.001563 0.114062
9 0.591406 0.425000 0.001563 0.106250
3 0.560156 0.415625 0.014063 0.040625
3 0.560156 0.471875 0.014063 0.040625
15 0.442188 0.570312 0.021875 0.015625
9 0.452344 0.457031 0.001563 0.170313
9 0.994531 0.207031 0.001563 0.110937
9 0.913281 0.201563 0.001563 0.106250
4 0.883594 0.201563 0.010937 0.043750
4 0.883594 0.257812 0.010937 0.043750
9 0.833594 0.200000 0.001563 0.109375
9 0.752344 0.192969 0.001563 0.126562
2 0.720313 0.202344 0.015625 0.045312
2 0.720313 0.258594 0.015625 0.045312
9 0.672656 0.189062 0.001563 0.118750
9 0.591406 0.184375 0.001563 0.109375
3 0.560156 0.178125 0.014063 0.040625
3 0.560156 0.234375 0.014063 0.040625
15 0.442188 0.300000 0.021875 0.015625
9 0.452344 0.200781 0.001563 0.142187
4 0.422656 0.217188 0.010937 0.043750
4 0.422656 0.275000 0.010937 0.043750
0 0.984375 0.448437 0.021875 0.018750
0 0.984375 0.504687 0.021875 0.018750
0 0.904687 0.440625 0.021875 0.018750
0 0.904687 0.496875 0.021875 0.018750
0 0.823438 0.440625 0.021875 0.018750
0 0.823438 0.496875 0.021875 0.018750
0 0.743750 0.440625 0.021875 0.018750
0 0.743750 0.496875 0.021875 0.018750
0 0.662500 0.432812 0.021875 0.018750
0 0.662500 0.489063 0.021875 0.018750
0 0.582812 0.425000 0.021875 0.018750
0 0.582812 0.481250 0.021875 0.018750
0 0.442188 0.489063 0.021875 0.018750
0 0.442188 0.545312 0.021875 0.018750
0 0.984375 0.210938 0.021875 0.018750
0 0.984375 0.267188 0.021875 0.018750
0 0.904687 0.201563 0.021875 0.018750
0 0.904687 0.259375 0.021875 0.018750
0 0.823438 0.201563 0.021875 0.018750
0 0.823438 0.259375 0.021875 0.018750
0 0.743750 0.201563 0.021875 0.018750
0 0.743750 0.259375 0.021875 0.018750
0 0.662500 0.193750 0.021875 0.018750
0 0.662500 0.250000 0.021875 0.018750
0 0.582812 0.185938 0.021875 0.018750
0 0.582812 0.242188 0.021875 0.018750
0 0.442188 0.218750 0.021875 0.018750
0 0.442188 0.234375 0.021875 0.018750
0 0.442188 0.250000 0.021875 0.018750
0 0.442188 0.275000 0.021875 0.018750
