3 0.364844 0.542188 0.014063 0.040625
3 0.346094 0.509375 0.014063 0.040625
3 0.327344 0.534375 0.014063 0.040625
13 0.282031 0.521094 0.045312 0.057813
3 0.364844 0.364063 0.014063 0.040625
3 0.346094 0.331250 0.014063 0.040625
3 0.327344 0.356250 0.014063 0.040625
7 0.281250 0.366406 0.043750 0.114062
14 0.471094 0.491406 0.073438 0.010937
14 0.471094 0.508594 0.073438 0.010937
14 0.471094 0.524219 0.073438 0.010937
14 0.482031 0.582031 0.073438 0.010937
14 0.482031 0.641406 0.073438 0.010937
14 0.478125 0.430469 0.087500 0.010937
9 0.248438 0.445312 0.003125 0.228125
9 0.660937 0.445312 0.018750 0.228125
12 0.596094 0.525781 0.017188 0.048438
9 0.542969 0.585938 0.001563 0.118750
9 0.530469 0.471875 0.001563 0.118750
15 0.429688 0.477344 0.015625 0.017188
9 0.439844 0.585938 0.001563 0.118750
9 0.428906 0.471875 0.001563 0.118750
12 0.596094 0.364844 0.017188 0.048438
9 0.530469 0.384375 0.001563 0.056250
15 0.418750 0.316406 0.015625 0.017188
9 0.428906 0.384375 0.001563 0.056250
0 0.532813 0.590625 0.021875 0.018750
0 0.532813 0.646875 0.021875 0.018750
0 0.521875 0.501563 0.021875 0.018750
0 0.521875 0.518750 0.021875 0.018750
0 0.521875 0.534375 0.021875 0.018750
1 0.429688 0.590625 0.021875 0.018750
1 0.429688 0.646875 0.021875 0.018750
1 0.418750 0.501563 0.021875 0.018750
1 0.418750 0.518750 0.021875 0.018750
1 0.418750 0.534375 0.021875 0.018750
0 0.521875 0.412500 0.021875 0.018750
1 0.418750 0.412500 0.021875 0.018750
