3 0.327344 0.543750 0.014063 0.040625
13 0.282031 0.532031 0.045312 0.057813
3 0.327344 0.356250 0.014063 0.040625
7 0.281250 0.366406 0.043750 0.114062
10 0.956250 0.282031 0.087500 0.020313
10 0.804688 0.317969 0.131250 0.045312
10 0.614062 0.427344 0.131250 0.045312
10 0.440625 0.388281 0.131250 0.048438
10 0.850781 0.613281 0.260937 0.007812
10 0.505469 0.578125 0.260937 0.028125
14 0.924219 0.397656 0.045312 0.057813
14 0.836719 0.421875 0.048438 0.075000
14 0.750781 0.397656 0.045312 0.057813
14 0.667969 0.347656 0.045312 0.057813
14 0.580469 0.330469 0.045312 0.057813
14 0.494531 0.308594 0.045312 0.060937
14 0.408594 0.291406 0.045312 0.060937
9 0.248438 0.450781 0.003125 0.239063
8 0.988281 0.475781 0.004687 0.004687
9 0.978906 0.557813 0.001563 0.118750
4 0.969531 0.495312 0.010937 0.043750
8 0.902344 0.491406 0.004687 0.004687
9 0.892969 0.566406 0.001563 0.101562
8 0.816406 0.511719 0.004687 0.004687
9 0.807031 0.578125 0.001563 0.078125
8 0.730469 0.491406 0.004687 0.004687
9 0.721094 0.566406 0.001563 0.101562
4 0.710156 0.551562 0.010937 0.043750
8 0.644531 0.491406 0.004687 0.004687
9 0.635156 0.552344 0.001563 0.073438
4 0.624219 0.543750 0.010937 0.043750
8 0.558594 0.467969 0.004687 0.004687
9 0.549219 0.535937 0.001563 0.090625
8 0.472656 0.450781 0.004687 0.004687
9 0.463281 0.525000 0.001563 0.100000
8 0.386719 0.435156 0.004687 0.004687
9 0.375781 0.512500 0.001563 0.109375
4 0.366406 0.487500 0.010937 0.043750
9 0.999219 0.296875 0.001563 0.050000
9 0.955469 0.336719 0.001563 0.129688
9 0.913281 0.308594 0.001563 0.073438
9 0.869531 0.370312 0.001563 0.093750
4 0.839844 0.420312 0.010937 0.043750
9 0.825781 0.338281 0.001563 0.045312
4 0.796094 0.364063 0.010937 0.043750
9 0.783594 0.354687 0.001563 0.093750
9 0.739844 0.322656 0.001563 0.045312
9 0.677344 0.422656 0.001563 0.045312
9 0.635156 0.390625 0.001563 0.093750
9 0.591406 0.405469 0.001563 0.045312
9 0.549219 0.373437 0.001563 0.093750
9 0.505469 0.384375 0.001563 0.050000
4 0.494531 0.356250 0.010937 0.043750
9 0.463281 0.351562 0.001563 0.096875
4 0.452344 0.300000 0.010937 0.043750
9 0.419531 0.367188 0.001563 0.046875
9 0.375781 0.332813 0.001563 0.093750
0 0.989062 0.496875 0.021875 0.018750
0 0.989062 0.535937 0.021875 0.018750
0 0.903125 0.553125 0.021875 0.018750
0 0.903125 0.512500 0.021875 0.018750
0 0.817187 0.568750 0.021875 0.018750
0 0.817187 0.535937 0.021875 0.018750
0 0.731250 0.512500 0.021875 0.018750
0 0.731250 0.553125 0.021875 0.018750
0 0.645312 0.512500 0.021875 0.018750
0 0.645312 0.545312 0.021875 0.018750
0 0.559375 0.528125 0.021875 0.018750
0 0.559375 0.487500 0.021875 0.018750
0 0.473438 0.471875 0.021875 0.018750
0 0.473438 0.512500 0.021875 0.018750
0 0.385937 0.456250 0.021875 0.018750
0 0.385937 0.487500 0.021875 0.018750
0 0.989062 0.325000 0.021875 0.018750
0 0.946875 0.404687 0.021875 0.018750
0 0.903125 0.348438 0.021875 0.018750
0 0.860938 0.421875 0.021875 0.018750
0 0.817187 0.364063 0.021875 0.018750
0 0.773438 0.404687 0.021875 0.018750
0 0.731250 0.348438 0.021875 0.018750
0 0.687500 0.396875 0.021875 0.018750
0 0.645312 0.340625 0.021875 0.018750
0 0.601562 0.381250 0.021875 0.018750
0 0.559375 0.325000 0.021875 0.018750
0 0.515625 0.356250 0.021875 0.018750
0 0.473438 0.300000 0.021875 0.018750
0 0.429688 0.340625 0.021875 0.018750
0 0.385937 0.284375 0.021875 0.018750
