10 0.708594 0.094531 0.189062 0.020313
10 0.450781 0.082031 0.139063 0.020313
10 0.164844 0.069531 0.139063 0.020313
14 0.980469 0.096875 0.039062 0.034375
14 0.593750 0.121875 0.421875 0.043750
14 0.117188 0.099219 0.234375 0.039062
15 0.978906 0.029687 0.017188 0.053125
9 0.971094 0.031250 0.001563 0.053125
12 0.889062 0.046875 0.015625 0.028125
9 0.803906 0.067969 0.001563 0.073438
2 0.790625 0.027344 0.015625 0.045312
9 0.774219 0.012500 0.001563 0.025000
4 0.744531 0.026562 0.010937 0.043750
9 0.705469 0.071875 0.001563 0.065625
9 0.657031 0.079687 0.001563 0.050000
2 0.643750 0.052344 0.015625 0.045312
9 0.614844 0.055469 0.001563 0.098437
9 0.519531 0.053125 0.001563 0.078125
9 0.471094 0.057031 0.001563 0.070312
9 0.421094 0.065625 0.001563 0.053125
4 0.411719 0.035937 0.010937 0.043750
9 0.382031 0.046094 0.001563 0.092188
2 0.368750 0.008594 0.015625 0.017188
2 0.306250 0.008594 0.015625 0.017188
9 0.233594 0.039844 0.001563 0.079687
9 0.183594 0.046875 0.001563 0.065625
9 0.135156 0.056250 0.001563 0.050000
2 0.121875 0.027344 0.015625 0.045312
9 0.096094 0.040625 0.001563 0.081250
0 0.960938 0.059375 0.021875 0.018750
0 0.814063 0.028125 0.021875 0.018750
0 0.764062 0.028125 0.021875 0.018750
0 0.715625 0.035937 0.021875 0.018750
0 0.667188 0.051562 0.021875 0.018750
0 0.625000 0.006250 0.021875 0.012500
0 0.578125 0.006250 0.021875 0.012500
0 0.529687 0.010937 0.021875 0.018750
0 0.529687 0.010937 0.021875 0.018750
0 0.481250 0.020313 0.021875 0.018750
0 0.431250 0.035937 0.021875 0.018750
0 0.193750 0.010937 0.021875 0.018750
0 0.145313 0.028125 0.021875 0.018750
