2 0.382812 0.794531 0.015625 0.045312
2 0.362500 0.771094 0.015625 0.045312
7 0.315625 0.803906 0.043750 0.114062
2 0.382812 0.599219 0.015625 0.045312
2 0.362500 0.574219 0.015625 0.045312
13 0.316406 0.586719 0.045312 0.057813
2 0.382812 0.355469 0.015625 0.045312
2 0.362500 0.332031 0.015625 0.045312
7 0.315625 0.366406 0.043750 0.114062
10 0.906250 0.408594 0.187500 0.007812
10 0.501563 0.413281 0.140625 0.007812
10 0.906250 0.610156 0.187500 0.007812
10 0.501563 0.631250 0.140625 0.025000
15 0.914062 0.804688 0.018750 0.025000
15 0.662500 0.803125 0.018750 0.025000
14 0.718750 0.809375 0.078125 0.012500
14 0.607812 0.809375 0.075000 0.012500
10 0.916406 0.785156 0.167187 0.035937
10 0.603125 0.764844 0.303125 0.020313
14 0.715625 0.875000 0.568750 0.021875
14 0.715625 0.437500 0.568750 0.021875
14 0.783594 0.816406 0.051562 0.010937
14 0.783594 0.891406 0.051562 0.010937
14 0.795312 0.721094 0.409375 0.051562
14 0.422656 0.763281 0.042188 0.023438
14 0.789844 0.646094 0.420312 0.070312
14 0.421875 0.514844 0.040625 0.017188
14 0.790625 0.263281 0.418750 0.054688
14 0.421875 0.279687 0.040625 0.021875
9 0.282813 0.665625 0.003125 0.668750
9 0.994531 0.832031 0.001563 0.110937
9 0.913281 0.826562 0.001563 0.106250
4 0.883594 0.826562 0.010937 0.043750
4 0.883594 0.882812 0.010937 0.043750
9 0.833594 0.825000 0.001563 0.109375
9 0.752344 0.817969 0.001563 0.126562
2 0.720313 0.827344 0.015625 0.045312
2 0.720313 0.883594 0.015625 0.045312
9 0.672656 0.814063 0.001563 0.118750
9 0.591406 0.809375 0.001563 0.109375
3 0.560156 0.803125 0.014063 0.040625
3 0.560156 0.859375 0.014063 0.040625
15 0.442188 0.925000 0.021875 0.015625
9 0.452344 0.825781 0.001563 0.142187
4 0.422656 0.842187 0.010937 0.043750
4 0.422656 0.900000 0.010937 0.043750
15 0.823438 0.476562 0.021875 0.015625
9 0.813281 0.559375 0.001563 0.109375
4 0.785156 0.542188 0.010937 0.043750
3 0.800781 0.493750 0.014063 0.040625
3 0.800781 0.550000 0.014063 0.040625
15 0.581250 0.484375 0.021875 0.015625
9 0.572656 0.567187 0.001563 0.109375
4 0.561719 0.509375 0.010937 0.043750
15 0.442188 0.495312 0.021875 0.015625
9 0.432031 0.588281 0.001563 0.101562
4 0.422656 0.565625 0.010937 0.043750
15 0.823438 0.275000 0.021875 0.015625
9 0.813281 0.357812 0.001563 0.109375
3 0.788281 0.307812 0.014063 0.040625
4 0.803906 0.300000 0.010937 0.043750
4 0.803906 0.356250 0.010937 0.043750
15 0.581250 0.275000 0.021875 0.015625
9 0.572656 0.364063 0.001563 0.106250
15 0.442188 0.260937 0.021875 0.015625
9 0.432031 0.364063 0.001563 0.106250
4 0.422656 0.323437 0.010937 0.043750
0 0.984375 0.835938 0.021875 0.018750
0 0.984375 0.892188 0.021875 0.018750
0 0.904687 0.826562 0.021875 0.018750
0 0.904687 0.884375 0.021875 0.018750
0 0.823438 0.826562 0.021875 0.018750
0 0.823438 0.884375 0.021875 0.018750
0 0.743750 0.826562 0.021875 0.018750
0 0.743750 0.884375 0.021875 0.018750
0 0.662500 0.818750 0.021875 0.018750
0 0.662500 0.875000 0.021875 0.018750
0 0.582812 0.810937 0.021875 0.018750
0 0.582812 0.867188 0.021875 0.018750
0 0.442188 0.843750 0.021875 0.018750
0 0.442188 0.859375 0.021875 0.018750
0 0.442188 0.875000 0.021875 0.018750
0 0.442188 0.900000 0.021875 0.018750
0 0.823438 0.501563 0.021875 0.018750
0 0.823438 0.542188 0.021875 0.018750
0 0.823438 0.559375 0.021875 0.018750
0 0.582812 0.510938 0.021875 0.018750
0 0.582812 0.534375 0.021875 0.018750
0 0.582812 0.550000 0.021875 0.018750
0 0.582812 0.567187 0.021875 0.018750
0 0.442188 0.534375 0.021875 0.018750
0 0.442188 0.550000 0.021875 0.018750
0 0.442188 0.567187 0.021875 0.018750
0 0.442188 0.590625 0.021875 0.018750
0 0.823438 0.300000 0.021875 0.018750
0 0.823438 0.315625 0.021875 0.018750
0 0.823438 0.356250 0.021875 0.018750
0 0.582812 0.307812 0.021875 0.018750
0 0.582812 0.325000 0.021875 0.018750
0 0.582812 0.348438 0.021875 0.018750
0 0.582812 0.364063 0.021875 0.018750
0 0.442188 0.307812 0.021875 0.018750
0 0.442188 0.325000 0.021875 0.018750
0 0.442188 0.348438 0.021875 0.018750
0 0.442188 0.364063 0.021875 0.018750
