10 0.837500 0.400781 0.221875 0.007812
10 0.396875 0.410938 0.221875 0.012500
10 0.857812 0.529687 0.221875 0.012500
10 0.396875 0.606250 0.221875 0.012500
10 0.857812 0.758594 0.221875 0.007812
10 0.415625 0.768750 0.221875 0.012500
10 0.042969 0.776563 0.085938 0.012500
15 0.800000 0.859375 0.018750 0.025000
15 0.579688 0.859375 0.018750 0.025000
15 0.359375 0.859375 0.018750 0.025000
15 0.139063 0.859375 0.018750 0.025000
10 0.863281 0.902344 0.273438 0.020313
10 0.471094 0.910156 0.370312 0.020313
10 0.107031 0.917969 0.214062 0.020313
14 0.500000 0.938281 1.000000 0.007812
14 0.500000 0.925781 1.000000 0.007812
14 0.500000 0.442969 1.000000 0.007812
14 0.500000 0.430469 1.000000 0.007812
14 0.913281 0.867969 0.057813 0.010937
14 0.692969 0.861719 0.057813 0.010937
14 0.471094 0.877344 0.057813 0.010937
14 0.250781 0.867969 0.057813 0.010937
14 0.030469 0.883594 0.057813 0.010937
14 0.500000 0.739844 1.000000 0.079687
14 0.500000 0.653906 1.000000 0.060937
14 0.500000 0.264844 1.000000 0.060937
9 0.947656 0.883594 0.001563 0.057813
15 0.957812 0.739062 0.021875 0.015625
9 0.967969 0.785156 0.001563 0.060937
4 0.919531 0.818750 0.010937 0.043750
2 0.934375 0.802344 0.015625 0.045312
9 0.874219 0.883594 0.001563 0.057813
4 0.864844 0.851562 0.010937 0.043750
9 0.800781 0.883594 0.001563 0.057813
2 0.787500 0.850781 0.015625 0.045312
9 0.727344 0.879687 0.001563 0.065625
15 0.737500 0.739062 0.021875 0.015625
9 0.747656 0.789844 0.001563 0.070312
2 0.700000 0.827344 0.015625 0.045312
4 0.717969 0.803125 0.010937 0.043750
9 0.653906 0.883594 0.001563 0.073438
9 0.580469 0.895312 0.001563 0.050000
2 0.567187 0.867969 0.015625 0.045312
9 0.507031 0.891406 0.001563 0.057813
15 0.517188 0.753125 0.021875 0.003125
9 0.525781 0.796094 0.001563 0.057813
4 0.477344 0.826562 0.010937 0.043750
2 0.493750 0.811719 0.015625 0.045312
9 0.433594 0.891406 0.001563 0.057813
4 0.422656 0.859375 0.010937 0.043750
9 0.360156 0.891406 0.001563 0.057813
2 0.346875 0.860156 0.015625 0.045312
9 0.286719 0.887500 0.001563 0.065625
15 0.296875 0.757812 0.021875 0.003125
9 0.305469 0.800781 0.001563 0.060937
2 0.254688 0.835156 0.015625 0.045312
2 0.273438 0.819531 0.015625 0.045312
9 0.213281 0.891406 0.001563 0.073438
9 0.139844 0.903125 0.001563 0.050000
4 0.128906 0.875000 0.010937 0.043750
9 0.066406 0.899219 0.001563 0.057813
15 0.075000 0.760938 0.021875 0.003125
9 0.085156 0.803906 0.001563 0.057813
4 0.041406 0.834375 0.010937 0.043750
4 0.055469 0.818750 0.010937 0.043750
15 0.957812 0.656250 0.021875 0.015625
9 0.967969 0.577344 0.001563 0.101562
2 0.921875 0.614844 0.015625 0.045312
4 0.938281 0.575000 0.010937 0.043750
4 0.938281 0.631250 0.010937 0.043750
15 0.737500 0.665625 0.021875 0.015625
9 0.747656 0.584375 0.001563 0.106250
4 0.697656 0.615625 0.010937 0.043750
2 0.714063 0.583594 0.015625 0.045312
2 0.714063 0.639844 0.015625 0.045312
15 0.517188 0.467187 0.021875 0.003125
9 0.507031 0.546094 0.001563 0.114062
4 0.496094 0.485938 0.010937 0.043750
4 0.496094 0.542188 0.010937 0.043750
15 0.296875 0.476562 0.021875 0.003125
9 0.286719 0.551562 0.001563 0.109375
2 0.239063 0.535156 0.015625 0.045312
2 0.257812 0.494531 0.015625 0.045312
2 0.257812 0.550781 0.015625 0.045312
15 0.075000 0.476562 0.021875 0.003125
9 0.066406 0.551562 0.001563 0.109375
4 0.041406 0.534375 0.010937 0.043750
4 0.055469 0.493750 0.010937 0.043750
4 0.055469 0.550000 0.010937 0.043750
7 0.668750 0.584375 0.028125 0.075000
15 0.957812 0.265625 0.021875 0.015625
9 0.947656 0.350000 0.001563 0.109375
4 0.919531 0.307812 0.010937 0.043750
2 0.934375 0.291406 0.015625 0.045312
2 0.934375 0.347656 0.015625 0.045312
15 0.737500 0.265625 0.021875 0.015625
9 0.727344 0.350000 0.001563 0.109375
2 0.698438 0.316406 0.015625 0.045312
4 0.717969 0.290625 0.010937 0.043750
15 0.517188 0.281250 0.021875 0.003125
9 0.507031 0.356250 0.001563 0.106250
4 0.477344 0.315625 0.010937 0.043750
2 0.493750 0.299219 0.015625 0.045312
15 0.296875 0.289062 0.021875 0.003125
9 0.286719 0.361719 0.001563 0.101562
2 0.240625 0.324219 0.015625 0.045312
2 0.256250 0.364844 0.015625 0.045312
2 0.273438 0.307031 0.015625 0.045312
15 0.075000 0.289062 0.021875 0.003125
9 0.066406 0.363281 0.001563 0.104688
4 0.041406 0.323437 0.010937 0.043750
4 0.055469 0.307812 0.010937 0.043750
4 0.055469 0.364063 0.010937 0.043750
0 0.957812 0.851562 0.021875 0.018750
0 0.957812 0.803125 0.021875 0.018750
0 0.957812 0.818750 0.021875 0.018750
0 0.884375 0.851562 0.021875 0.018750
0 0.810937 0.851562 0.021875 0.018750
0 0.737500 0.843750 0.021875 0.018750
0 0.737500 0.803125 0.021875 0.018750
0 0.737500 0.828125 0.021875 0.018750
0 0.664062 0.843750 0.021875 0.018750
0 0.590625 0.867188 0.021875 0.018750
0 0.517188 0.859375 0.021875 0.018750
0 0.517188 0.810937 0.021875 0.018750
0 0.517188 0.828125 0.021875 0.018750
0 0.443750 0.859375 0.021875 0.018750
0 0.370312 0.859375 0.021875 0.018750
0 0.296875 0.851562 0.021875 0.018750
0 0.296875 0.818750 0.021875 0.018750
0 0.296875 0.835938 0.021875 0.018750
0 0.223438 0.851562 0.021875 0.018750
0 0.150000 0.876563 0.021875 0.018750
0 0.076563 0.867188 0.021875 0.018750
0 0.076563 0.818750 0.021875 0.018750
0 0.076563 0.835938 0.021875 0.018750
0 0.007031 0.867188 0.014063 0.018750
0 0.957812 0.575000 0.021875 0.018750
0 0.957812 0.600000 0.021875 0.018750
0 0.957812 0.615625 0.021875 0.018750
0 0.957812 0.632812 0.021875 0.018750
0 0.757812 0.607812 0.021875 0.018750
0 0.737500 0.584375 0.021875 0.018750
0 0.737500 0.600000 0.021875 0.018750
0 0.737500 0.615625 0.021875 0.018750
0 0.737500 0.640625 0.021875 0.018750
0 0.517188 0.487500 0.021875 0.018750
0 0.517188 0.510938 0.021875 0.018750
0 0.517188 0.526563 0.021875 0.018750
0 0.517188 0.543750 0.021875 0.018750
0 0.296875 0.495312 0.021875 0.018750
0 0.296875 0.510938 0.021875 0.018750
0 0.296875 0.535937 0.021875 0.018750
0 0.296875 0.551562 0.021875 0.018750
0 0.276562 0.518750 0.021875 0.018750
0 0.076563 0.495312 0.021875 0.018750
0 0.076563 0.518750 0.021875 0.018750
0 0.076563 0.535937 0.021875 0.018750
0 0.076563 0.551562 0.021875 0.018750
0 0.957812 0.292187 0.021875 0.018750
0 0.957812 0.307812 0.021875 0.018750
0 0.957812 0.332813 0.021875 0.018750
0 0.957812 0.348438 0.021875 0.018750
0 0.737500 0.292187 0.021875 0.018750
0 0.737500 0.315625 0.021875 0.018750
0 0.737500 0.332813 0.021875 0.018750
0 0.737500 0.348438 0.021875 0.018750
0 0.718750 0.340625 0.021875 0.018750
0 0.517188 0.300000 0.021875 0.018750
0 0.517188 0.315625 0.021875 0.018750
0 0.517188 0.340625 0.021875 0.018750
0 0.517188 0.356250 0.021875 0.018750
0 0.296875 0.307812 0.021875 0.018750
0 0.296875 0.325000 0.021875 0.018750
0 0.296875 0.340625 0.021875 0.018750
0 0.296875 0.364063 0.021875 0.018750
0 0.276562 0.348438 0.021875 0.018750
0 0.076563 0.307812 0.021875 0.018750
0 0.076563 0.325000 0.021875 0.018750
0 0.076563 0.348438 0.021875 0.018750
0 0.076563 0.364063 0.021875 0.018750
