14 0.609375 0.023438 0.053125 0.015625
14 0.429688 0.007031 0.056250 0.014063
8 0.967187 0.060937 0.006250 0.018750
8 0.903125 0.053125 0.006250 0.018750
2 0.879687 0.025781 0.015625 0.045312
8 0.839063 0.035937 0.006250 0.018750
4 0.817969 0.015625 0.010937 0.031250
4 0.570312 0.007812 0.006250 0.015625
8 0.635156 0.013281 0.004687 0.004687
4 0.616406 0.007812 0.010937 0.015625
0 0.967187 0.034375 0.021875 0.018750
0 0.903125 0.026562 0.021875 0.018750
0 0.839063 0.009375 0.021875 0.018750
0 0.582812 0.003906 0.012500 0.007812
