10 0.486719 0.421875 0.060937 0.025000
10 0.108594 0.340625 0.060937 0.025000
10 0.616406 0.684375 0.085938 0.025000
10 0.444531 0.707031 0.145313 0.045312
10 0.247656 0.684375 0.085938 0.025000
10 0.069531 0.560156 0.139063 0.026562
13 0.795312 0.437500 0.106250 0.021875
13 0.228125 0.436719 0.456250 0.029687
13 0.484375 0.552344 0.203125 0.070312
13 0.146875 0.547656 0.137500 0.029687
13 0.525000 0.316406 0.118750 0.026562
13 0.142187 0.428906 0.146875 0.023438
14 0.860938 0.493750 0.003125 0.325000
14 0.178125 0.493750 0.003125 0.325000
14 0.751563 0.698438 0.021875 0.003125
9 0.761719 0.625781 0.001563 0.104688
8 0.667969 0.630469 0.004687 0.004687
9 0.658594 0.671094 0.001563 0.042188
14 0.584375 0.548438 0.021875 0.003125
9 0.574219 0.623437 0.001563 0.106250
9 0.516406 0.639062 0.001563 0.121875
4 0.505469 0.575000 0.010937 0.043750
9 0.457031 0.631250 0.001563 0.156250
14 0.382812 0.598437 0.021875 0.003125
9 0.372656 0.675781 0.001563 0.098437
8 0.299219 0.630469 0.004687 0.004687
9 0.289844 0.671094 0.001563 0.042188
14 0.215625 0.571875 0.021875 0.003125
9 0.205469 0.634375 0.001563 0.081250
9 0.138281 0.580469 0.001563 0.060937
9 0.078906 0.589063 0.001563 0.062500
11 0.750781 0.364844 0.017188 0.048438
14 0.584375 0.407813 0.021875 0.003125
9 0.594531 0.343750 0.001563 0.084375
9 0.516406 0.394531 0.001563 0.070312
2 0.503125 0.355469 0.015625 0.045312
9 0.457031 0.379688 0.001563 0.090625
11 0.379688 0.367188 0.015625 0.028125
14 0.215625 0.407813 0.021875 0.003125
9 0.224219 0.353125 0.001563 0.065625
9 0.138281 0.361719 0.001563 0.060937
9 0.078906 0.368750 0.001563 0.065625
14 0.583594 0.489844 0.032813 0.039062
0 0.753125 0.623437 0.021875 0.018750
0 0.753125 0.679688 0.021875 0.018750
0 0.668750 0.648438 0.021875 0.018750
0 0.584375 0.567187 0.021875 0.018750
0 0.584375 0.607812 0.021875 0.018750
0 0.526563 0.575000 0.021875 0.018750
0 0.526563 0.600000 0.021875 0.018750
0 0.467187 0.551562 0.021875 0.018750
0 0.467187 0.590625 0.021875 0.018750
0 0.382812 0.623437 0.021875 0.018750
0 0.382812 0.679688 0.021875 0.018750
0 0.300000 0.648438 0.021875 0.018750
0 0.215625 0.590625 0.021875 0.018750
0 0.215625 0.607812 0.021875 0.018750
0 0.128125 0.600000 0.021875 0.018750
0 0.128125 0.615625 0.021875 0.018750
0 0.070312 0.607812 0.021875 0.018750
0 0.070312 0.623437 0.021875 0.018750
0 0.584375 0.348438 0.021875 0.018750
0 0.584375 0.389062 0.021875 0.018750
0 0.526563 0.381250 0.021875 0.018750
0 0.526563 0.356250 0.021875 0.018750
0 0.467187 0.373437 0.021875 0.018750
0 0.467187 0.332813 0.021875 0.018750
0 0.215625 0.389062 0.021875 0.018750
0 0.215625 0.373437 0.021875 0.018750
0 0.128125 0.381250 0.021875 0.018750
0 0.128125 0.396875 0.021875 0.018750
0 0.070312 0.404687 0.021875 0.018750
0 0.070312 0.389062 0.021875 0.018750
