2 0.348438 0.016406 0.015625 0.032813
13 0.282031 0.013281 0.045312 0.026562
14 0.992188 0.016406 0.015625 0.010937
14 0.539062 0.009375 0.037500 0.009375
9 0.978906 0.031250 0.001563 0.062500
15 0.892188 0.167187 0.021875 0.015625
9 0.882031 0.130469 0.001563 0.042188
9 0.902344 0.052344 0.001563 0.104688
2 0.868750 0.049219 0.015625 0.045312
2 0.868750 0.107031 0.015625 0.045312
9 0.710156 0.122656 0.001563 0.042188
9 0.728906 0.047656 0.001563 0.095312
9 0.650781 0.023438 0.001563 0.046875
9 0.594531 0.019531 0.001563 0.039062
9 0.563281 0.042188 0.001563 0.043750
9 0.514844 0.027344 0.001563 0.054688
2 0.482812 0.020313 0.015625 0.040625
15 0.412500 0.167187 0.021875 0.015625
9 0.403906 0.102344 0.001563 0.098437
9 0.422656 0.023438 0.001563 0.046875
2 0.390625 0.107031 0.015625 0.045312
2 0.390625 0.049219 0.015625 0.045312
7 0.929688 0.023438 0.028125 0.046875
13 0.679688 0.006250 0.031250 0.012500
7 0.450000 0.023438 0.028125 0.046875
0 0.970313 0.026562 0.021875 0.018750
0 0.970313 0.009375 0.021875 0.018750
0 0.970313 0.065625 0.021875 0.018750
0 0.892188 0.106250 0.021875 0.018750
0 0.892188 0.106250 0.021875 0.018750
0 0.892188 0.050000 0.021875 0.018750
0 0.764062 0.009375 0.021875 0.018750
0 0.720313 0.098437 0.021875 0.018750
0 0.720313 0.042188 0.021875 0.018750
0 0.720313 0.098437 0.021875 0.018750
0 0.640625 0.050000 0.021875 0.018750
0 0.584375 0.042188 0.021875 0.018750
0 0.573438 0.017188 0.021875 0.018750
0 0.506250 0.057813 0.021875 0.018750
0 0.506250 0.017188 0.021875 0.018750
0 0.506250 0.005469 0.021875 0.010937
0 0.414062 0.106250 0.021875 0.018750
0 0.414062 0.050000 0.021875 0.018750
0 0.414062 0.050000 0.021875 0.018750
