3 0.363281 0.007031 0.014063 0.014063
7 0.281250 0.026562 0.043750 0.053125
15 0.891406 0.007812 0.035937 0.015625
15 0.871094 0.003906 0.035937 0.007812
10 0.770312 0.124219 0.459375 0.032813
14 0.770312 0.178906 0.459375 0.064062
9 0.988281 0.081250 0.001563 0.118750
9 0.935156 0.088281 0.001563 0.101562
9 0.880469 0.101562 0.001563 0.078125
9 0.827344 0.108594 0.001563 0.060937
9 0.774219 0.101562 0.001563 0.078125
9 0.700781 0.069531 0.001563 0.139063
9 0.647656 0.069531 0.001563 0.139063
15 0.551562 0.156250 0.021875 0.015625
9 0.541406 0.077344 0.001563 0.126562
4 0.530469 0.016406 0.010937 0.032813
4 0.530469 0.067187 0.010937 0.043750
12 0.416406 0.009375 0.017188 0.018750
7 0.748437 0.020313 0.028125 0.040625
0 0.993750 0.018750 0.012500 0.018750
0 0.945312 0.035937 0.021875 0.018750
0 0.945312 0.006250 0.021875 0.012500
0 0.890625 0.059375 0.021875 0.018750
0 0.890625 0.018750 0.021875 0.018750
0 0.837500 0.075000 0.021875 0.018750
0 0.837500 0.035937 0.021875 0.018750
0 0.784375 0.059375 0.021875 0.018750
0 0.784375 0.018750 0.021875 0.018750
0 0.551562 0.010937 0.021875 0.018750
0 0.551562 0.067187 0.021875 0.018750
