10 0.098437 0.022656 0.196875 0.020313
15 0.801562 0.053125 0.021875 0.015625
15 0.801562 0.039062 0.021875 0.003125
15 0.753125 0.023438 0.021875 0.015625
8 0.752344 0.008594 0.004687 0.004687
15 0.703125 0.007031 0.021875 0.014063
15 0.654687 0.007031 0.021875 0.014063
15 0.606250 0.023438 0.021875 0.015625
8 0.605469 0.008594 0.004687 0.004687
15 0.478125 0.021875 0.021875 0.015625
8 0.253906 0.000781 0.004687 0.001563
9 0.116406 0.016406 0.001563 0.032813
0 0.801562 0.020313 0.021875 0.018750
0 0.479687 0.003125 0.021875 0.006250
