3 0.327344 0.550000 0.014063 0.040625
13 0.282031 0.536719 0.045312 0.057813
3 0.327344 0.356250 0.014063 0.040625
7 0.281250 0.366406 0.043750 0.114062
10 0.958594 0.326562 0.082812 0.028125
10 0.628906 0.340625 0.051562 0.025000
10 0.894531 0.487500 0.095312 0.025000
10 0.741406 0.473438 0.073438 0.025000
10 0.594531 0.480469 0.123438 0.032813
10 0.427344 0.535937 0.073438 0.028125
10 0.946094 0.560156 0.095312 0.035937
14 0.949219 0.570312 0.101562 0.050000
14 0.973437 0.533594 0.053125 0.010937
14 0.958594 0.507031 0.026562 0.010937
14 0.646094 0.566406 0.101562 0.042188
14 0.959375 0.307812 0.081250 0.028125
14 0.971875 0.407031 0.056250 0.014063
14 0.644531 0.435156 0.101562 0.035937
9 0.248438 0.453125 0.003125 0.243750
9 0.991406 0.531250 0.001563 0.053125
4 0.982031 0.501563 0.010937 0.043750
15 0.931250 0.465625 0.021875 0.003125
9 0.941406 0.500781 0.001563 0.042188
9 0.899219 0.546875 0.001563 0.053125
2 0.885938 0.517969 0.015625 0.045312
15 0.837500 0.657813 0.021875 0.003125
9 0.847656 0.564844 0.001563 0.139063
15 0.767188 0.625000 0.021875 0.003125
9 0.775781 0.542188 0.001563 0.121875
9 0.705469 0.494531 0.001563 0.057813
9 0.655469 0.507812 0.001563 0.078125
9 0.603906 0.520312 0.001563 0.084375
15 0.523438 0.657813 0.021875 0.003125
9 0.533594 0.563281 0.001563 0.142187
15 0.453125 0.625000 0.021875 0.003125
9 0.461719 0.574219 0.001563 0.057813
15 0.381250 0.601562 0.021875 0.003125
9 0.391406 0.551562 0.001563 0.053125
4 0.982031 0.364063 0.010937 0.043750
15 0.930469 0.418750 0.020313 0.053125
9 0.921094 0.417969 0.001563 0.051562
9 0.917969 0.350000 0.001563 0.053125
2 0.885938 0.380469 0.015625 0.045312
12 0.834375 0.367188 0.015625 0.028125
15 0.695312 0.407813 0.021875 0.003125
9 0.705469 0.353125 0.001563 0.065625
9 0.655469 0.370312 0.001563 0.078125
9 0.603906 0.381250 0.001563 0.090625
12 0.520312 0.367188 0.015625 0.028125
9 0.391406 0.387500 0.001563 0.109375
15 0.380469 0.478906 0.029687 0.026562
0 0.995313 0.501563 0.009375 0.018750
0 0.931250 0.526563 0.021875 0.018750
0 0.909375 0.517188 0.021875 0.018750
0 0.837500 0.582812 0.021875 0.018750
0 0.837500 0.639062 0.021875 0.018750
0 0.767188 0.606250 0.021875 0.018750
0 0.695312 0.509375 0.021875 0.018750
0 0.695312 0.526563 0.021875 0.018750
0 0.645312 0.517188 0.021875 0.018750
0 0.645312 0.550000 0.021875 0.018750
0 0.595313 0.526563 0.021875 0.018750
0 0.595313 0.565625 0.021875 0.018750
0 0.523438 0.582812 0.021875 0.018750
0 0.523438 0.639062 0.021875 0.018750
0 0.453125 0.606250 0.021875 0.018750
0 0.381250 0.582812 0.021875 0.018750
0 0.995313 0.364063 0.009375 0.018750
0 0.931250 0.389062 0.021875 0.018750
0 0.909375 0.381250 0.021875 0.018750
0 0.695312 0.373437 0.021875 0.018750
0 0.695312 0.389062 0.021875 0.018750
0 0.645312 0.381250 0.021875 0.018750
0 0.645312 0.412500 0.021875 0.018750
0 0.595313 0.389062 0.021875 0.018750
0 0.595313 0.429688 0.021875 0.018750
0 0.381250 0.389062 0.021875 0.018750
0 0.381250 0.429688 0.021875 0.018750
0 0.381250 0.445312 0.021875 0.018750
