14 0.467187 0.659375 0.037500 0.025000
13 0.561719 0.653125 0.139063 0.012500
13 0.368750 0.653125 0.143750 0.012500
10 0.465625 0.507812 0.290625 0.056250
14 0.456250 0.648438 0.037500 0.025000
10 0.456250 0.789062 0.309375 0.056250
13 0.470313 0.803906 0.337500 0.198437
13 0.833594 0.587500 0.048438 0.153125
13 0.488281 0.417187 0.332813 0.159375
13 0.446875 0.405469 0.440625 0.026562
13 0.401562 0.431250 0.528125 0.059375
14 0.860938 0.512500 0.003125 0.362500
14 0.189062 0.512500 0.003125 0.362500
9 0.819531 0.522656 0.001563 0.251563
2 0.787500 0.642969 0.015625 0.045312
11 0.747656 0.660156 0.017188 0.048438
9 0.644531 0.628906 0.001563 0.060937
9 0.610156 0.705469 0.001563 0.167187
9 0.575781 0.715625 0.001563 0.153125
9 0.541406 0.724219 0.001563 0.139063
9 0.561719 0.551562 0.001563 0.128125
9 0.507031 0.737500 0.001563 0.118750
9 0.527344 0.561719 0.001563 0.142187
9 0.472656 0.747656 0.001563 0.104688
9 0.492969 0.571094 0.001563 0.154688
9 0.439844 0.739844 0.001563 0.123438
9 0.458594 0.564844 0.001563 0.135937
9 0.405469 0.750000 0.001563 0.109375
9 0.424219 0.575000 0.001563 0.150000
9 0.389844 0.586719 0.001563 0.170313
9 0.355469 0.576562 0.001563 0.143750
9 0.302344 0.761719 0.001563 0.101562
9 0.321094 0.570312 0.001563 0.125000
11 0.224219 0.660156 0.017188 0.048438
11 0.075781 0.660156 0.017188 0.048438
9 0.002344 0.610938 0.001563 0.040625
14 0.310937 0.582031 0.053125 0.026562
12 0.271875 0.651563 0.031250 0.037500
14 0.827344 0.365625 0.017188 0.053125
9 0.819531 0.368750 0.001563 0.056250
11 0.746875 0.367188 0.015625 0.028125
9 0.675781 0.352344 0.001563 0.051562
9 0.644531 0.390625 0.001563 0.046875
9 0.610156 0.445312 0.001563 0.125000
9 0.575781 0.455469 0.001563 0.110937
9 0.236719 0.352344 0.001563 0.051562
14 0.155469 0.325000 0.017188 0.053125
9 0.147656 0.354687 0.001563 0.109375
4 0.117969 0.356250 0.010937 0.043750
4 0.117969 0.412500 0.010937 0.043750
11 0.075000 0.367188 0.015625 0.028125
9 0.002344 0.321094 0.001563 0.098437
14 0.809375 0.511719 0.053125 0.026562
14 0.136719 0.467969 0.029687 0.026562
0 0.829688 0.643750 0.021875 0.018750
0 0.810937 0.651563 0.021875 0.018750
0 0.654687 0.595313 0.021875 0.018750
0 0.620313 0.620313 0.021875 0.018750
0 0.585938 0.635938 0.021875 0.018750
0 0.551562 0.651563 0.021875 0.018750
0 0.551562 0.620313 0.021875 0.018750
0 0.517188 0.676562 0.021875 0.018750
0 0.517188 0.635938 0.021875 0.018750
0 0.482812 0.692187 0.021875 0.018750
0 0.482812 0.651563 0.021875 0.018750
0 0.450000 0.676562 0.021875 0.018750
0 0.450000 0.635938 0.021875 0.018750
0 0.415625 0.692187 0.021875 0.018750
0 0.415625 0.651563 0.021875 0.018750
0 0.381250 0.676562 0.021875 0.018750
0 0.346875 0.651563 0.021875 0.018750
0 0.312500 0.765625 0.021875 0.018750
0 0.312500 0.707812 0.021875 0.018750
0 0.312500 0.635938 0.021875 0.018750
0 0.810937 0.396875 0.021875 0.018750
0 0.665625 0.381250 0.021875 0.018750
0 0.654687 0.364063 0.021875 0.018750
0 0.620313 0.381250 0.021875 0.018750
0 0.585938 0.396875 0.021875 0.018750
1 0.226562 0.381250 0.021875 0.018750
0 0.139063 0.356250 0.021875 0.018750
0 0.139063 0.412500 0.021875 0.018750
