10 0.833594 0.461719 0.148438 0.032813
10 0.592187 0.337500 0.181250 0.028125
10 0.369531 0.320312 0.157812 0.025000
10 0.103906 0.296875 0.198437 0.028125
10 0.861719 0.660156 0.139063 0.020313
10 0.610156 0.680469 0.173437 0.020313
10 0.377344 0.660156 0.148438 0.020313
10 0.133594 0.652344 0.142187 0.020313
14 0.861719 0.437500 0.135937 0.021875
14 0.504687 0.436719 0.356250 0.026562
9 0.734375 0.487500 0.003125 0.312500
9 0.245312 0.487500 0.003125 0.312500
9 0.996094 0.629687 0.001563 0.081250
8 0.939844 0.564844 0.004687 0.004687
9 0.930469 0.629687 0.001563 0.081250
8 0.894531 0.564844 0.004687 0.004687
9 0.885156 0.629687 0.001563 0.081250
8 0.849219 0.564844 0.004687 0.004687
9 0.839844 0.629687 0.001563 0.081250
8 0.802344 0.564844 0.004687 0.004687
9 0.792969 0.629687 0.001563 0.081250
8 0.705469 0.549219 0.004687 0.004687
9 0.696094 0.631250 0.001563 0.118750
4 0.667969 0.593750 0.010937 0.043750
8 0.641406 0.557031 0.004687 0.004687
9 0.630469 0.635938 0.001563 0.109375
2 0.604688 0.592969 0.015625 0.045312
4 0.621094 0.576562 0.010937 0.043750
4 0.621094 0.634375 0.010937 0.043750
8 0.578906 0.564844 0.004687 0.004687
9 0.569531 0.639844 0.001563 0.101562
8 0.533594 0.549219 0.004687 0.004687
9 0.524219 0.631250 0.001563 0.118750
4 0.513281 0.568750 0.010937 0.043750
4 0.513281 0.625000 0.010937 0.043750
8 0.458594 0.541406 0.004687 0.004687
9 0.449219 0.617188 0.001563 0.106250
8 0.408594 0.541406 0.004687 0.004687
9 0.399219 0.617188 0.001563 0.106250
8 0.358594 0.541406 0.004687 0.004687
9 0.349219 0.617188 0.001563 0.106250
8 0.313281 0.525781 0.004687 0.004687
9 0.303906 0.609375 0.001563 0.121875
8 0.213281 0.533594 0.004687 0.004687
9 0.203906 0.609375 0.001563 0.106250
8 0.166406 0.525781 0.004687 0.004687
9 0.157031 0.605469 0.001563 0.114062
8 0.117969 0.516406 0.004687 0.004687
9 0.108594 0.601562 0.001563 0.121875
8 0.072656 0.533594 0.004687 0.004687
9 0.063281 0.609375 0.001563 0.106250
13 0.032813 0.601562 0.031250 0.037500
8 0.973437 0.289062 0.006250 0.018750
9 0.963281 0.357812 0.001563 0.078125
8 0.917188 0.281250 0.006250 0.018750
9 0.908594 0.380469 0.001563 0.139063
8 0.871875 0.273438 0.006250 0.018750
9 0.861719 0.380469 0.001563 0.154688
8 0.826562 0.289062 0.006250 0.018750
9 0.816406 0.391406 0.001563 0.145313
15 0.770312 0.371875 0.021875 0.015625
9 0.760156 0.436719 0.001563 0.073438
15 0.670312 0.479687 0.021875 0.003125
9 0.680469 0.403125 0.001563 0.109375
15 0.610938 0.471875 0.021875 0.003125
9 0.619531 0.395313 0.001563 0.109375
15 0.556250 0.464062 0.021875 0.003125
9 0.566406 0.389062 0.001563 0.106250
4 0.536719 0.387500 0.010937 0.043750
4 0.536719 0.445312 0.010937 0.043750
8 0.492188 0.464062 0.006250 0.018750
9 0.502344 0.381250 0.001563 0.106250
8 0.435937 0.471875 0.006250 0.018750
9 0.446094 0.385156 0.001563 0.114062
2 0.414062 0.388281 0.015625 0.045312
2 0.414062 0.444531 0.015625 0.045312
8 0.382812 0.464062 0.006250 0.018750
9 0.391406 0.377344 0.001563 0.110937
8 0.335938 0.454688 0.006250 0.018750
9 0.346094 0.371094 0.001563 0.107813
8 0.281250 0.439063 0.006250 0.018750
9 0.291406 0.361719 0.001563 0.098437
8 0.190625 0.446875 0.006250 0.018750
9 0.200781 0.362500 0.001563 0.109375
4 0.171094 0.364063 0.010937 0.043750
4 0.171094 0.420312 0.010937 0.043750
8 0.142187 0.439063 0.006250 0.018750
9 0.152344 0.356250 0.001563 0.106250
8 0.096875 0.431250 0.006250 0.018750
9 0.105469 0.350000 0.001563 0.103125
9 0.005469 0.336719 0.001563 0.098437
15 0.769531 0.508594 0.032813 0.039062
13 0.709375 0.356250 0.031250 0.037500
15 0.703906 0.513281 0.029687 0.026562
0 0.940625 0.585938 0.021875 0.018750
0 0.940625 0.601562 0.021875 0.018750
0 0.940625 0.618750 0.021875 0.018750
0 0.895312 0.585938 0.021875 0.018750
0 0.895312 0.601562 0.021875 0.018750
0 0.895312 0.618750 0.021875 0.018750
0 0.850000 0.585938 0.021875 0.018750
0 0.850000 0.601562 0.021875 0.018750
0 0.850000 0.618750 0.021875 0.018750
0 0.803125 0.585938 0.021875 0.018750
0 0.803125 0.601562 0.021875 0.018750
0 0.803125 0.618750 0.021875 0.018750
0 0.706250 0.570312 0.021875 0.018750
0 0.706250 0.585938 0.021875 0.018750
0 0.706250 0.626563 0.021875 0.018750
0 0.685937 0.593750 0.021875 0.018750
0 0.640625 0.578125 0.021875 0.018750
0 0.640625 0.593750 0.021875 0.018750
0 0.640625 0.618750 0.021875 0.018750
0 0.640625 0.634375 0.021875 0.018750
0 0.579688 0.585938 0.021875 0.018750
0 0.579688 0.626563 0.021875 0.018750
0 0.579688 0.642188 0.021875 0.018750
0 0.534375 0.570312 0.021875 0.018750
0 0.534375 0.585938 0.021875 0.018750
0 0.534375 0.626563 0.021875 0.018750
0 0.459375 0.562500 0.021875 0.018750
0 0.459375 0.601562 0.021875 0.018750
0 0.459375 0.618750 0.021875 0.018750
0 0.409375 0.601562 0.021875 0.018750
0 0.409375 0.618750 0.021875 0.018750
0 0.409375 0.562500 0.021875 0.018750
0 0.359375 0.562500 0.021875 0.018750
0 0.359375 0.601562 0.021875 0.018750
0 0.359375 0.618750 0.021875 0.018750
0 0.314063 0.545312 0.021875 0.018750
0 0.314063 0.562500 0.021875 0.018750
0 0.314063 0.601562 0.021875 0.018750
0 0.214062 0.553125 0.021875 0.018750
0 0.214062 0.585938 0.021875 0.018750
0 0.214062 0.610938 0.021875 0.018750
0 0.167187 0.545312 0.021875 0.018750
0 0.167187 0.585938 0.021875 0.018750
0 0.167187 0.601562 0.021875 0.018750
0 0.118750 0.537500 0.021875 0.018750
0 0.118750 0.585938 0.021875 0.018750
0 0.100000 0.593750 0.021875 0.018750
0 0.073438 0.553125 0.021875 0.018750
0 0.073438 0.585938 0.021875 0.018750
0 0.073438 0.610938 0.021875 0.018750
0 0.973437 0.315625 0.021875 0.018750
0 0.918750 0.307812 0.021875 0.018750
0 0.871875 0.300000 0.021875 0.018750
0 0.826562 0.315625 0.021875 0.018750
0 0.770312 0.396875 0.021875 0.018750
0 0.770312 0.429688 0.021875 0.018750
0 0.671875 0.404687 0.021875 0.018750
0 0.671875 0.460938 0.021875 0.018750
0 0.610938 0.396875 0.021875 0.018750
0 0.610938 0.453125 0.021875 0.018750
0 0.557813 0.389062 0.021875 0.018750
0 0.557813 0.445312 0.021875 0.018750
0 0.492188 0.381250 0.021875 0.018750
0 0.492188 0.437500 0.021875 0.018750
0 0.437500 0.389062 0.021875 0.018750
0 0.437500 0.445312 0.021875 0.018750
0 0.382812 0.381250 0.021875 0.018750
0 0.382812 0.437500 0.021875 0.018750
0 0.337500 0.373437 0.021875 0.018750
0 0.337500 0.429688 0.021875 0.018750
0 0.281250 0.356250 0.021875 0.018750
0 0.281250 0.412500 0.021875 0.018750
0 0.190625 0.364063 0.021875 0.018750
0 0.190625 0.421875 0.021875 0.018750
0 0.142187 0.356250 0.021875 0.018750
0 0.142187 0.412500 0.021875 0.018750
0 0.096875 0.348438 0.021875 0.018750
0 0.096875 0.404687 0.021875 0.018750
