15 0.289844 0.250000 0.035937 0.025000
10 0.802344 0.084375 0.192188 0.040625
10 0.330469 0.153906 0.660937 0.032813
15 0.271094 0.237500 0.035937 0.025000
10 0.783594 0.294531 0.192188 0.032813
10 0.321094 0.400000 0.642188 0.056250
14 0.782813 0.330469 0.190625 0.023438
14 0.803125 0.050781 0.190625 0.026562
14 0.320312 0.442969 0.640625 0.064062
14 0.330469 0.097656 0.660937 0.064062
9 0.878906 0.241406 0.001563 0.139063
9 0.897656 0.089063 0.001563 0.040625
9 0.830469 0.257812 0.001563 0.106250
9 0.850781 0.117969 0.001563 0.095312
9 0.783594 0.270313 0.001563 0.081250
9 0.802344 0.126562 0.001563 0.109375
9 0.735156 0.278125 0.001563 0.065625
9 0.755469 0.136719 0.001563 0.123438
9 0.688281 0.270313 0.001563 0.081250
9 0.707031 0.129688 0.001563 0.106250
9 0.639844 0.322656 0.001563 0.154688
9 0.660156 0.167969 0.001563 0.060937
9 0.592969 0.331250 0.001563 0.140625
9 0.613281 0.180469 0.001563 0.085938
9 0.546094 0.344531 0.001563 0.117188
9 0.564844 0.188281 0.001563 0.101562
9 0.497656 0.332813 0.001563 0.143750
9 0.517969 0.180469 0.001563 0.085938
9 0.450781 0.346094 0.001563 0.120313
9 0.469531 0.188281 0.001563 0.101562
9 0.402344 0.354687 0.001563 0.106250
9 0.422656 0.196875 0.001563 0.118750
9 0.355469 0.362500 0.001563 0.090625
9 0.374219 0.208594 0.001563 0.142187
9 0.307031 0.356250 0.001563 0.109375
9 0.327344 0.196875 0.001563 0.118750
9 0.260156 0.369531 0.001563 0.085938
9 0.278906 0.208594 0.001563 0.142187
9 0.213281 0.378125 0.001563 0.071875
9 0.232031 0.216406 0.001563 0.157812
9 0.164844 0.386719 0.001563 0.057813
9 0.185156 0.225000 0.001563 0.175000
9 0.091406 0.331250 0.001563 0.171875
9 0.111719 0.167969 0.001563 0.060937
9 0.044531 0.339844 0.001563 0.157812
9 0.063281 0.176563 0.001563 0.078125
9 0.016406 0.188281 0.001563 0.101562
15 0.888281 0.014844 0.048438 0.029687
7 0.139063 0.257812 0.028125 0.075000
0 0.889062 0.170313 0.021875 0.018750
0 0.889062 0.112500 0.021875 0.018750
0 0.840625 0.201563 0.021875 0.018750
0 0.840625 0.170313 0.021875 0.018750
0 0.793750 0.226562 0.021875 0.018750
0 0.793750 0.185938 0.021875 0.018750
0 0.745313 0.242188 0.021875 0.018750
0 0.745313 0.201563 0.021875 0.018750
0 0.698438 0.226562 0.021875 0.018750
0 0.698438 0.185938 0.021875 0.018750
0 0.650000 0.242188 0.021875 0.018750
0 0.650000 0.201563 0.021875 0.018750
0 0.603125 0.257812 0.021875 0.018750
0 0.603125 0.226562 0.021875 0.018750
0 0.556250 0.282813 0.021875 0.018750
0 0.556250 0.242188 0.021875 0.018750
0 0.507812 0.257812 0.021875 0.018750
0 0.507812 0.226562 0.021875 0.018750
0 0.460938 0.282813 0.021875 0.018750
0 0.460938 0.242188 0.021875 0.018750
0 0.412500 0.298438 0.021875 0.018750
0 0.412500 0.257812 0.021875 0.018750
0 0.365625 0.315625 0.021875 0.018750
0 0.365625 0.282813 0.021875 0.018750
0 0.317188 0.298438 0.021875 0.018750
0 0.317188 0.257812 0.021875 0.018750
0 0.270313 0.323437 0.021875 0.018750
0 0.270313 0.282813 0.021875 0.018750
0 0.223438 0.339062 0.021875 0.018750
0 0.223438 0.298438 0.021875 0.018750
0 0.175000 0.354687 0.021875 0.018750
0 0.175000 0.315625 0.021875 0.018750
0 0.101562 0.242188 0.021875 0.018750
0 0.101562 0.201563 0.021875 0.018750
0 0.054688 0.257812 0.021875 0.018750
0 0.054688 0.218750 0.021875 0.018750
0 0.009375 0.275000 0.018750 0.018750
0 0.009375 0.242188 0.018750 0.018750
