3 0.363281 0.750000 0.014063 0.040625
3 0.344531 0.717187 0.014063 0.040625
3 0.325781 0.742188 0.014063 0.040625
7 0.281250 0.752344 0.043750 0.114062
3 0.363281 0.364063 0.014063 0.040625
3 0.344531 0.331250 0.014063 0.040625
3 0.325781 0.356250 0.014063 0.040625
7 0.281250 0.366406 0.043750 0.114062
15 0.907031 0.750000 0.035937 0.025000
10 0.782813 0.646094 0.434375 0.032813
15 0.888281 0.750000 0.035937 0.025000
10 0.772656 0.896094 0.454688 0.032813
14 0.703906 0.436719 0.592187 0.029687
14 0.773438 0.950781 0.453125 0.064062
14 0.782813 0.589844 0.434375 0.064062
9 0.248438 0.557031 0.003125 0.451562
9 0.989844 0.819531 0.001563 0.182812
9 0.935156 0.832031 0.001563 0.157812
9 0.953906 0.668750 0.001563 0.078125
9 0.878906 0.839844 0.001563 0.142187
9 0.899219 0.676562 0.001563 0.093750
9 0.824219 0.849219 0.001563 0.126562
9 0.842969 0.689063 0.001563 0.118750
9 0.767969 0.839844 0.001563 0.142187
9 0.788281 0.676562 0.001563 0.093750
9 0.713281 0.849219 0.001563 0.126562
9 0.732031 0.689063 0.001563 0.118750
9 0.657031 0.860156 0.001563 0.101562
9 0.677344 0.696875 0.001563 0.134375
9 0.621094 0.689063 0.001563 0.118750
15 0.556250 0.928125 0.021875 0.015625
9 0.546094 0.849219 0.001563 0.126562
15 0.556250 0.612500 0.021875 0.015625
9 0.566406 0.676562 0.001563 0.093750
12 0.416406 0.749219 0.017188 0.048438
13 0.515625 0.742188 0.031250 0.037500
15 0.417187 0.432031 0.015625 0.017188
9 0.408594 0.390625 0.001563 0.046875
15 0.417187 0.191406 0.015625 0.017188
9 0.427344 0.255469 0.001563 0.098437
0 0.994531 0.726562 0.010937 0.018750
0 0.994531 0.693750 0.010937 0.018750
0 0.945312 0.750000 0.021875 0.018750
0 0.945312 0.709375 0.021875 0.018750
0 0.889062 0.767188 0.021875 0.018750
0 0.889062 0.726562 0.021875 0.018750
0 0.834375 0.782813 0.021875 0.018750
0 0.834375 0.750000 0.021875 0.018750
0 0.778125 0.767188 0.021875 0.018750
0 0.778125 0.726562 0.021875 0.018750
0 0.723437 0.782813 0.021875 0.018750
0 0.723437 0.750000 0.021875 0.018750
0 0.667188 0.806250 0.021875 0.018750
0 0.667188 0.767188 0.021875 0.018750
0 0.612500 0.750000 0.021875 0.018750
0 0.556250 0.782813 0.021875 0.018750
0 0.556250 0.839063 0.021875 0.018750
0 0.556250 0.726562 0.021875 0.018750
1 0.418750 0.364063 0.021875 0.018750
1 0.418750 0.251563 0.021875 0.018750
1 0.418750 0.307812 0.021875 0.018750
