10 0.220312 0.042969 0.162500 0.020313
10 0.709375 0.197656 0.153125 0.020313
10 0.497656 0.219531 0.179688 0.032813
10 0.239063 0.149219 0.162500 0.020313
10 0.728125 0.371094 0.153125 0.020313
10 0.516406 0.394531 0.179688 0.032813
10 0.239063 0.416406 0.162500 0.020313
14 0.619531 0.521094 0.048438 0.057813
14 0.500000 0.566406 0.703125 0.060937
14 0.506250 0.098437 0.693750 0.065625
14 0.188281 0.185156 0.048438 0.010937
14 0.177344 0.216406 0.026562 0.010937
14 0.188281 0.260156 0.048438 0.010937
14 0.175781 0.011719 0.026562 0.010937
9 0.860938 0.290625 0.003125 0.306250
9 0.089063 0.290625 0.003125 0.306250
9 0.803906 0.415625 0.001563 0.109375
9 0.721094 0.420312 0.001563 0.118750
4 0.691406 0.426563 0.010937 0.043750
4 0.691406 0.482812 0.010937 0.043750
9 0.652344 0.415625 0.001563 0.109375
4 0.622656 0.417187 0.010937 0.043750
9 0.605469 0.453125 0.001563 0.150000
4 0.575781 0.475000 0.010937 0.043750
4 0.575781 0.531250 0.010937 0.043750
9 0.510156 0.437500 0.001563 0.118750
4 0.480469 0.442188 0.010937 0.043750
4 0.480469 0.498437 0.010937 0.043750
9 0.427344 0.445312 0.001563 0.134375
9 0.319531 0.464062 0.001563 0.109375
9 0.158594 0.475000 0.001563 0.121875
4 0.128906 0.482812 0.010937 0.043750
4 0.128906 0.539062 0.010937 0.043750
9 0.785156 0.165625 0.001563 0.081250
9 0.700781 0.169531 0.001563 0.073438
4 0.691406 0.129688 0.010937 0.043750
9 0.674219 0.119531 0.001563 0.098437
9 0.633594 0.165625 0.001563 0.081250
4 0.622656 0.121875 0.010937 0.043750
9 0.586719 0.176563 0.001563 0.118750
2 0.540625 0.153906 0.015625 0.045312
4 0.557031 0.137500 0.010937 0.043750
2 0.573438 0.114844 0.015625 0.045312
2 0.573438 0.171094 0.015625 0.045312
9 0.491406 0.176563 0.001563 0.118750
4 0.461719 0.146875 0.010937 0.043750
3 0.478906 0.121875 0.014063 0.040625
9 0.408594 0.172656 0.001563 0.126562
2 0.381250 0.146094 0.015625 0.045312
4 0.397656 0.129688 0.010937 0.043750
9 0.319531 0.193750 0.001563 0.109375
4 0.274219 0.234375 0.010937 0.043750
4 0.289844 0.195312 0.010937 0.043750
4 0.289844 0.251563 0.010937 0.043750
9 0.236719 0.193750 0.001563 0.109375
2 0.203125 0.235156 0.015625 0.045312
9 0.158594 0.193750 0.001563 0.109375
4 0.110156 0.226562 0.010937 0.043750
2 0.126562 0.194531 0.015625 0.045312
2 0.126562 0.250781 0.015625 0.045312
13 0.348438 0.162500 0.031250 0.037500
15 0.147656 0.305469 0.064062 0.039062
2 0.553125 0.011719 0.015625 0.023438
2 0.573438 0.020313 0.015625 0.040625
4 0.461719 0.007031 0.010937 0.014063
2 0.395313 0.007812 0.015625 0.015625
9 0.299219 0.026562 0.001563 0.053125
4 0.289844 0.011719 0.010937 0.023438
9 0.216406 0.026562 0.001563 0.053125
9 0.139844 0.026562 0.001563 0.053125
7 0.065625 0.011719 0.028125 0.023438
0 0.795312 0.418750 0.021875 0.018750
0 0.795312 0.475000 0.021875 0.018750
0 0.710938 0.426563 0.021875 0.018750
0 0.710938 0.482812 0.021875 0.018750
0 0.643750 0.418750 0.021875 0.018750
0 0.643750 0.475000 0.021875 0.018750
0 0.596875 0.475000 0.021875 0.018750
0 0.596875 0.531250 0.021875 0.018750
0 0.501563 0.442188 0.021875 0.018750
0 0.501563 0.500000 0.021875 0.018750
0 0.418750 0.459375 0.021875 0.018750
0 0.418750 0.515625 0.021875 0.018750
0 0.309375 0.467187 0.021875 0.018750
0 0.309375 0.523438 0.021875 0.018750
0 0.150000 0.482812 0.021875 0.018750
0 0.150000 0.539062 0.021875 0.018750
0 0.795312 0.121875 0.021875 0.018750
0 0.710938 0.131250 0.021875 0.018750
0 0.665625 0.114062 0.021875 0.018750
0 0.665625 0.139063 0.021875 0.018750
0 0.665625 0.154688 0.021875 0.018750
0 0.665625 0.170313 0.021875 0.018750
0 0.643750 0.121875 0.021875 0.018750
0 0.596875 0.114062 0.021875 0.018750
0 0.596875 0.139063 0.021875 0.018750
0 0.596875 0.154688 0.021875 0.018750
0 0.596875 0.170313 0.021875 0.018750
0 0.501563 0.114062 0.021875 0.018750
0 0.501563 0.131250 0.021875 0.018750
0 0.501563 0.146875 0.021875 0.018750
0 0.501563 0.170313 0.021875 0.018750
0 0.418750 0.106250 0.021875 0.018750
0 0.418750 0.131250 0.021875 0.018750
0 0.418750 0.146875 0.021875 0.018750
0 0.418750 0.162500 0.021875 0.018750
0 0.309375 0.195312 0.021875 0.018750
0 0.309375 0.210938 0.021875 0.018750
0 0.309375 0.235937 0.021875 0.018750
0 0.309375 0.251563 0.021875 0.018750
0 0.226562 0.235937 0.021875 0.018750
0 0.226562 0.195312 0.021875 0.018750
0 0.226562 0.210938 0.021875 0.018750
0 0.226562 0.251563 0.021875 0.018750
0 0.150000 0.195312 0.021875 0.018750
0 0.150000 0.210938 0.021875 0.018750
0 0.150000 0.251563 0.021875 0.018750
0 0.150000 0.228125 0.021875 0.018750
0 0.643750 0.005469 0.021875 0.010937
0 0.643750 0.017188 0.021875 0.018750
0 0.596875 0.005469 0.021875 0.010937
0 0.596875 0.017188 0.021875 0.018750
0 0.501563 0.017188 0.021875 0.018750
0 0.418750 0.009375 0.021875 0.018750
0 0.309375 0.005469 0.021875 0.010937
0 0.226562 0.005469 0.021875 0.010937
0 0.150000 0.005469 0.021875 0.010937
