3 0.327344 0.582812 0.014063 0.040625
13 0.282031 0.571094 0.045312 0.057813
3 0.327344 0.356250 0.014063 0.040625
7 0.281250 0.366406 0.043750 0.114062
10 0.967969 0.391406 0.064062 0.020313
10 0.820312 0.391406 0.140625 0.020313
10 0.634375 0.414844 0.140625 0.020313
10 0.440625 0.407031 0.140625 0.020313
10 0.967969 0.615625 0.064062 0.025000
10 0.797656 0.634375 0.095312 0.012500
10 0.634375 0.607812 0.140625 0.040625
10 0.417969 0.646094 0.095312 0.020313
14 0.690625 0.510938 0.046875 0.028125
14 0.968750 0.284375 0.046875 0.028125
14 0.876563 0.278906 0.046875 0.023438
14 0.782813 0.278906 0.046875 0.023438
14 0.645312 0.312500 0.140625 0.031250
14 0.496875 0.296094 0.046875 0.023438
14 0.404687 0.296094 0.046875 0.023438
9 0.248438 0.469531 0.003125 0.276562
8 0.946094 0.497656 0.004687 0.004687
9 0.936719 0.572656 0.001563 0.101562
8 0.852344 0.505469 0.004687 0.004687
9 0.842969 0.581250 0.001563 0.103125
4 0.833594 0.526563 0.010937 0.043750
4 0.833594 0.582812 0.010937 0.043750
9 0.750781 0.587500 0.001563 0.100000
9 0.703906 0.562500 0.001563 0.081250
9 0.658594 0.577344 0.001563 0.064062
9 0.564844 0.572656 0.001563 0.101562
8 0.474219 0.514844 0.004687 0.004687
9 0.464844 0.588281 0.001563 0.101562
8 0.380469 0.530469 0.004687 0.004687
9 0.371094 0.602344 0.001563 0.098437
9 0.983594 0.348438 0.001563 0.106250
9 0.936719 0.359375 0.001563 0.081250
9 0.889844 0.348438 0.001563 0.106250
9 0.842969 0.356250 0.001563 0.090625
9 0.797656 0.348438 0.001563 0.106250
9 0.750781 0.356250 0.001563 0.090625
4 0.739844 0.331250 0.010937 0.043750
9 0.703906 0.388281 0.001563 0.073438
9 0.658594 0.400000 0.001563 0.050000
9 0.611719 0.371875 0.001563 0.106250
9 0.564844 0.379688 0.001563 0.090625
2 0.551562 0.332031 0.015625 0.045312
9 0.510156 0.364063 0.001563 0.106250
9 0.464844 0.371875 0.001563 0.090625
9 0.417969 0.364063 0.001563 0.106250
9 0.371094 0.371875 0.001563 0.090625
0 0.946875 0.518750 0.021875 0.018750
0 0.946875 0.575000 0.021875 0.018750
0 0.853125 0.526563 0.021875 0.018750
0 0.853125 0.582812 0.021875 0.018750
0 0.760938 0.534375 0.021875 0.018750
0 0.760938 0.590625 0.021875 0.018750
0 0.714063 0.518750 0.021875 0.018750
0 0.668750 0.542188 0.021875 0.018750
0 0.575000 0.518750 0.021875 0.018750
0 0.575000 0.575000 0.021875 0.018750
0 0.475000 0.534375 0.021875 0.018750
0 0.475000 0.590625 0.021875 0.018750
0 0.381250 0.551562 0.021875 0.018750
0 0.381250 0.607812 0.021875 0.018750
0 0.991406 0.292187 0.017188 0.018750
0 0.946875 0.315625 0.021875 0.018750
0 0.946875 0.332813 0.021875 0.018750
0 0.946875 0.348438 0.021875 0.018750
0 0.900000 0.292187 0.021875 0.018750
0 0.853125 0.307812 0.021875 0.018750
0 0.853125 0.332813 0.021875 0.018750
0 0.853125 0.348438 0.021875 0.018750
0 0.807813 0.292187 0.021875 0.018750
0 0.760938 0.307812 0.021875 0.018750
0 0.760938 0.332813 0.021875 0.018750
0 0.760938 0.348438 0.021875 0.018750
0 0.714063 0.348438 0.021875 0.018750
0 0.668750 0.373437 0.021875 0.018750
0 0.621875 0.315625 0.021875 0.018750
0 0.575000 0.332813 0.021875 0.018750
0 0.575000 0.348438 0.021875 0.018750
0 0.575000 0.373437 0.021875 0.018750
0 0.520312 0.307812 0.021875 0.018750
0 0.475000 0.325000 0.021875 0.018750
0 0.475000 0.348438 0.021875 0.018750
0 0.475000 0.364063 0.021875 0.018750
0 0.428125 0.307812 0.021875 0.018750
0 0.381250 0.325000 0.021875 0.018750
0 0.381250 0.348438 0.021875 0.018750
0 0.381250 0.364063 0.021875 0.018750
