10 0.746094 0.439844 0.232813 0.020313
10 0.253906 0.440625 0.414062 0.040625
10 0.757031 0.588281 0.214062 0.026562
10 0.274219 0.582031 0.414062 0.020313
15 0.854688 0.859375 0.018750 0.025000
15 0.689063 0.859375 0.018750 0.025000
15 0.501563 0.859375 0.018750 0.025000
15 0.368750 0.859375 0.018750 0.025000
15 0.232813 0.859375 0.018750 0.025000
15 0.093750 0.859375 0.018750 0.025000
10 0.757031 0.827344 0.214062 0.032813
10 0.295312 0.907031 0.496875 0.032813
14 0.314844 0.932031 0.629687 0.029687
14 0.314844 0.436719 0.629687 0.029687
14 0.428125 0.763281 0.856250 0.060937
14 0.428125 0.539062 0.856250 0.056250
14 0.428125 0.282031 0.856250 0.051562
9 0.842969 0.853906 0.001563 0.085938
4 0.813281 0.890625 0.010937 0.043750
15 0.787500 0.956250 0.021875 0.015625
9 0.797656 0.870313 0.001563 0.118750
2 0.764062 0.875781 0.015625 0.045312
2 0.764062 0.932031 0.015625 0.045312
9 0.746094 0.870313 0.001563 0.118750
9 0.713281 0.861719 0.001563 0.101562
3 0.667969 0.907813 0.014063 0.040625
4 0.683594 0.898438 0.010937 0.043750
15 0.640625 0.956250 0.021875 0.015625
9 0.650781 0.870313 0.001563 0.118750
4 0.621094 0.875000 0.010937 0.043750
4 0.621094 0.931250 0.010937 0.043750
9 0.544531 0.856250 0.001563 0.134375
9 0.511719 0.865625 0.001563 0.118750
15 0.470313 0.760938 0.021875 0.015625
9 0.460156 0.856250 0.001563 0.134375
2 0.446875 0.786719 0.015625 0.045312
9 0.408594 0.860156 0.001563 0.126562
9 0.375781 0.865625 0.001563 0.118750
4 0.366406 0.801562 0.010937 0.043750
15 0.340625 0.768750 0.021875 0.015625
9 0.330469 0.860156 0.001563 0.126562
2 0.317188 0.794531 0.015625 0.045312
2 0.317188 0.850781 0.015625 0.045312
9 0.280469 0.860156 0.001563 0.126562
9 0.247656 0.872656 0.001563 0.101562
2 0.220312 0.835156 0.015625 0.045312
4 0.236719 0.818750 0.010937 0.043750
15 0.195312 0.768750 0.021875 0.015625
9 0.185156 0.860156 0.001563 0.126562
4 0.175781 0.793750 0.010937 0.043750
9 0.139844 0.865625 0.001563 0.118750
9 0.107031 0.868750 0.001563 0.109375
2 0.082812 0.842969 0.015625 0.045312
4 0.097656 0.810937 0.010937 0.043750
15 0.057813 0.776563 0.021875 0.015625
9 0.047656 0.865625 0.001563 0.118750
2 0.034375 0.802344 0.015625 0.045312
2 0.034375 0.858594 0.015625 0.045312
7 0.590625 0.867188 0.028125 0.075000
9 0.797656 0.636719 0.001563 0.114062
2 0.750000 0.657031 0.015625 0.045312
4 0.767969 0.640625 0.010937 0.043750
4 0.767969 0.696875 0.010937 0.043750
9 0.650781 0.639062 0.001563 0.109375
4 0.602344 0.656250 0.010937 0.043750
3 0.617969 0.632812 0.014063 0.040625
3 0.617969 0.689063 0.014063 0.040625
9 0.478906 0.628906 0.001563 0.114062
9 0.350781 0.625000 0.001563 0.106250
9 0.205469 0.632812 0.001563 0.121875
4 0.142969 0.681250 0.010937 0.043750
2 0.159375 0.657031 0.015625 0.045312
4 0.175781 0.640625 0.010937 0.043750
4 0.175781 0.696875 0.010937 0.043750
9 0.067969 0.628906 0.001563 0.114062
4 0.004687 0.648438 0.009375 0.043750
4 0.019531 0.689063 0.010937 0.043750
4 0.038281 0.632812 0.010937 0.043750
2 0.034375 0.680469 0.015625 0.045312
9 0.777344 0.396875 0.001563 0.106250
4 0.747656 0.364063 0.010937 0.043750
2 0.764062 0.380469 0.015625 0.045312
9 0.630469 0.387500 0.001563 0.121875
3 0.603906 0.356250 0.014063 0.040625
4 0.621094 0.323437 0.010937 0.043750
4 0.621094 0.379688 0.010937 0.043750
9 0.460156 0.404687 0.001563 0.106250
4 0.430469 0.404687 0.010937 0.043750
2 0.446875 0.388281 0.015625 0.045312
9 0.330469 0.388281 0.001563 0.123438
2 0.317188 0.324219 0.015625 0.045312
9 0.185156 0.393750 0.001563 0.100000
2 0.126562 0.380469 0.015625 0.045312
4 0.142969 0.364063 0.010937 0.043750
4 0.158594 0.348438 0.010937 0.043750
4 0.175781 0.396875 0.010937 0.043750
9 0.047656 0.378125 0.001563 0.118750
2 0.007031 0.332031 0.014063 0.045312
4 0.021094 0.371875 0.010937 0.043750
4 0.038281 0.315625 0.010937 0.043750
0 0.853125 0.892188 0.021875 0.018750
0 0.832812 0.900000 0.021875 0.018750
0 0.787500 0.875000 0.021875 0.018750
0 0.787500 0.931250 0.021875 0.018750
0 0.735938 0.875000 0.021875 0.018750
0 0.735938 0.931250 0.021875 0.018750
0 0.704688 0.900000 0.021875 0.018750
0 0.704688 0.915625 0.021875 0.018750
0 0.640625 0.875000 0.021875 0.018750
0 0.640625 0.931250 0.021875 0.018750
0 0.554688 0.785937 0.021875 0.018750
0 0.554688 0.843750 0.021875 0.018750
0 0.521875 0.803125 0.021875 0.018750
0 0.521875 0.826562 0.021875 0.018750
0 0.501563 0.810937 0.021875 0.018750
0 0.470313 0.785937 0.021875 0.018750
0 0.470313 0.843750 0.021875 0.018750
0 0.418750 0.795312 0.021875 0.018750
0 0.418750 0.851562 0.021875 0.018750
0 0.385937 0.803125 0.021875 0.018750
0 0.385937 0.818750 0.021875 0.018750
0 0.385937 0.834375 0.021875 0.018750
0 0.340625 0.795312 0.021875 0.018750
0 0.340625 0.851562 0.021875 0.018750
0 0.290625 0.795312 0.021875 0.018750
0 0.290625 0.851562 0.021875 0.018750
0 0.257812 0.818750 0.021875 0.018750
0 0.257812 0.834375 0.021875 0.018750
0 0.195312 0.795312 0.021875 0.018750
0 0.195312 0.851562 0.021875 0.018750
0 0.150000 0.803125 0.021875 0.018750
0 0.150000 0.859375 0.021875 0.018750
0 0.117188 0.810937 0.021875 0.018750
0 0.117188 0.826562 0.021875 0.018750
0 0.117188 0.843750 0.021875 0.018750
0 0.057813 0.803125 0.021875 0.018750
0 0.057813 0.859375 0.021875 0.018750
0 0.009375 0.859375 0.018750 0.018750
0 0.009375 0.803125 0.018750 0.018750
0 0.807813 0.673438 0.021875 0.018750
0 0.787500 0.640625 0.021875 0.018750
0 0.787500 0.657813 0.021875 0.018750
0 0.787500 0.681250 0.021875 0.018750
0 0.787500 0.696875 0.021875 0.018750
0 0.640625 0.640625 0.021875 0.018750
0 0.640625 0.657813 0.021875 0.018750
0 0.640625 0.681250 0.021875 0.018750
0 0.640625 0.696875 0.021875 0.018750
0 0.489063 0.681250 0.021875 0.018750
0 0.470313 0.632812 0.021875 0.018750
0 0.470313 0.648438 0.021875 0.018750
0 0.470313 0.665625 0.021875 0.018750
0 0.470313 0.689063 0.021875 0.018750
0 0.340625 0.681250 0.021875 0.018750
0 0.340625 0.640625 0.021875 0.018750
0 0.340625 0.625000 0.021875 0.018750
0 0.340625 0.657813 0.021875 0.018750
0 0.215625 0.673438 0.021875 0.018750
0 0.195312 0.681250 0.021875 0.018750
0 0.195312 0.657813 0.021875 0.018750
0 0.195312 0.640625 0.021875 0.018750
0 0.195312 0.696875 0.021875 0.018750
0 0.078125 0.681250 0.021875 0.018750
0 0.057813 0.632812 0.021875 0.018750
0 0.057813 0.648438 0.021875 0.018750
0 0.057813 0.665625 0.021875 0.018750
0 0.057813 0.689063 0.021875 0.018750
0 0.787500 0.340625 0.021875 0.018750
0 0.787500 0.364063 0.021875 0.018750
0 0.787500 0.381250 0.021875 0.018750
0 0.787500 0.396875 0.021875 0.018750
0 0.768750 0.348438 0.021875 0.018750
0 0.640625 0.325000 0.021875 0.018750
0 0.640625 0.348438 0.021875 0.018750
0 0.640625 0.364063 0.021875 0.018750
0 0.640625 0.381250 0.021875 0.018750
0 0.470313 0.348438 0.021875 0.018750
0 0.470313 0.373437 0.021875 0.018750
0 0.470313 0.389062 0.021875 0.018750
0 0.470313 0.404687 0.021875 0.018750
0 0.450000 0.356250 0.021875 0.018750
0 0.340625 0.325000 0.021875 0.018750
0 0.340625 0.348438 0.021875 0.018750
0 0.340625 0.364063 0.021875 0.018750
0 0.340625 0.381250 0.021875 0.018750
0 0.195312 0.340625 0.021875 0.018750
0 0.195312 0.364063 0.021875 0.018750
0 0.195312 0.381250 0.021875 0.018750
0 0.195312 0.396875 0.021875 0.018750
0 0.176563 0.348438 0.021875 0.018750
0 0.057813 0.315625 0.021875 0.018750
0 0.057813 0.332813 0.021875 0.018750
0 0.057813 0.348438 0.021875 0.018750
0 0.057813 0.373437 0.021875 0.018750
0 0.039062 0.356250 0.021875 0.018750
