10 0.469531 0.392969 0.082812 0.007812
10 0.102344 0.408594 0.204687 0.032813
10 0.489844 0.496094 0.082812 0.007812
10 0.112500 0.519531 0.225000 0.032813
15 0.123438 0.821875 0.018750 0.025000
10 0.867969 0.866406 0.117188 0.020313
10 0.698438 0.861719 0.118750 0.020313
10 0.486719 0.861719 0.117188 0.020313
10 0.317969 0.861719 0.117188 0.020313
10 0.102344 0.887500 0.204687 0.050000
14 0.819531 0.896875 0.360938 0.028125
14 0.121875 0.896094 0.243750 0.026562
14 0.819531 0.437500 0.360938 0.028125
14 0.162500 0.435937 0.325000 0.028125
14 0.967187 0.775781 0.065625 0.023438
14 0.792969 0.775781 0.054688 0.023438
14 0.602344 0.789844 0.067187 0.010937
14 0.601562 0.825781 0.065625 0.010937
14 0.411719 0.789844 0.026562 0.010937
14 0.411719 0.825781 0.026562 0.010937
14 0.658594 0.754687 0.682813 0.056250
14 0.241406 0.789844 0.026562 0.010937
14 0.241406 0.825781 0.026562 0.010937
14 0.134375 0.785156 0.084375 0.057813
14 0.088281 0.756250 0.176563 0.118750
14 0.585156 0.531250 0.098437 0.012500
14 0.585156 0.606250 0.098437 0.012500
14 0.500000 0.629687 0.300000 0.034375
14 0.111719 0.486719 0.223438 0.042188
14 0.577344 0.357031 0.114062 0.010937
14 0.435156 0.312500 0.170313 0.031250
9 0.607812 0.895312 0.003125 0.209375
9 0.607812 0.464844 0.003125 0.267188
9 0.991406 0.843750 0.001563 0.065625
3 0.964844 0.815625 0.014063 0.040625
4 0.980469 0.807813 0.010937 0.043750
15 0.934375 0.781250 0.021875 0.003125
9 0.924219 0.843750 0.001563 0.065625
15 0.867188 0.781250 0.021875 0.003125
9 0.857031 0.843750 0.001563 0.065625
9 0.810156 0.843750 0.001563 0.065625
2 0.796875 0.807031 0.015625 0.045312
15 0.765625 0.781250 0.021875 0.003125
9 0.755469 0.838281 0.001563 0.070312
15 0.698438 0.781250 0.021875 0.003125
9 0.688281 0.838281 0.001563 0.070312
4 0.677344 0.815625 0.010937 0.043750
9 0.639844 0.838281 0.001563 0.070312
15 0.553125 0.781250 0.021875 0.003125
9 0.544531 0.838281 0.001563 0.070312
15 0.485938 0.781250 0.021875 0.003125
9 0.477344 0.838281 0.001563 0.070312
9 0.428906 0.838281 0.001563 0.070312
15 0.384375 0.781250 0.021875 0.003125
9 0.374219 0.838281 0.001563 0.070312
15 0.317188 0.781250 0.021875 0.003125
9 0.307031 0.838281 0.001563 0.070312
9 0.260156 0.838281 0.001563 0.070312
15 0.214062 0.773438 0.021875 0.015625
9 0.203906 0.846094 0.001563 0.085938
9 0.166406 0.834375 0.001563 0.112500
9 0.128906 0.855469 0.001563 0.073438
4 0.117969 0.815625 0.010937 0.043750
9 0.082031 0.864062 0.001563 0.059375
9 0.010156 0.817969 0.001563 0.160938
15 0.267969 0.967969 0.032813 0.039062
7 0.059375 0.831250 0.028125 0.075000
9 0.658594 0.544531 0.001563 0.098437
9 0.530469 0.542969 0.001563 0.101562
2 0.496875 0.539844 0.015625 0.045312
2 0.496875 0.596094 0.015625 0.045312
9 0.449219 0.542969 0.001563 0.101562
4 0.419531 0.539062 0.010937 0.043750
4 0.419531 0.596875 0.010937 0.043750
15 0.367969 0.517188 0.017188 0.053125
9 0.360156 0.546875 0.001563 0.109375
12 0.267188 0.567187 0.015625 0.028125
15 0.214062 0.653125 0.021875 0.015625
9 0.224219 0.573438 0.001563 0.106250
4 0.194531 0.628125 0.010937 0.043750
9 0.639844 0.370312 0.001563 0.053125
15 0.650000 0.231250 0.021875 0.015625
9 0.658594 0.267188 0.001563 0.040625
4 0.628906 0.290625 0.010937 0.043750
9 0.510156 0.370312 0.001563 0.053125
2 0.496875 0.339844 0.015625 0.045312
9 0.428906 0.370312 0.001563 0.053125
4 0.419531 0.339062 0.010937 0.043750
15 0.349219 0.378125 0.020313 0.053125
9 0.339844 0.377344 0.001563 0.051562
12 0.267188 0.367188 0.015625 0.028125
15 0.214062 0.290625 0.021875 0.015625
9 0.203906 0.369531 0.001563 0.101562
4 0.194531 0.371875 0.010937 0.043750
15 0.649219 0.191406 0.048438 0.039062
15 0.349219 0.444531 0.032813 0.039062
0 0.995313 0.807813 0.009375 0.018750
0 0.995313 0.823438 0.009375 0.018750
0 0.934375 0.807813 0.021875 0.018750
0 0.934375 0.823438 0.021875 0.018750
0 0.867188 0.807813 0.021875 0.018750
0 0.867188 0.823438 0.021875 0.018750
0 0.820312 0.823438 0.021875 0.018750
0 0.820312 0.807813 0.021875 0.018750
0 0.765625 0.815625 0.021875 0.018750
0 0.765625 0.800000 0.021875 0.018750
0 0.698438 0.800000 0.021875 0.018750
0 0.698438 0.815625 0.021875 0.018750
0 0.650000 0.800000 0.021875 0.018750
0 0.650000 0.815625 0.021875 0.018750
0 0.554688 0.800000 0.021875 0.018750
0 0.554688 0.815625 0.021875 0.018750
0 0.487500 0.800000 0.021875 0.018750
0 0.487500 0.815625 0.021875 0.018750
0 0.439063 0.800000 0.021875 0.018750
0 0.439063 0.815625 0.021875 0.018750
0 0.384375 0.800000 0.021875 0.018750
0 0.384375 0.815625 0.021875 0.018750
0 0.317188 0.815625 0.021875 0.018750
0 0.317188 0.800000 0.021875 0.018750
0 0.270313 0.800000 0.021875 0.018750
0 0.270313 0.815625 0.021875 0.018750
0 0.214062 0.800000 0.021875 0.018750
0 0.214062 0.815625 0.021875 0.018750
0 0.176563 0.775000 0.021875 0.018750
0 0.139063 0.815625 0.021875 0.018750
0 0.092188 0.831250 0.021875 0.018750
0 0.020313 0.734375 0.021875 0.018750
1 0.650000 0.540625 0.021875 0.018750
1 0.650000 0.596875 0.021875 0.018750
0 0.520312 0.540625 0.021875 0.018750
0 0.520312 0.596875 0.021875 0.018750
0 0.439063 0.540625 0.021875 0.018750
0 0.439063 0.596875 0.021875 0.018750
0 0.350000 0.548438 0.021875 0.018750
0 0.350000 0.604688 0.021875 0.018750
0 0.214062 0.571875 0.021875 0.018750
0 0.214062 0.589063 0.021875 0.018750
0 0.214062 0.612500 0.021875 0.018750
0 0.214062 0.629687 0.021875 0.018750
1 0.650000 0.340625 0.021875 0.018750
1 0.650000 0.292187 0.021875 0.018750
0 0.520312 0.340625 0.021875 0.018750
0 0.439063 0.340625 0.021875 0.018750
0 0.350000 0.348438 0.021875 0.018750
0 0.214062 0.315625 0.021875 0.018750
0 0.214062 0.332813 0.021875 0.018750
0 0.214062 0.356250 0.021875 0.018750
0 0.214062 0.373437 0.021875 0.018750
