10 0.239063 0.018750 0.165625 0.012500
10 0.050000 0.049219 0.100000 0.032813
8 0.806250 0.100000 0.006250 0.018750
9 0.816406 0.035937 0.001563 0.071875
8 0.757812 0.076563 0.006250 0.018750
9 0.766406 0.023438 0.001563 0.046875
8 0.707812 0.067187 0.006250 0.018750
9 0.717969 0.018750 0.001563 0.037500
8 0.648438 0.059375 0.006250 0.018750
9 0.658594 0.015625 0.001563 0.031250
8 0.587500 0.084375 0.006250 0.018750
9 0.597656 0.027344 0.001563 0.054688
8 0.537500 0.059375 0.006250 0.018750
9 0.546094 0.014844 0.001563 0.029687
8 0.487500 0.051562 0.006250 0.018750
8 0.429688 0.043750 0.006250 0.018750
9 0.097656 0.031250 0.001563 0.062500
4 0.088281 0.019531 0.010937 0.039062
9 0.049219 0.027344 0.001563 0.054688
9 0.000781 0.023438 0.001563 0.046875
7 0.368750 0.015625 0.028125 0.031250
0 0.806250 0.017188 0.021875 0.018750
0 0.806250 0.073438 0.021875 0.018750
0 0.757812 0.050000 0.021875 0.018750
0 0.707812 0.042188 0.021875 0.018750
0 0.650000 0.032813 0.021875 0.018750
0 0.589063 0.005469 0.021875 0.010937
0 0.589063 0.057813 0.021875 0.018750
0 0.537500 0.032813 0.021875 0.018750
0 0.489063 0.025000 0.021875 0.018750
0 0.429688 0.017188 0.021875 0.018750
0 0.107813 0.017188 0.021875 0.018750
