10 0.740625 0.391406 0.146875 0.020313
10 0.548438 0.391406 0.146875 0.020313
10 0.356250 0.414844 0.146875 0.020313
10 0.156250 0.407031 0.146875 0.020313
10 0.620313 0.636719 0.290625 0.032813
10 0.356250 0.620313 0.146875 0.040625
10 0.132031 0.658594 0.098437 0.020313
14 0.414062 0.496094 0.050000 0.029687
14 0.798438 0.285156 0.050000 0.029687
14 0.702344 0.285156 0.048438 0.029687
14 0.606250 0.278906 0.050000 0.023438
14 0.509375 0.278906 0.050000 0.023438
14 0.414062 0.317188 0.050000 0.021875
14 0.317188 0.303906 0.050000 0.023438
14 0.215625 0.296094 0.050000 0.023438
14 0.118750 0.296094 0.050000 0.023438
14 0.010156 0.308594 0.020313 0.029687
9 0.860938 0.476562 0.003125 0.290625
9 0.057813 0.476562 0.003125 0.290625
8 0.774219 0.511719 0.004687 0.004687
9 0.764844 0.579688 0.001563 0.090625
8 0.677344 0.511719 0.004687 0.004687
9 0.667969 0.583594 0.001563 0.098437
8 0.582031 0.519531 0.004687 0.004687
9 0.572656 0.591406 0.001563 0.098437
4 0.561719 0.539062 0.010937 0.043750
4 0.561719 0.595313 0.010937 0.043750
8 0.485156 0.527344 0.004687 0.004687
9 0.475781 0.599219 0.001563 0.098437
9 0.427344 0.567969 0.001563 0.098437
2 0.414062 0.514844 0.015625 0.045312
9 0.378906 0.578906 0.001563 0.089063
8 0.292969 0.511719 0.004687 0.004687
9 0.283594 0.585156 0.001563 0.101562
8 0.189844 0.527344 0.004687 0.004687
9 0.180469 0.600781 0.001563 0.101562
8 0.094531 0.542969 0.004687 0.004687
9 0.083594 0.616406 0.001563 0.098437
9 0.813281 0.348438 0.001563 0.106250
9 0.764844 0.359375 0.001563 0.081250
9 0.716406 0.348438 0.001563 0.106250
9 0.667969 0.359375 0.001563 0.081250
9 0.619531 0.348438 0.001563 0.106250
9 0.572656 0.356250 0.001563 0.090625
9 0.524219 0.348438 0.001563 0.106250
9 0.475781 0.356250 0.001563 0.090625
4 0.464844 0.331250 0.010937 0.043750
9 0.427344 0.379688 0.001563 0.090625
9 0.378906 0.388281 0.001563 0.073438
9 0.330469 0.371875 0.001563 0.106250
9 0.283594 0.379688 0.001563 0.090625
2 0.270313 0.332031 0.015625 0.045312
9 0.228906 0.364063 0.001563 0.106250
9 0.180469 0.371875 0.001563 0.090625
9 0.132031 0.364063 0.001563 0.106250
9 0.083594 0.371875 0.001563 0.090625
9 0.008594 0.369531 0.001563 0.101562
0 0.775000 0.531250 0.021875 0.018750
0 0.678125 0.531250 0.021875 0.018750
0 0.678125 0.587500 0.021875 0.018750
0 0.582812 0.539062 0.021875 0.018750
0 0.582812 0.596875 0.021875 0.018750
0 0.485938 0.548438 0.021875 0.018750
0 0.485938 0.604688 0.021875 0.018750
0 0.437500 0.515625 0.021875 0.018750
0 0.389062 0.531250 0.021875 0.018750
0 0.293750 0.531250 0.021875 0.018750
0 0.293750 0.587500 0.021875 0.018750
0 0.190625 0.548438 0.021875 0.018750
0 0.190625 0.604688 0.021875 0.018750
0 0.093750 0.564063 0.021875 0.018750
0 0.093750 0.620313 0.021875 0.018750
0 0.823438 0.292187 0.021875 0.018750
0 0.823438 0.348438 0.021875 0.018750
0 0.775000 0.315625 0.021875 0.018750
0 0.775000 0.332813 0.021875 0.018750
0 0.726562 0.292187 0.021875 0.018750
0 0.726562 0.348438 0.021875 0.018750
0 0.678125 0.315625 0.021875 0.018750
0 0.678125 0.332813 0.021875 0.018750
0 0.629687 0.292187 0.021875 0.018750
0 0.629687 0.348438 0.021875 0.018750
0 0.582812 0.307812 0.021875 0.018750
0 0.582812 0.332813 0.021875 0.018750
0 0.534375 0.292187 0.021875 0.018750
0 0.534375 0.348438 0.021875 0.018750
0 0.485938 0.307812 0.021875 0.018750
0 0.485938 0.332813 0.021875 0.018750
0 0.437500 0.332813 0.021875 0.018750
0 0.389062 0.348438 0.021875 0.018750
0 0.340625 0.315625 0.021875 0.018750
0 0.340625 0.373437 0.021875 0.018750
0 0.293750 0.332813 0.021875 0.018750
0 0.293750 0.348438 0.021875 0.018750
0 0.239063 0.307812 0.021875 0.018750
0 0.239063 0.364063 0.021875 0.018750
0 0.190625 0.325000 0.021875 0.018750
0 0.190625 0.348438 0.021875 0.018750
0 0.142187 0.307812 0.021875 0.018750
0 0.142187 0.364063 0.021875 0.018750
0 0.093750 0.325000 0.021875 0.018750
0 0.093750 0.348438 0.021875 0.018750
0 0.018750 0.315625 0.021875 0.018750
0 0.018750 0.373437 0.021875 0.018750
