10 0.727344 0.214062 0.092188 0.012500
10 0.267188 0.217188 0.109375 0.012500
10 0.746094 0.308594 0.092188 0.007812
10 0.285938 0.310937 0.109375 0.012500
14 0.723437 0.256250 0.250000 0.025000
14 0.371094 0.256250 0.317188 0.025000
14 0.709375 0.447656 0.287500 0.039062
14 0.257812 0.464062 0.362500 0.037500
14 0.709375 0.062500 0.287500 0.037500
14 0.257812 0.064062 0.362500 0.037500
9 0.860938 0.264062 0.003125 0.228125
9 0.176563 0.264062 0.003125 0.228125
15 0.781250 0.435937 0.021875 0.003125
9 0.791406 0.359375 0.001563 0.109375
15 0.692187 0.435937 0.021875 0.003125
9 0.700781 0.359375 0.001563 0.109375
15 0.565625 0.435937 0.021875 0.003125
15 0.582031 0.329688 0.017188 0.053125
9 0.574219 0.359375 0.001563 0.109375
15 0.439063 0.435937 0.021875 0.003125
15 0.455469 0.329688 0.017188 0.053125
9 0.447656 0.359375 0.001563 0.109375
15 0.331250 0.435937 0.021875 0.003125
9 0.339844 0.360938 0.001563 0.106250
3 0.308594 0.353125 0.014063 0.040625
3 0.308594 0.409375 0.014063 0.040625
15 0.221875 0.443750 0.021875 0.003125
9 0.232031 0.367188 0.001563 0.109375
15 0.076563 0.443750 0.021875 0.003125
15 0.094531 0.337500 0.017188 0.053125
9 0.086719 0.367188 0.001563 0.109375
4 0.057031 0.368750 0.010937 0.043750
4 0.057031 0.425000 0.010937 0.043750
15 0.781250 0.084375 0.021875 0.003125
9 0.771094 0.159375 0.001563 0.109375
3 0.741406 0.110937 0.014063 0.040625
3 0.758594 0.093750 0.014063 0.040625
3 0.758594 0.150000 0.014063 0.040625
15 0.692187 0.075000 0.021875 0.003125
9 0.682031 0.153906 0.001563 0.114062
15 0.565625 0.075000 0.021875 0.003125
15 0.564844 0.181250 0.020313 0.053125
9 0.555469 0.150781 0.001563 0.107813
3 0.542969 0.085938 0.014063 0.040625
3 0.542969 0.142187 0.014063 0.040625
15 0.439063 0.092188 0.021875 0.003125
15 0.438281 0.196875 0.020313 0.053125
9 0.428906 0.167969 0.001563 0.107813
15 0.331250 0.092188 0.021875 0.003125
9 0.321094 0.167187 0.001563 0.106250
4 0.310156 0.109375 0.010937 0.043750
4 0.310156 0.167187 0.010937 0.043750
15 0.221875 0.084375 0.021875 0.003125
9 0.213281 0.159375 0.001563 0.109375
2 0.200000 0.135156 0.015625 0.045312
15 0.076563 0.084375 0.021875 0.003125
15 0.075781 0.189062 0.020313 0.053125
9 0.066406 0.158594 0.001563 0.107813
4 0.041406 0.134375 0.010937 0.043750
4 0.057031 0.101562 0.010937 0.043750
4 0.057031 0.157812 0.010937 0.043750
15 0.564063 0.269531 0.053125 0.026562
0 0.781250 0.360938 0.021875 0.018750
0 0.781250 0.417187 0.021875 0.018750
0 0.692187 0.360938 0.021875 0.018750
0 0.692187 0.417187 0.021875 0.018750
0 0.565625 0.360938 0.021875 0.018750
0 0.565625 0.417187 0.021875 0.018750
0 0.439063 0.360938 0.021875 0.018750
0 0.439063 0.417187 0.021875 0.018750
0 0.331250 0.360938 0.021875 0.018750
0 0.331250 0.417187 0.021875 0.018750
0 0.223438 0.368750 0.021875 0.018750
0 0.223438 0.425000 0.021875 0.018750
0 0.076563 0.368750 0.021875 0.018750
0 0.076563 0.425000 0.021875 0.018750
0 0.781250 0.103125 0.021875 0.018750
0 0.781250 0.118750 0.021875 0.018750
0 0.781250 0.159375 0.021875 0.018750
0 0.692187 0.095312 0.021875 0.018750
0 0.692187 0.110937 0.021875 0.018750
0 0.692187 0.151562 0.021875 0.018750
0 0.565625 0.095312 0.021875 0.018750
0 0.565625 0.110937 0.021875 0.018750
0 0.565625 0.151562 0.021875 0.018750
0 0.439063 0.110937 0.021875 0.018750
0 0.439063 0.126562 0.021875 0.018750
0 0.439063 0.167187 0.021875 0.018750
0 0.331250 0.110937 0.021875 0.018750
0 0.331250 0.126562 0.021875 0.018750
0 0.331250 0.167187 0.021875 0.018750
0 0.223438 0.103125 0.021875 0.018750
0 0.223438 0.134375 0.021875 0.018750
0 0.223438 0.159375 0.021875 0.018750
0 0.076563 0.103125 0.021875 0.018750
0 0.076563 0.134375 0.021875 0.018750
0 0.076563 0.159375 0.021875 0.018750
