10 0.875781 0.314063 0.085938 0.037500
10 0.708594 0.314063 0.085938 0.037500
10 0.539844 0.303906 0.085938 0.032813
10 0.336719 0.303906 0.085938 0.032813
10 0.147656 0.427344 0.085938 0.026562
10 0.878125 0.627344 0.128125 0.045312
10 0.709375 0.604688 0.128125 0.040625
10 0.542188 0.581250 0.128125 0.040625
10 0.337500 0.596875 0.128125 0.040625
10 0.168750 0.581250 0.128125 0.040625
10 0.032813 0.557813 0.065625 0.025000
14 0.907031 0.437500 0.185938 0.025000
9 0.443750 0.462500 0.003125 0.262500
15 0.990625 0.603125 0.018750 0.003125
8 0.950781 0.517969 0.004687 0.004687
9 0.941406 0.583594 0.001563 0.073438
8 0.908594 0.508594 0.004687 0.004687
9 0.899219 0.580469 0.001563 0.098437
15 0.825000 0.518750 0.021875 0.003125
9 0.814844 0.596094 0.001563 0.098437
8 0.782031 0.500781 0.004687 0.004687
9 0.772656 0.562500 0.001563 0.078125
8 0.739844 0.483594 0.004687 0.004687
9 0.730469 0.558594 0.001563 0.101562
15 0.656250 0.501563 0.021875 0.003125
9 0.646094 0.572656 0.001563 0.098437
8 0.614844 0.500781 0.004687 0.004687
9 0.603906 0.550000 0.001563 0.053125
8 0.572656 0.475781 0.004687 0.004687
9 0.563281 0.540625 0.001563 0.084375
3 0.550781 0.487500 0.014063 0.040625
15 0.487500 0.501563 0.021875 0.003125
9 0.478906 0.560156 0.001563 0.073438
3 0.466406 0.543750 0.014063 0.040625
8 0.410156 0.491406 0.004687 0.004687
9 0.400781 0.554688 0.001563 0.078125
8 0.367969 0.475781 0.004687 0.004687
9 0.358594 0.549219 0.001563 0.101562
4 0.347656 0.495312 0.010937 0.043750
15 0.284375 0.517188 0.021875 0.003125
9 0.274219 0.575781 0.001563 0.073438
8 0.241406 0.491406 0.004687 0.004687
9 0.232031 0.546875 0.001563 0.062500
8 0.199219 0.467969 0.004687 0.004687
9 0.189844 0.536719 0.001563 0.092188
15 0.115625 0.493750 0.021875 0.003125
9 0.105469 0.557031 0.001563 0.082812
8 0.074219 0.491406 0.004687 0.004687
9 0.064844 0.538281 0.001563 0.045312
8 0.032031 0.467969 0.004687 0.004687
9 0.022656 0.525781 0.001563 0.070312
8 0.992969 0.447656 0.004687 0.004687
4 0.972656 0.396875 0.010937 0.043750
15 0.907813 0.423438 0.021875 0.003125
9 0.917969 0.364063 0.001563 0.075000
8 0.866406 0.408594 0.004687 0.004687
9 0.875781 0.349219 0.001563 0.073438
8 0.824219 0.424219 0.004687 0.004687
9 0.833594 0.350000 0.001563 0.103125
15 0.740625 0.407813 0.021875 0.003125
9 0.750781 0.356250 0.001563 0.059375
8 0.697656 0.388281 0.004687 0.004687
9 0.708594 0.336719 0.001563 0.048438
8 0.655469 0.424219 0.004687 0.004687
9 0.666406 0.350000 0.001563 0.103125
15 0.571875 0.406250 0.021875 0.003125
9 0.582031 0.346875 0.001563 0.062500
8 0.530469 0.388281 0.004687 0.004687
9 0.539844 0.332031 0.001563 0.057813
8 0.488281 0.416406 0.004687 0.004687
9 0.497656 0.342187 0.001563 0.103125
3 0.466406 0.389062 0.014063 0.040625
3 0.466406 0.331250 0.014063 0.040625
15 0.368750 0.406250 0.021875 0.003125
9 0.377344 0.346875 0.001563 0.062500
8 0.325781 0.372656 0.004687 0.004687
9 0.335156 0.328125 0.001563 0.050000
8 0.283594 0.416406 0.004687 0.004687
9 0.294531 0.342187 0.001563 0.103125
4 0.263281 0.339062 0.010937 0.043750
4 0.263281 0.396875 0.010937 0.043750
15 0.200000 0.356250 0.021875 0.003125
9 0.189844 0.400000 0.001563 0.050000
8 0.157031 0.339844 0.004687 0.004687
9 0.147656 0.395313 0.001563 0.071875
8 0.116406 0.311719 0.004687 0.004687
9 0.105469 0.385156 0.001563 0.101562
15 0.031250 0.340625 0.021875 0.003125
9 0.022656 0.394531 0.001563 0.054688
0 0.990625 0.585938 0.018750 0.018750
0 0.951562 0.545312 0.021875 0.018750
0 0.909375 0.528125 0.021875 0.018750
0 0.825000 0.545312 0.021875 0.018750
0 0.825000 0.601562 0.021875 0.018750
0 0.782813 0.520312 0.021875 0.018750
0 0.740625 0.504687 0.021875 0.018750
0 0.656250 0.520312 0.021875 0.018750
0 0.656250 0.576562 0.021875 0.018750
0 0.614062 0.520312 0.021875 0.018750
0 0.573438 0.496875 0.021875 0.018750
0 0.489063 0.520312 0.021875 0.018750
0 0.489063 0.553125 0.021875 0.018750
0 0.410938 0.512500 0.021875 0.018750
0 0.368750 0.496875 0.021875 0.018750
0 0.284375 0.537500 0.021875 0.018750
0 0.284375 0.568750 0.021875 0.018750
0 0.242188 0.512500 0.021875 0.018750
0 0.200000 0.489063 0.021875 0.018750
0 0.115625 0.512500 0.021875 0.018750
0 0.115625 0.545312 0.021875 0.018750
0 0.075000 0.512500 0.021875 0.018750
0 0.032813 0.489063 0.021875 0.018750
0 0.990625 0.373437 0.018750 0.018750
0 0.990625 0.396875 0.018750 0.018750
0 0.990625 0.429688 0.018750 0.018750
0 0.909375 0.404687 0.021875 0.018750
0 0.867188 0.389062 0.021875 0.018750
0 0.825000 0.348438 0.021875 0.018750
0 0.825000 0.373437 0.021875 0.018750
0 0.825000 0.404687 0.021875 0.018750
0 0.740625 0.389062 0.021875 0.018750
0 0.698438 0.364063 0.021875 0.018750
0 0.656250 0.404687 0.021875 0.018750
0 0.656250 0.348438 0.021875 0.018750
0 0.656250 0.389062 0.021875 0.018750
0 0.573438 0.381250 0.021875 0.018750
0 0.531250 0.364063 0.021875 0.018750
0 0.489063 0.381250 0.021875 0.018750
0 0.489063 0.396875 0.021875 0.018750
0 0.489063 0.340625 0.021875 0.018750
0 0.368750 0.381250 0.021875 0.018750
0 0.326562 0.356250 0.021875 0.018750
0 0.284375 0.340625 0.021875 0.018750
0 0.284375 0.381250 0.021875 0.018750
0 0.284375 0.396875 0.021875 0.018750
0 0.200000 0.373437 0.021875 0.018750
0 0.157812 0.356250 0.021875 0.018750
0 0.115625 0.332813 0.021875 0.018750
0 0.115625 0.373437 0.021875 0.018750
0 0.115625 0.389062 0.021875 0.018750
0 0.032813 0.364063 0.021875 0.018750
