10 0.776563 0.425000 0.284375 0.012500
10 0.260156 0.417187 0.251563 0.012500
10 0.796875 0.525000 0.284375 0.012500
10 0.280469 0.520312 0.251563 0.012500
10 0.036719 0.516406 0.073438 0.020313
15 0.756250 0.837500 0.018750 0.025000
15 0.490625 0.837500 0.018750 0.025000
15 0.239063 0.837500 0.018750 0.025000
14 0.300000 0.828906 0.087500 0.017188
14 0.175781 0.837500 0.092188 0.012500
10 0.873437 0.778125 0.253125 0.046875
10 0.385937 0.885938 0.378125 0.053125
14 0.801562 0.928906 0.128125 0.032813
14 0.520312 0.750781 0.128125 0.032813
14 0.270313 0.766406 0.128125 0.032813
14 0.024219 0.761719 0.048438 0.010937
14 0.036719 0.489063 0.073438 0.018750
14 0.024219 0.266406 0.048438 0.010937
15 0.062500 0.996875 0.021875 0.006250
15 0.989062 0.934375 0.021875 0.015625
9 0.999219 0.827344 0.001563 0.123438
4 0.969531 0.892188 0.010937 0.043750
4 0.969531 0.835938 0.010937 0.043750
12 0.928906 0.846094 0.023438 0.060937
15 0.865625 0.937500 0.021875 0.015625
9 0.875781 0.830469 0.001563 0.117188
3 0.842969 0.826562 0.014063 0.040625
3 0.842969 0.884375 0.014063 0.040625
15 0.803125 0.925000 0.021875 0.015625
9 0.811719 0.835938 0.001563 0.121875
3 0.780469 0.892188 0.014063 0.040625
3 0.780469 0.835938 0.014063 0.040625
15 0.739062 0.950000 0.021875 0.015625
9 0.747656 0.842969 0.001563 0.126562
3 0.716406 0.843750 0.014063 0.040625
3 0.716406 0.900000 0.014063 0.040625
12 0.646094 0.846094 0.023438 0.060937
15 0.584375 0.729688 0.021875 0.015625
9 0.574219 0.830469 0.001563 0.114062
15 0.520312 0.753125 0.021875 0.015625
9 0.510156 0.835938 0.001563 0.109375
4 0.500781 0.778125 0.010937 0.043750
4 0.500781 0.835938 0.010937 0.043750
15 0.457813 0.740625 0.021875 0.015625
9 0.447656 0.842969 0.001563 0.104688
4 0.436719 0.787500 0.010937 0.043750
4 0.436719 0.843750 0.010937 0.043750
12 0.396094 0.830469 0.023438 0.060937
15 0.332813 0.745313 0.021875 0.015625
9 0.324219 0.846094 0.001563 0.110937
3 0.311719 0.778125 0.014063 0.040625
3 0.311719 0.835938 0.014063 0.040625
15 0.270313 0.770312 0.021875 0.015625
9 0.260156 0.851562 0.001563 0.106250
4 0.250781 0.851562 0.010937 0.043750
15 0.206250 0.756250 0.021875 0.015625
9 0.197656 0.857031 0.001563 0.101562
3 0.185156 0.795312 0.014063 0.040625
3 0.185156 0.851562 0.014063 0.040625
12 0.146094 0.846094 0.023438 0.060937
15 0.062500 0.745313 0.021875 0.015625
9 0.052344 0.826562 0.001563 0.106250
7 0.684375 0.851562 0.028125 0.075000
15 0.144531 0.964844 0.064062 0.039062
15 0.928125 0.664062 0.021875 0.015625
9 0.938281 0.581250 0.001563 0.109375
4 0.892969 0.614062 0.010937 0.043750
4 0.907031 0.582812 0.010937 0.043750
4 0.907031 0.639062 0.010937 0.043750
15 0.645312 0.656250 0.021875 0.015625
9 0.655469 0.575000 0.001563 0.106250
3 0.605469 0.606250 0.014063 0.040625
3 0.622656 0.567187 0.014063 0.040625
3 0.622656 0.623437 0.014063 0.040625
15 0.395313 0.656250 0.021875 0.015625
9 0.405469 0.575000 0.001563 0.106250
4 0.360156 0.606250 0.010937 0.043750
4 0.375781 0.575000 0.010937 0.043750
4 0.375781 0.631250 0.010937 0.043750
15 0.145313 0.648438 0.021875 0.015625
9 0.155469 0.569531 0.001563 0.101562
3 0.105469 0.598437 0.014063 0.040625
3 0.122656 0.557813 0.014063 0.040625
3 0.122656 0.615625 0.014063 0.040625
15 0.062500 0.640625 0.021875 0.015625
9 0.071094 0.559375 0.001563 0.106250
15 0.928125 0.298438 0.021875 0.015625
9 0.917969 0.376563 0.001563 0.100000
4 0.892969 0.356250 0.010937 0.043750
4 0.907031 0.323437 0.010937 0.043750
4 0.907031 0.379688 0.010937 0.043750
15 0.645312 0.290625 0.021875 0.015625
9 0.635156 0.370312 0.001563 0.103125
3 0.588281 0.348438 0.014063 0.040625
3 0.605469 0.331250 0.014063 0.040625
3 0.622656 0.307812 0.014063 0.040625
3 0.622656 0.364063 0.014063 0.040625
15 0.395313 0.290625 0.021875 0.015625
9 0.385156 0.368750 0.001563 0.100000
4 0.360156 0.348438 0.010937 0.043750
4 0.375781 0.315625 0.010937 0.043750
4 0.375781 0.371875 0.010937 0.043750
15 0.145313 0.282813 0.021875 0.015625
9 0.135156 0.363281 0.001563 0.104688
3 0.089844 0.340625 0.014063 0.040625
4 0.107031 0.331250 0.010937 0.043750
3 0.122656 0.300000 0.014063 0.040625
3 0.122656 0.356250 0.014063 0.040625
15 0.062500 0.250000 0.021875 0.015625
9 0.052344 0.331250 0.001563 0.106250
15 0.144531 0.457031 0.064062 0.039062
0 0.989844 0.892188 0.020313 0.018750
0 0.989844 0.835938 0.020313 0.018750
0 0.865625 0.835938 0.021875 0.018750
0 0.865625 0.892188 0.021875 0.018750
0 0.803125 0.900000 0.021875 0.018750
0 0.803125 0.843750 0.021875 0.018750
0 0.739062 0.851562 0.021875 0.018750
0 0.739062 0.907813 0.021875 0.018750
0 0.584375 0.771875 0.021875 0.018750
0 0.584375 0.828125 0.021875 0.018750
0 0.520312 0.779687 0.021875 0.018750
0 0.520312 0.835938 0.021875 0.018750
0 0.457813 0.787500 0.021875 0.018750
0 0.457813 0.843750 0.021875 0.018750
0 0.334375 0.787500 0.021875 0.018750
0 0.334375 0.843750 0.021875 0.018750
0 0.270313 0.795312 0.021875 0.018750
0 0.270313 0.851562 0.021875 0.018750
0 0.207813 0.803125 0.021875 0.018750
0 0.207813 0.859375 0.021875 0.018750
0 0.062500 0.795312 0.021875 0.018750
0 0.062500 0.810937 0.021875 0.018750
0 0.062500 0.828125 0.021875 0.018750
0 0.062500 0.771875 0.021875 0.018750
0 0.042188 0.779687 0.021875 0.018750
0 0.928125 0.582812 0.021875 0.018750
0 0.928125 0.598437 0.021875 0.018750
0 0.928125 0.615625 0.021875 0.018750
0 0.928125 0.639062 0.021875 0.018750
0 0.645312 0.575000 0.021875 0.018750
0 0.645312 0.598437 0.021875 0.018750
0 0.645312 0.615625 0.021875 0.018750
0 0.645312 0.631250 0.021875 0.018750
0 0.395313 0.575000 0.021875 0.018750
0 0.395313 0.590625 0.021875 0.018750
0 0.395313 0.607812 0.021875 0.018750
0 0.395313 0.631250 0.021875 0.018750
0 0.145313 0.567187 0.021875 0.018750
0 0.145313 0.590625 0.021875 0.018750
0 0.145313 0.607812 0.021875 0.018750
0 0.145313 0.623437 0.021875 0.018750
0 0.081250 0.590625 0.021875 0.018750
0 0.062500 0.559375 0.021875 0.018750
0 0.062500 0.598437 0.021875 0.018750
0 0.062500 0.615625 0.021875 0.018750
0 0.928125 0.325000 0.021875 0.018750
0 0.928125 0.340625 0.021875 0.018750
0 0.928125 0.356250 0.021875 0.018750
0 0.928125 0.381250 0.021875 0.018750
0 0.645312 0.315625 0.021875 0.018750
0 0.645312 0.340625 0.021875 0.018750
0 0.645312 0.356250 0.021875 0.018750
0 0.645312 0.373437 0.021875 0.018750
0 0.395313 0.315625 0.021875 0.018750
0 0.395313 0.332813 0.021875 0.018750
0 0.395313 0.348438 0.021875 0.018750
0 0.395313 0.373437 0.021875 0.018750
0 0.145313 0.307812 0.021875 0.018750
0 0.145313 0.332813 0.021875 0.018750
0 0.145313 0.348438 0.021875 0.018750
0 0.145313 0.364063 0.021875 0.018750
0 0.062500 0.300000 0.021875 0.018750
0 0.062500 0.332813 0.021875 0.018750
0 0.062500 0.276562 0.021875 0.018750
0 0.042188 0.284375 0.021875 0.018750
