14 0.800000 0.297656 0.400000 0.064062
14 0.075000 0.320312 0.150000 0.046875
9 0.944531 0.455469 0.001563 0.101562
9 0.803906 0.455469 0.001563 0.101562
9 0.697656 0.455469 0.001563 0.101562
9 0.555469 0.451562 0.001563 0.078125
9 0.457031 0.451562 0.001563 0.078125
9 0.316406 0.451562 0.001563 0.078125
9 0.219531 0.451562 0.001563 0.078125
9 0.013281 0.455469 0.001563 0.101562
15 0.974219 0.353906 0.010937 0.032813
9 0.972656 0.353906 0.014063 0.032813
9 0.944531 0.376563 0.001563 0.056250
15 0.839844 0.353906 0.010937 0.032813
9 0.838281 0.353906 0.014063 0.032813
12 0.861719 0.413281 0.017188 0.048438
9 0.874219 0.337500 0.001563 0.046875
9 0.803906 0.376563 0.001563 0.056250
15 0.727344 0.353906 0.010937 0.032813
9 0.725781 0.353906 0.014063 0.032813
9 0.753906 0.352344 0.001563 0.051562
9 0.697656 0.376563 0.001563 0.056250
15 0.592969 0.353906 0.010937 0.032813
9 0.591406 0.353906 0.014063 0.032813
12 0.614844 0.413281 0.017188 0.048438
9 0.625781 0.337500 0.001563 0.046875
9 0.555469 0.373437 0.001563 0.081250
9 0.457031 0.373437 0.001563 0.081250
12 0.374219 0.444531 0.017188 0.048438
9 0.316406 0.373437 0.001563 0.081250
15 0.127344 0.363281 0.010937 0.032813
9 0.125781 0.361719 0.014063 0.032813
9 0.219531 0.373437 0.001563 0.081250
15 0.057031 0.353906 0.010937 0.032813
9 0.055469 0.353906 0.014063 0.032813
12 0.071094 0.428906 0.017188 0.048438
9 0.083594 0.352344 0.001563 0.051562
9 0.013281 0.376563 0.001563 0.056250
1 0.934375 0.485938 0.021875 0.018750
1 0.934375 0.509375 0.021875 0.018750
1 0.867969 0.597656 0.029687 0.017188
0 0.793750 0.509375 0.021875 0.018750
0 0.793750 0.485938 0.021875 0.018750
1 0.687500 0.485938 0.021875 0.018750
1 0.687500 0.509375 0.021875 0.018750
1 0.621094 0.597656 0.029687 0.017188
0 0.546875 0.493750 0.021875 0.018750
1 0.446875 0.493750 0.021875 0.018750
1 0.380469 0.566406 0.029687 0.017188
0 0.306250 0.493750 0.021875 0.018750
1 0.210938 0.493750 0.021875 0.018750
1 0.077344 0.566406 0.029687 0.017188
0 0.007031 0.485938 0.014063 0.018750
0 0.007031 0.509375 0.014063 0.018750
0 0.964063 0.372656 0.012500 0.010937
1 0.990625 0.381250 0.018750 0.018750
1 0.934375 0.404687 0.021875 0.018750
0 0.829688 0.372656 0.012500 0.010937
1 0.864062 0.364063 0.021875 0.018750
0 0.793750 0.404687 0.021875 0.018750
0 0.717187 0.372656 0.012500 0.010937
1 0.743750 0.381250 0.021875 0.018750
1 0.687500 0.404687 0.021875 0.018750
0 0.582812 0.372656 0.012500 0.010937
1 0.617188 0.364063 0.021875 0.018750
0 0.546875 0.412500 0.021875 0.018750
0 0.546875 0.389062 0.021875 0.018750
1 0.446875 0.412500 0.021875 0.018750
1 0.446875 0.389062 0.021875 0.018750
0 0.306250 0.412500 0.021875 0.018750
0 0.306250 0.389062 0.021875 0.018750
0 0.117188 0.380469 0.012500 0.010937
1 0.210938 0.412500 0.021875 0.018750
1 0.210938 0.389062 0.021875 0.018750
1 0.147656 0.388281 0.029687 0.017188
0 0.046875 0.372656 0.012500 0.010937
0 0.073438 0.381250 0.021875 0.018750
0 0.007031 0.404687 0.014063 0.018750
