3 0.383594 0.528125 0.014063 0.040625
3 0.364844 0.553125 0.014063 0.040625
3 0.346094 0.520312 0.014063 0.040625
3 0.327344 0.543750 0.014063 0.040625
12 0.282031 0.532031 0.045312 0.057813
3 0.383594 0.340625 0.014063 0.040625
3 0.364844 0.364063 0.014063 0.040625
3 0.346094 0.331250 0.014063 0.040625
3 0.327344 0.356250 0.014063 0.040625
7 0.281250 0.366406 0.043750 0.114062
13 0.650000 0.309375 0.496875 0.090625
9 0.248438 0.450781 0.003125 0.239063
9 0.969531 0.457031 0.001563 0.089063
9 0.763281 0.457031 0.001563 0.089063
9 0.650781 0.457031 0.001563 0.089063
9 0.503906 0.457031 0.001563 0.089063
14 0.877344 0.363281 0.010937 0.032813
9 0.875781 0.361719 0.014063 0.032813
9 0.969531 0.373437 0.001563 0.081250
14 0.807031 0.353906 0.010937 0.032813
9 0.805469 0.353906 0.014063 0.032813
11 0.821094 0.428906 0.017188 0.048438
9 0.833594 0.352344 0.001563 0.051562
9 0.763281 0.373437 0.001563 0.081250
14 0.688281 0.338281 0.010937 0.032813
9 0.686719 0.338281 0.014063 0.032813
9 0.714844 0.337500 0.001563 0.046875
9 0.650781 0.373437 0.001563 0.081250
14 0.555469 0.330469 0.010937 0.032813
9 0.553906 0.330469 0.014063 0.032813
3 0.529687 0.342969 0.009375 0.023438
11 0.569531 0.413281 0.017188 0.048438
9 0.582031 0.330469 0.001563 0.045312
9 0.503906 0.373437 0.001563 0.081250
14 0.427344 0.314844 0.010937 0.032813
9 0.425781 0.313281 0.014063 0.032813
9 0.453906 0.315625 0.001563 0.040625
1 0.960938 0.504687 0.021875 0.018750
1 0.827344 0.575781 0.029687 0.017188
0 0.754687 0.504687 0.021875 0.018750
1 0.642188 0.504687 0.021875 0.018750
1 0.575781 0.575781 0.029687 0.017188
0 0.493750 0.504687 0.021875 0.018750
0 0.865625 0.380469 0.012500 0.010937
1 0.960938 0.389062 0.021875 0.018750
1 0.960938 0.412500 0.021875 0.018750
1 0.897656 0.388281 0.029687 0.017188
0 0.796875 0.372656 0.012500 0.010937
0 0.823438 0.381250 0.021875 0.018750
0 0.754687 0.389062 0.021875 0.018750
0 0.754687 0.412500 0.021875 0.018750
0 0.676562 0.357031 0.012500 0.010937
1 0.704688 0.364063 0.021875 0.018750
1 0.642188 0.389062 0.021875 0.018750
1 0.642188 0.412500 0.021875 0.018750
0 0.543750 0.347656 0.012500 0.010937
1 0.571875 0.356250 0.021875 0.018750
0 0.493750 0.389062 0.021875 0.018750
0 0.493750 0.412500 0.021875 0.018750
0 0.417187 0.332031 0.012500 0.010937
1 0.445312 0.340625 0.021875 0.018750
