3 0.383594 0.517188 0.014063 0.040625
3 0.364844 0.542188 0.014063 0.040625
3 0.346094 0.509375 0.014063 0.040625
3 0.327344 0.534375 0.014063 0.040625
12 0.282031 0.521094 0.045312 0.057813
3 0.383594 0.340625 0.014063 0.040625
3 0.364844 0.364063 0.014063 0.040625
3 0.346094 0.331250 0.014063 0.040625
3 0.327344 0.356250 0.014063 0.040625
7 0.281250 0.366406 0.043750 0.114062
13 0.444531 0.339844 0.082812 0.042188
9 0.248438 0.445312 0.003125 0.228125
9 0.871094 0.451562 0.001563 0.078125
9 0.778906 0.451562 0.001563 0.078125
9 0.647656 0.451562 0.001563 0.078125
9 0.555469 0.451562 0.001563 0.078125
9 0.982031 0.330469 0.001563 0.045312
11 0.924219 0.428906 0.017188 0.048438
11 0.923438 0.367188 0.015625 0.028125
9 0.871094 0.373437 0.001563 0.081250
9 0.778906 0.373437 0.001563 0.081250
11 0.700781 0.444531 0.017188 0.048438
9 0.647656 0.373437 0.001563 0.081250
14 0.463281 0.363281 0.010937 0.032813
9 0.461719 0.361719 0.014063 0.032813
9 0.555469 0.373437 0.001563 0.081250
1 0.930469 0.566406 0.029687 0.017188
0 0.860938 0.493750 0.021875 0.018750
1 0.768750 0.493750 0.021875 0.018750
1 0.707031 0.566406 0.029687 0.017188
0 0.637500 0.493750 0.021875 0.018750
1 0.546875 0.493750 0.021875 0.018750
0 0.973437 0.356250 0.021875 0.018750
0 0.860938 0.389062 0.021875 0.018750
0 0.860938 0.412500 0.021875 0.018750
1 0.768750 0.389062 0.021875 0.018750
1 0.768750 0.412500 0.021875 0.018750
0 0.637500 0.389062 0.021875 0.018750
0 0.637500 0.412500 0.021875 0.018750
0 0.451562 0.380469 0.012500 0.010937
1 0.546875 0.389062 0.021875 0.018750
1 0.546875 0.412500 0.021875 0.018750
1 0.483594 0.388281 0.029687 0.017188
