10 0.735156 0.189062 0.151562 0.040625
10 0.399219 0.189062 0.151562 0.040625
10 0.062500 0.067187 0.125000 0.040625
10 0.755469 0.276562 0.151562 0.025000
14 0.667188 0.378125 0.287500 0.025000
14 0.329688 0.378125 0.287500 0.025000
14 0.522656 0.254688 0.617188 0.062500
14 0.732031 0.089063 0.179688 0.040625
14 0.660937 0.135937 0.021875 0.009375
14 0.394531 0.089063 0.179688 0.040625
14 0.323437 0.135937 0.021875 0.009375
14 0.057813 0.163281 0.115625 0.060937
14 0.410938 0.009375 0.821875 0.018750
9 0.860938 0.169531 0.003125 0.339062
9 0.154688 0.169531 0.003125 0.339062
9 0.830469 0.296094 0.001563 0.045312
9 0.680469 0.289062 0.001563 0.040625
9 0.542969 0.278125 0.001563 0.046875
9 0.205469 0.292969 0.001563 0.051562
4 0.175781 0.320312 0.010937 0.043750
9 0.810156 0.142969 0.001563 0.085938
9 0.760156 0.150000 0.001563 0.084375
4 0.750781 0.104688 0.010937 0.043750
9 0.710156 0.160938 0.001563 0.075000
9 0.660156 0.181250 0.001563 0.050000
9 0.630469 0.124219 0.001563 0.051562
12 0.531250 0.131250 0.015625 0.028125
8 0.550000 0.120313 0.006250 0.006250
9 0.474219 0.142969 0.001563 0.085938
9 0.424219 0.157812 0.001563 0.068750
9 0.374219 0.168750 0.001563 0.059375
4 0.363281 0.135937 0.010937 0.043750
9 0.324219 0.181250 0.001563 0.050000
9 0.292969 0.124219 0.001563 0.051562
12 0.193750 0.131250 0.015625 0.028125
8 0.212500 0.120313 0.006250 0.006250
9 0.124219 0.076563 0.001563 0.050000
2 0.090625 0.103906 0.015625 0.045312
9 0.074219 0.087500 0.001563 0.059375
9 0.024219 0.100000 0.001563 0.068750
0 0.820312 0.321875 0.021875 0.018750
0 0.670312 0.314063 0.021875 0.018750
0 0.534375 0.304688 0.021875 0.018750
1 0.196875 0.321875 0.021875 0.018750
0 0.820312 0.096875 0.021875 0.018750
0 0.770312 0.104688 0.021875 0.018750
0 0.720313 0.120313 0.021875 0.018750
0 0.670312 0.153125 0.021875 0.018750
0 0.620313 0.153125 0.021875 0.018750
0 0.484375 0.096875 0.021875 0.018750
0 0.434375 0.120313 0.021875 0.018750
0 0.384375 0.137500 0.021875 0.018750
0 0.334375 0.153125 0.021875 0.018750
0 0.284375 0.153125 0.021875 0.018750
0 0.114062 0.104688 0.021875 0.018750
0 0.064062 0.120313 0.021875 0.018750
0 0.014063 0.137500 0.021875 0.018750
