10 0.720313 0.132812 0.153125 0.040625
10 0.332813 0.254688 0.153125 0.040625
10 0.034375 0.254688 0.068750 0.040625
14 0.913281 0.428125 0.173437 0.025000
14 0.605469 0.427344 0.239063 0.023438
14 0.913281 0.025000 0.173437 0.025000
14 0.605469 0.025781 0.239063 0.023438
14 0.748437 0.420312 0.503125 0.050000
14 0.965625 0.208594 0.021875 0.010937
14 0.685937 0.227344 0.203125 0.060937
14 0.610156 0.242969 0.051562 0.010937
14 0.328125 0.153125 0.181250 0.040625
14 0.256250 0.201563 0.021875 0.009375
14 0.039062 0.153125 0.078125 0.040625
14 0.735938 0.006250 0.203125 0.012500
14 0.748437 0.046875 0.503125 0.050000
9 0.460938 0.194531 0.003125 0.389062
9 0.985156 0.346094 0.001563 0.045312
9 0.847656 0.335938 0.001563 0.050000
9 0.507031 0.350000 0.001563 0.053125
12 0.264844 0.355469 0.017188 0.048438
9 0.966406 0.250781 0.001563 0.045312
9 0.935156 0.196094 0.001563 0.051562
12 0.834375 0.196875 0.015625 0.028125
8 0.854688 0.185938 0.006250 0.006250
9 0.796094 0.142187 0.001563 0.050000
9 0.746094 0.157031 0.001563 0.067187
9 0.696094 0.167969 0.001563 0.076563
9 0.644531 0.180469 0.001563 0.085938
9 0.594531 0.196094 0.001563 0.051562
12 0.493750 0.196875 0.015625 0.028125
8 0.514062 0.185938 0.006250 0.006250
9 0.408594 0.207031 0.001563 0.085938
9 0.358594 0.217969 0.001563 0.076563
9 0.307031 0.230469 0.001563 0.067187
9 0.257031 0.245312 0.001563 0.050000
9 0.225781 0.188281 0.001563 0.051562
12 0.125000 0.196875 0.015625 0.028125
8 0.145313 0.185938 0.006250 0.006250
9 0.067969 0.207031 0.001563 0.085938
9 0.017969 0.217969 0.001563 0.076563
0 0.976562 0.371875 0.021875 0.018750
0 0.837500 0.364063 0.021875 0.018750
1 0.496875 0.379688 0.021875 0.018750
0 0.976562 0.226562 0.021875 0.018750
0 0.925000 0.226562 0.021875 0.018750
0 0.787500 0.170313 0.021875 0.018750
0 0.737500 0.193750 0.021875 0.018750
0 0.685937 0.209375 0.021875 0.018750
0 0.635938 0.226562 0.021875 0.018750
0 0.584375 0.226562 0.021875 0.018750
0 0.418750 0.160938 0.021875 0.018750
0 0.368750 0.178125 0.021875 0.018750
0 0.317188 0.193750 0.021875 0.018750
0 0.267188 0.218750 0.021875 0.018750
0 0.217188 0.218750 0.021875 0.018750
0 0.078125 0.160938 0.021875 0.018750
0 0.028125 0.178125 0.021875 0.018750
0 0.496875 0.005469 0.021875 0.010937
0 0.267188 0.005469 0.021875 0.010937
