15 0.639062 0.151562 0.018750 0.025000
15 0.282813 0.151562 0.018750 0.025000
14 0.356250 0.157812 0.112500 0.012500
14 0.211719 0.157812 0.107813 0.012500
10 0.464062 0.151562 0.065625 0.009375
10 0.638281 0.130469 0.229687 0.007812
10 0.350000 0.130469 0.115625 0.007812
10 0.653125 0.310937 0.259375 0.025000
14 0.468750 0.408594 0.587500 0.029687
14 0.385937 0.402344 0.771875 0.051562
14 0.585938 0.216406 0.318750 0.032813
14 0.385937 0.017969 0.771875 0.035937
9 0.860938 0.184375 0.003125 0.368750
9 0.782031 0.332813 0.001563 0.050000
9 0.524219 0.325781 0.001563 0.045312
9 0.178906 0.315625 0.001563 0.050000
9 0.753906 0.153125 0.001563 0.053125
9 0.638281 0.157031 0.001563 0.060937
9 0.496094 0.160938 0.001563 0.025000
9 0.464844 0.167187 0.001563 0.031250
9 0.432031 0.171094 0.001563 0.035937
9 0.524219 0.153125 0.001563 0.053125
9 0.407031 0.153125 0.001563 0.053125
9 0.292969 0.153125 0.001563 0.053125
12 0.165625 0.153125 0.015625 0.028125
9 0.064844 0.153125 0.001563 0.053125
15 0.514844 0.263281 0.048438 0.039062
0 0.771875 0.359375 0.021875 0.018750
0 0.515625 0.351562 0.021875 0.018750
0 0.168750 0.343750 0.021875 0.018750
0 0.743750 0.184375 0.021875 0.018750
0 0.629687 0.192188 0.021875 0.018750
0 0.490625 0.175781 0.012500 0.010937
0 0.457813 0.183594 0.012500 0.010937
0 0.426563 0.191406 0.012500 0.010937
0 0.515625 0.184375 0.021875 0.018750
0 0.396875 0.184375 0.021875 0.018750
0 0.282813 0.184375 0.021875 0.018750
0 0.054688 0.184375 0.021875 0.018750
