3 0.358594 0.737500 0.014063 0.040625
13 0.311719 0.737500 0.045312 0.065625
3 0.358594 0.517188 0.014063 0.040625
7 0.310937 0.527344 0.043750 0.114062
3 0.358594 0.906250 0.014063 0.040625
13 0.311719 0.894531 0.045312 0.057813
3 0.358594 0.356250 0.014063 0.040625
7 0.310937 0.366406 0.043750 0.114062
10 0.961719 0.585938 0.076563 0.040625
10 0.817187 0.547656 0.121875 0.020313
10 0.668750 0.475781 0.125000 0.020313
10 0.517969 0.516406 0.085938 0.020313
14 0.738281 0.487500 0.523438 0.068750
9 0.279687 0.632031 0.003125 0.601562
15 0.427344 0.969531 0.048438 0.039062
3 0.399219 0.745313 0.014063 0.040625
4 0.407031 0.712500 0.010937 0.043750
9 0.961719 0.550781 0.001563 0.076563
9 0.924219 0.551562 0.001563 0.062500
2 0.910937 0.517969 0.015625 0.045312
9 0.875781 0.527344 0.001563 0.060937
9 0.838281 0.531250 0.001563 0.053125
4 0.827344 0.501563 0.010937 0.043750
9 0.794531 0.527344 0.001563 0.060937
9 0.757031 0.524219 0.001563 0.070312
3 0.744531 0.476562 0.014063 0.040625
9 0.730469 0.494531 0.001563 0.057813
9 0.691406 0.490625 0.001563 0.050000
3 0.660156 0.509375 0.014063 0.040625
9 0.646094 0.506250 0.001563 0.081250
9 0.607031 0.502344 0.001563 0.073438
3 0.574219 0.534375 0.014063 0.040625
9 0.560156 0.535156 0.001563 0.057813
9 0.522656 0.531250 0.001563 0.050000
3 0.489844 0.550000 0.014063 0.040625
9 0.475781 0.546875 0.001563 0.081250
3 0.444531 0.582812 0.014063 0.040625
3 0.405469 0.307812 0.014063 0.040625
15 0.427344 0.435156 0.048438 0.039062
1 0.432031 0.914844 0.029687 0.017188
1 0.432031 0.713281 0.029687 0.017188
1 0.432031 0.752344 0.029687 0.017188
0 0.971875 0.509375 0.021875 0.018750
0 0.934375 0.518750 0.021875 0.018750
0 0.885938 0.493750 0.021875 0.018750
0 0.848437 0.501563 0.021875 0.018750
0 0.804688 0.493750 0.021875 0.018750
0 0.767188 0.485938 0.021875 0.018750
0 0.720313 0.526563 0.021875 0.018750
0 0.682813 0.518750 0.021875 0.018750
0 0.635938 0.550000 0.021875 0.018750
0 0.596875 0.542188 0.021875 0.018750
0 0.551562 0.567187 0.021875 0.018750
0 0.512500 0.557813 0.021875 0.018750
0 0.467187 0.590625 0.021875 0.018750
1 0.432031 0.314844 0.029687 0.017188
