3 0.358594 0.075000 0.014063 0.040625
12 0.311719 0.075000 0.045312 0.065625
3 0.358594 0.270313 0.014063 0.040625
7 0.310937 0.280469 0.043750 0.114062
13 0.821875 0.351562 0.337500 0.025000
13 0.821875 0.148438 0.337500 0.025000
13 0.662500 0.234375 0.481250 0.040625
13 0.590625 0.128125 0.337500 0.034375
9 0.279687 0.156250 0.003125 0.312500
9 0.894531 0.298438 0.001563 0.050000
9 0.750781 0.291406 0.001563 0.051562
9 0.557031 0.306250 0.001563 0.046875
4 0.547656 0.278125 0.010937 0.043750
9 0.413281 0.298438 0.001563 0.050000
9 0.769531 0.063281 0.001563 0.051562
9 0.432031 0.070312 0.001563 0.053125
2 0.400000 0.099219 0.015625 0.045312
0 0.904687 0.271875 0.021875 0.018750
0 0.760938 0.264062 0.021875 0.018750
0 0.567187 0.279687 0.021875 0.018750
0 0.423438 0.271875 0.021875 0.018750
1 0.760938 0.092188 0.021875 0.018750
1 0.423438 0.100000 0.021875 0.018750
