3 0.358594 0.137500 0.014063 0.040625
13 0.311719 0.137500 0.045312 0.065625
3 0.358594 0.328125 0.014063 0.040625
7 0.310937 0.338281 0.043750 0.114062
14 0.469531 0.300000 0.114062 0.025000
14 0.530469 0.025781 0.135937 0.020313
9 0.279687 0.185156 0.003125 0.370312
9 0.878125 0.185156 0.003125 0.370312
11 0.912500 0.331250 0.018750 0.009375
11 0.668750 0.331250 0.018750 0.009375
9 0.516406 0.356250 0.001563 0.050000
9 0.402344 0.349219 0.001563 0.051562
13 0.853125 0.328125 0.031250 0.037500
9 0.996094 0.156250 0.001563 0.053125
3 0.963281 0.178125 0.014063 0.040625
12 0.911719 0.138281 0.017188 0.048438
11 0.668750 0.132812 0.018750 0.009375
9 0.422656 0.149219 0.001563 0.085938
8 0.597656 0.005469 0.004687 0.004687
8 0.463281 0.005469 0.004687 0.004687
0 0.526563 0.328125 0.021875 0.018750
0 0.412500 0.320312 0.021875 0.018750
1 0.985938 0.185938 0.021875 0.018750
1 0.412500 0.162500 0.021875 0.018750
1 0.412500 0.195312 0.021875 0.018750
