10 0.765625 0.670312 0.140625 0.040625
10 0.414062 0.670312 0.140625 0.040625
10 0.043750 0.792188 0.087500 0.040625
15 0.756250 0.570312 0.018750 0.025000
15 0.573438 0.570312 0.018750 0.025000
14 0.616406 0.576562 0.051562 0.012500
14 0.531250 0.576562 0.046875 0.012500
15 0.406250 0.570312 0.018750 0.025000
15 0.223438 0.570312 0.018750 0.025000
14 0.266406 0.576562 0.051562 0.012500
14 0.181250 0.576562 0.046875 0.012500
15 0.028125 0.570312 0.018750 0.025000
10 0.757812 0.525781 0.125000 0.007812
10 0.610156 0.525781 0.054688 0.007812
10 0.406250 0.525781 0.125000 0.007812
10 0.258594 0.521094 0.054688 0.007812
10 0.045312 0.521094 0.090625 0.007812
14 0.427344 0.973437 0.517188 0.046875
14 0.732031 0.764062 0.185938 0.059375
14 0.662500 0.780469 0.046875 0.010937
14 0.382031 0.764062 0.185938 0.059375
14 0.312500 0.780469 0.046875 0.010937
14 0.048438 0.691406 0.096875 0.039062
14 0.692187 0.636719 0.237500 0.026562
14 0.340625 0.636719 0.237500 0.026562
14 0.040625 0.646094 0.081250 0.026562
14 0.777344 0.337500 0.148438 0.043750
14 0.768750 0.388281 0.165625 0.010937
14 0.252344 0.342187 0.167187 0.028125
9 0.860938 0.628906 0.003125 0.595313
9 0.132812 0.628906 0.003125 0.595313
9 0.696094 0.910937 0.001563 0.053125
9 0.178906 0.903125 0.001563 0.053125
9 0.833594 0.679688 0.001563 0.050000
9 0.788281 0.694531 0.001563 0.067187
9 0.741406 0.705469 0.001563 0.076563
9 0.696094 0.717969 0.001563 0.085938
9 0.649219 0.733594 0.001563 0.051562
12 0.517188 0.734375 0.015625 0.028125
8 0.535937 0.723437 0.006250 0.006250
9 0.483594 0.679688 0.001563 0.050000
9 0.436719 0.694531 0.001563 0.067187
9 0.391406 0.705469 0.001563 0.076563
9 0.344531 0.717969 0.001563 0.085938
9 0.299219 0.733594 0.001563 0.051562
12 0.165625 0.734375 0.015625 0.028125
8 0.185938 0.723437 0.006250 0.006250
9 0.085156 0.744531 0.001563 0.085938
9 0.039844 0.755469 0.001563 0.076563
8 0.808594 0.613281 0.004687 0.004687
9 0.819531 0.557031 0.001563 0.070312
8 0.747656 0.613281 0.004687 0.004687
9 0.757031 0.557031 0.001563 0.070312
8 0.685156 0.613281 0.004687 0.004687
9 0.696094 0.557031 0.001563 0.070312
8 0.625781 0.613281 0.004687 0.004687
9 0.636719 0.557031 0.001563 0.070312
8 0.572656 0.613281 0.004687 0.004687
9 0.583594 0.557031 0.001563 0.070312
12 0.517188 0.571875 0.015625 0.028125
8 0.458594 0.613281 0.004687 0.004687
9 0.467969 0.557031 0.001563 0.070312
8 0.396094 0.613281 0.004687 0.004687
9 0.407031 0.557031 0.001563 0.070312
8 0.335156 0.613281 0.004687 0.004687
9 0.344531 0.557031 0.001563 0.070312
8 0.275781 0.613281 0.004687 0.004687
9 0.285156 0.553906 0.001563 0.073438
8 0.222656 0.613281 0.004687 0.004687
9 0.232031 0.553906 0.001563 0.073438
12 0.165625 0.571875 0.015625 0.028125
8 0.080469 0.621094 0.004687 0.004687
9 0.089844 0.557813 0.001563 0.081250
8 0.017969 0.621094 0.004687 0.004687
9 0.028906 0.557813 0.001563 0.081250
9 0.696094 0.345313 0.001563 0.050000
9 0.344531 0.345313 0.001563 0.050000
9 0.158594 0.390625 0.001563 0.046875
9 0.039844 0.389844 0.001563 0.045312
0 0.685937 0.940625 0.021875 0.018750
1 0.168750 0.932813 0.021875 0.018750
0 0.825000 0.707812 0.021875 0.018750
0 0.778125 0.731250 0.021875 0.018750
0 0.732812 0.746875 0.021875 0.018750
0 0.685937 0.764062 0.021875 0.018750
0 0.640625 0.764062 0.021875 0.018750
0 0.473438 0.707812 0.021875 0.018750
0 0.428125 0.731250 0.021875 0.018750
0 0.381250 0.746875 0.021875 0.018750
0 0.335938 0.764062 0.021875 0.018750
0 0.289062 0.764062 0.021875 0.018750
0 0.095312 0.698438 0.021875 0.018750
0 0.050000 0.715625 0.021875 0.018750
0 0.007031 0.739062 0.014063 0.018750
0 0.809375 0.578125 0.021875 0.018750
0 0.809375 0.593750 0.021875 0.018750
0 0.748437 0.578125 0.021875 0.018750
0 0.748437 0.593750 0.021875 0.018750
0 0.685937 0.578125 0.021875 0.018750
0 0.685937 0.593750 0.021875 0.018750
0 0.626563 0.578125 0.021875 0.018750
0 0.626563 0.593750 0.021875 0.018750
0 0.573438 0.578125 0.021875 0.018750
0 0.573438 0.593750 0.021875 0.018750
0 0.459375 0.578125 0.021875 0.018750
0 0.459375 0.593750 0.021875 0.018750
0 0.396875 0.578125 0.021875 0.018750
0 0.396875 0.593750 0.021875 0.018750
0 0.335938 0.578125 0.021875 0.018750
0 0.335938 0.593750 0.021875 0.018750
0 0.276562 0.570312 0.021875 0.018750
0 0.276562 0.593750 0.021875 0.018750
0 0.223438 0.570312 0.021875 0.018750
0 0.223438 0.593750 0.021875 0.018750
0 0.079687 0.570312 0.021875 0.018750
0 0.079687 0.601562 0.021875 0.018750
0 0.018750 0.570312 0.021875 0.018750
0 0.018750 0.601562 0.021875 0.018750
0 0.685937 0.373437 0.021875 0.018750
1 0.335938 0.373437 0.021875 0.018750
0 0.168750 0.364063 0.021875 0.018750
0 0.050000 0.364063 0.021875 0.018750
