10 0.721875 0.045312 0.140625 0.040625
10 0.325000 0.167187 0.140625 0.040625
10 0.032031 0.045312 0.064062 0.040625
14 0.735156 0.348438 0.517188 0.046875
14 0.132812 0.328906 0.265625 0.051562
14 0.970313 0.155469 0.046875 0.010937
14 0.689844 0.139063 0.185938 0.059375
14 0.620313 0.155469 0.046875 0.010937
14 0.322656 0.066406 0.164062 0.039062
14 0.257031 0.114062 0.017188 0.009375
14 0.940625 0.012500 0.118750 0.025000
14 0.648438 0.012500 0.237500 0.025000
14 0.270313 0.021094 0.237500 0.026562
9 0.440625 0.150781 0.003125 0.301563
9 0.486719 0.278125 0.001563 0.053125
9 0.274219 0.248438 0.001563 0.050000
9 0.108594 0.297656 0.001563 0.060937
9 0.957031 0.108594 0.001563 0.051562
12 0.825000 0.109375 0.015625 0.028125
8 0.843750 0.098437 0.006250 0.006250
9 0.791406 0.054688 0.001563 0.050000
9 0.744531 0.069531 0.001563 0.067187
9 0.699219 0.080469 0.001563 0.076563
9 0.652344 0.092969 0.001563 0.085938
9 0.607031 0.108594 0.001563 0.051562
12 0.473438 0.109375 0.015625 0.028125
8 0.493750 0.098437 0.006250 0.006250
9 0.392969 0.119531 0.001563 0.085938
9 0.347656 0.130469 0.001563 0.076563
9 0.300781 0.146875 0.001563 0.059375
9 0.255469 0.157812 0.001563 0.050000
9 0.228906 0.100781 0.001563 0.051562
12 0.095312 0.109375 0.015625 0.028125
8 0.115625 0.098437 0.006250 0.006250
9 0.061719 0.054688 0.001563 0.050000
9 0.016406 0.069531 0.001563 0.067187
0 0.991406 0.315625 0.017188 0.018750
1 0.476562 0.307812 0.021875 0.018750
0 0.265625 0.276562 0.021875 0.018750
0 0.098437 0.332813 0.021875 0.018750
0 0.991406 0.139063 0.017188 0.018750
0 0.948438 0.139063 0.021875 0.018750
0 0.781250 0.082812 0.021875 0.018750
0 0.735938 0.106250 0.021875 0.018750
0 0.689063 0.121875 0.021875 0.018750
0 0.643750 0.139063 0.021875 0.018750
0 0.596875 0.139063 0.021875 0.018750
0 0.403125 0.073438 0.021875 0.018750
0 0.357812 0.090625 0.021875 0.018750
0 0.310937 0.114062 0.021875 0.018750
0 0.265625 0.131250 0.021875 0.018750
0 0.218750 0.131250 0.021875 0.018750
0 0.053125 0.082812 0.021875 0.018750
0 0.008594 0.106250 0.017188 0.018750
