10 0.904687 0.567969 0.190625 0.035937
10 0.602344 0.532031 0.251563 0.020313
10 0.244531 0.564844 0.251563 0.020313
14 0.742969 0.885938 0.514062 0.034375
14 0.064062 0.801562 0.128125 0.021875
14 0.742969 0.723437 0.514062 0.034375
14 0.500000 0.476562 1.000000 0.081250
14 0.655469 0.293750 0.332813 0.021875
14 0.243750 0.285938 0.487500 0.034375
9 0.496094 0.829688 0.001563 0.050000
3 0.464844 0.848437 0.014063 0.040625
8 0.419531 0.803906 0.004687 0.004687
15 0.417969 0.860156 0.017188 0.064062
9 0.410156 0.858594 0.001563 0.060937
3 0.397656 0.815625 0.014063 0.040625
15 0.128906 0.854688 0.020313 0.053125
9 0.119531 0.853906 0.001563 0.051562
15 0.486719 0.919531 0.048438 0.039062
9 0.496094 0.667188 0.001563 0.050000
3 0.464844 0.687500 0.014063 0.040625
12 0.127344 0.686719 0.017188 0.048438
15 0.486719 0.758594 0.048438 0.039062
9 0.977344 0.548438 0.001563 0.056250
9 0.894531 0.538281 0.001563 0.067187
9 0.810156 0.539062 0.001563 0.053125
4 0.800781 0.509375 0.010937 0.043750
9 0.727344 0.510156 0.001563 0.060937
9 0.644531 0.515625 0.001563 0.053125
9 0.560156 0.510156 0.001563 0.060937
3 0.547656 0.468750 0.014063 0.040625
9 0.477344 0.507031 0.001563 0.070312
9 0.369531 0.539844 0.001563 0.070312
3 0.357031 0.493750 0.014063 0.040625
9 0.285156 0.535937 0.001563 0.078125
9 0.202344 0.546875 0.001563 0.053125
3 0.189844 0.509375 0.014063 0.040625
9 0.119531 0.542969 0.001563 0.060937
3 0.107031 0.501563 0.014063 0.040625
9 0.055469 0.502344 0.001563 0.057813
3 0.022656 0.525000 0.014063 0.040625
15 0.819531 0.346875 0.020313 0.053125
9 0.810156 0.344531 0.001563 0.051562
9 0.477344 0.345313 0.001563 0.053125
1 0.487500 0.857812 0.021875 0.018750
0 0.420312 0.825000 0.021875 0.018750
0 0.129688 0.825000 0.021875 0.018750
1 0.487500 0.695312 0.021875 0.018750
0 0.987500 0.518750 0.021875 0.018750
0 0.904687 0.501563 0.021875 0.018750
0 0.820312 0.509375 0.021875 0.018750
0 0.737500 0.478125 0.021875 0.018750
0 0.654687 0.485938 0.021875 0.018750
0 0.570312 0.478125 0.021875 0.018750
0 0.487500 0.470313 0.021875 0.018750
0 0.379688 0.501563 0.021875 0.018750
0 0.295312 0.493750 0.021875 0.018750
0 0.212500 0.518750 0.021875 0.018750
0 0.129688 0.509375 0.021875 0.018750
0 0.045312 0.534375 0.021875 0.018750
0 0.820312 0.315625 0.021875 0.018750
0 0.487500 0.315625 0.021875 0.018750
