10 0.638281 0.730469 0.189062 0.020313
10 0.369531 0.814844 0.189062 0.020313
10 0.121094 0.794531 0.189062 0.020313
14 0.888281 0.843750 0.176563 0.021875
14 0.888281 0.598437 0.176563 0.021875
14 0.888281 0.437500 0.176563 0.021875
14 0.365625 0.681250 0.731250 0.056250
14 0.409375 0.622656 0.250000 0.035937
14 0.409375 0.432031 0.250000 0.026562
9 0.773438 0.649219 0.003125 0.635938
11 0.984375 0.929688 0.018750 0.009375
9 0.819531 0.929688 0.001563 0.081250
8 0.533594 0.992969 0.004687 0.004687
9 0.544531 0.929688 0.001563 0.081250
8 0.285156 0.992969 0.004687 0.004687
9 0.294531 0.929688 0.001563 0.081250
12 0.035156 0.933594 0.017188 0.048438
11 0.984375 0.767188 0.018750 0.009375
9 0.819531 0.775000 0.001563 0.053125
9 0.730469 0.753125 0.001563 0.065625
9 0.667969 0.745313 0.001563 0.050000
9 0.605469 0.753125 0.001563 0.065625
9 0.544531 0.749219 0.001563 0.057813
9 0.461719 0.800000 0.001563 0.050000
9 0.399219 0.788281 0.001563 0.073438
9 0.338281 0.800000 0.001563 0.050000
9 0.275781 0.796094 0.001563 0.057813
9 0.213281 0.778125 0.001563 0.053125
9 0.150781 0.769531 0.001563 0.070312
9 0.088281 0.778125 0.001563 0.053125
9 0.027344 0.772656 0.001563 0.060937
11 0.984375 0.521875 0.018750 0.009375
9 0.819531 0.543750 0.001563 0.053125
8 0.533594 0.592969 0.004687 0.004687
9 0.544531 0.543750 0.001563 0.053125
8 0.285156 0.610156 0.004687 0.004687
9 0.294531 0.557031 0.001563 0.060937
12 0.035156 0.525781 0.017188 0.048438
11 0.984375 0.359375 0.018750 0.009375
9 0.819531 0.379688 0.001563 0.093750
8 0.533594 0.408594 0.004687 0.004687
9 0.544531 0.359375 0.001563 0.053125
8 0.285156 0.408594 0.004687 0.004687
9 0.294531 0.359375 0.001563 0.053125
4 0.264844 0.387500 0.010937 0.043750
12 0.035156 0.364844 0.017188 0.048438
1 0.810937 0.942187 0.021875 0.018750
1 0.810937 0.973437 0.021875 0.018750
0 0.534375 0.942187 0.021875 0.018750
0 0.534375 0.973437 0.021875 0.018750
0 0.285938 0.942187 0.021875 0.018750
0 0.285938 0.973437 0.021875 0.018750
1 0.810937 0.804688 0.021875 0.018750
0 0.721875 0.789062 0.021875 0.018750
0 0.659375 0.771875 0.021875 0.018750
0 0.596875 0.789062 0.021875 0.018750
0 0.534375 0.779687 0.021875 0.018750
0 0.471875 0.771875 0.021875 0.018750
0 0.409375 0.748437 0.021875 0.018750
0 0.348438 0.771875 0.021875 0.018750
0 0.285938 0.764062 0.021875 0.018750
0 0.223438 0.748437 0.021875 0.018750
0 0.160938 0.731250 0.021875 0.018750
0 0.098437 0.748437 0.021875 0.018750
0 0.037500 0.740625 0.021875 0.018750
1 0.810937 0.575000 0.021875 0.018750
0 0.534375 0.575000 0.021875 0.018750
0 0.285938 0.590625 0.021875 0.018750
1 0.810937 0.389062 0.021875 0.018750
1 0.810937 0.429688 0.021875 0.018750
0 0.534375 0.389062 0.021875 0.018750
0 0.285938 0.389062 0.021875 0.018750
