10 0.888281 0.075781 0.129688 0.020313
10 0.721875 0.108594 0.131250 0.020313
10 0.588281 0.027344 0.085938 0.020313
14 0.772656 0.031250 0.454688 0.062500
9 0.445312 0.130469 0.003125 0.260937
3 0.467969 0.226562 0.014063 0.040625
15 0.489844 0.299219 0.048438 0.039062
9 0.988281 0.087500 0.001563 0.053125
4 0.978906 0.057813 0.010937 0.043750
9 0.950781 0.057031 0.001563 0.057813
9 0.913281 0.060937 0.001563 0.050000
9 0.875781 0.057031 0.001563 0.057813
3 0.863281 0.018750 0.014063 0.037500
9 0.824219 0.053125 0.001563 0.065625
9 0.786719 0.085938 0.001563 0.065625
3 0.774219 0.040625 0.014063 0.040625
9 0.739844 0.080469 0.001563 0.073438
3 0.727344 0.032813 0.014063 0.040625
9 0.702344 0.093750 0.001563 0.050000
3 0.689844 0.057813 0.014063 0.040625
9 0.657031 0.089844 0.001563 0.057813
3 0.644531 0.050000 0.014063 0.040625
9 0.628906 0.047656 0.001563 0.060937
3 0.597656 0.073438 0.014063 0.040625
9 0.583594 0.043750 0.001563 0.053125
9 0.546094 0.060156 0.001563 0.085938
3 0.513281 0.098437 0.014063 0.040625
1 0.494531 0.235156 0.029687 0.017188
0 0.993750 0.057813 0.012500 0.018750
0 0.960938 0.025000 0.021875 0.018750
0 0.923438 0.034375 0.021875 0.018750
0 0.885938 0.025000 0.021875 0.018750
0 0.834375 0.017188 0.021875 0.018750
0 0.796875 0.050000 0.021875 0.018750
0 0.750000 0.042188 0.021875 0.018750
0 0.712500 0.065625 0.021875 0.018750
0 0.667188 0.057813 0.021875 0.018750
0 0.620313 0.082812 0.021875 0.018750
0 0.573438 0.073438 0.021875 0.018750
0 0.535937 0.106250 0.021875 0.018750
