10 0.217969 0.410938 0.260937 0.012500
10 0.721875 0.670312 0.140625 0.040625
10 0.325000 0.792188 0.140625 0.040625
10 0.032031 0.670312 0.064062 0.040625
15 0.881250 0.570312 0.018750 0.025000
14 0.924219 0.576562 0.051562 0.012500
14 0.839063 0.576562 0.046875 0.012500
15 0.714063 0.570312 0.018750 0.025000
15 0.531250 0.570312 0.018750 0.025000
14 0.574219 0.576562 0.051562 0.012500
14 0.489063 0.576562 0.046875 0.012500
15 0.335938 0.570312 0.018750 0.025000
15 0.153125 0.570312 0.018750 0.025000
14 0.196094 0.576562 0.051562 0.012500
14 0.110937 0.576562 0.046875 0.012500
10 0.917969 0.525781 0.054688 0.007812
10 0.714063 0.525781 0.125000 0.007812
10 0.566406 0.521094 0.054688 0.007812
10 0.335938 0.521094 0.125000 0.007812
10 0.188281 0.521094 0.054688 0.007812
14 0.735156 0.973437 0.517188 0.046875
14 0.132812 0.953906 0.265625 0.051562
14 0.970313 0.780469 0.046875 0.010937
14 0.689844 0.764062 0.185938 0.059375
14 0.620313 0.780469 0.046875 0.010937
14 0.322656 0.691406 0.164062 0.039062
14 0.257031 0.739062 0.017188 0.009375
14 0.940625 0.636719 0.118750 0.026562
14 0.648438 0.636719 0.237500 0.026562
14 0.270313 0.646094 0.237500 0.026562
14 0.560156 0.342187 0.167187 0.028125
14 0.050000 0.332813 0.100000 0.015625
14 0.178906 0.317969 0.357812 0.054688
9 0.440625 0.628906 0.003125 0.595313
9 0.486719 0.903125 0.001563 0.053125
9 0.274219 0.873437 0.001563 0.050000
9 0.108594 0.922656 0.001563 0.060937
9 0.957031 0.733594 0.001563 0.051562
12 0.825000 0.734375 0.015625 0.028125
8 0.843750 0.723437 0.006250 0.006250
9 0.791406 0.679688 0.001563 0.050000
9 0.744531 0.694531 0.001563 0.067187
9 0.699219 0.705469 0.001563 0.076563
9 0.652344 0.717969 0.001563 0.085938
9 0.607031 0.733594 0.001563 0.051562
12 0.473438 0.734375 0.015625 0.028125
8 0.493750 0.723437 0.006250 0.006250
9 0.392969 0.744531 0.001563 0.085938
9 0.347656 0.755469 0.001563 0.076563
9 0.300781 0.771875 0.001563 0.059375
9 0.255469 0.782813 0.001563 0.050000
9 0.228906 0.725781 0.001563 0.051562
12 0.095312 0.734375 0.015625 0.028125
8 0.115625 0.723437 0.006250 0.006250
9 0.061719 0.679688 0.001563 0.050000
9 0.016406 0.694531 0.001563 0.067187
8 0.992969 0.613281 0.004687 0.004687
8 0.933594 0.613281 0.004687 0.004687
9 0.944531 0.557031 0.001563 0.070312
8 0.880469 0.613281 0.004687 0.004687
9 0.891406 0.557031 0.001563 0.070312
12 0.825000 0.571875 0.015625 0.028125
8 0.766406 0.613281 0.004687 0.004687
9 0.775781 0.557031 0.001563 0.070312
8 0.703906 0.613281 0.004687 0.004687
9 0.714844 0.557031 0.001563 0.070312
8 0.642969 0.613281 0.004687 0.004687
9 0.652344 0.557031 0.001563 0.070312
8 0.583594 0.613281 0.004687 0.004687
9 0.592969 0.553906 0.001563 0.073438
8 0.530469 0.613281 0.004687 0.004687
9 0.539844 0.553906 0.001563 0.073438
12 0.473438 0.571875 0.015625 0.028125
8 0.388281 0.621094 0.004687 0.004687
9 0.397656 0.557813 0.001563 0.081250
8 0.325781 0.621094 0.004687 0.004687
9 0.336719 0.557813 0.001563 0.081250
8 0.264844 0.621094 0.004687 0.004687
9 0.274219 0.557813 0.001563 0.081250
8 0.205469 0.621094 0.004687 0.004687
9 0.214844 0.557813 0.001563 0.081250
8 0.152344 0.621094 0.004687 0.004687
9 0.161719 0.557813 0.001563 0.081250
12 0.095312 0.571875 0.015625 0.028125
9 0.652344 0.345313 0.001563 0.050000
9 0.466406 0.390625 0.001563 0.046875
9 0.347656 0.389844 0.001563 0.045312
9 0.255469 0.382031 0.001563 0.060937
9 0.169531 0.384375 0.001563 0.050000
2 0.156250 0.355469 0.015625 0.045312
9 0.088281 0.384375 0.001563 0.050000
0 0.991406 0.940625 0.017188 0.018750
1 0.476562 0.932813 0.021875 0.018750
0 0.265625 0.901563 0.021875 0.018750
0 0.098437 0.957812 0.021875 0.018750
0 0.991406 0.764062 0.017188 0.018750
0 0.948438 0.764062 0.021875 0.018750
0 0.781250 0.707812 0.021875 0.018750
0 0.735938 0.731250 0.021875 0.018750
0 0.689063 0.746875 0.021875 0.018750
0 0.643750 0.764062 0.021875 0.018750
0 0.596875 0.764062 0.021875 0.018750
0 0.403125 0.698438 0.021875 0.018750
0 0.357812 0.715625 0.021875 0.018750
0 0.310937 0.739062 0.021875 0.018750
0 0.265625 0.756250 0.021875 0.018750
0 0.218750 0.756250 0.021875 0.018750
0 0.053125 0.707812 0.021875 0.018750
0 0.008594 0.731250 0.017188 0.018750
0 0.991406 0.578125 0.017188 0.018750
0 0.991406 0.593750 0.017188 0.018750
0 0.934375 0.578125 0.021875 0.018750
0 0.934375 0.593750 0.021875 0.018750
0 0.881250 0.578125 0.021875 0.018750
0 0.881250 0.593750 0.021875 0.018750
0 0.767188 0.578125 0.021875 0.018750
0 0.767188 0.593750 0.021875 0.018750
0 0.704688 0.578125 0.021875 0.018750
0 0.704688 0.593750 0.021875 0.018750
0 0.643750 0.578125 0.021875 0.018750
0 0.643750 0.593750 0.021875 0.018750
0 0.584375 0.570312 0.021875 0.018750
0 0.584375 0.593750 0.021875 0.018750
0 0.531250 0.570312 0.021875 0.018750
0 0.531250 0.593750 0.021875 0.018750
0 0.387500 0.570312 0.021875 0.018750
0 0.387500 0.601562 0.021875 0.018750
0 0.326562 0.570312 0.021875 0.018750
0 0.326562 0.601562 0.021875 0.018750
0 0.265625 0.570312 0.021875 0.018750
0 0.265625 0.601562 0.021875 0.018750
0 0.206250 0.570312 0.021875 0.018750
0 0.206250 0.601562 0.021875 0.018750
0 0.151562 0.570312 0.021875 0.018750
0 0.151562 0.601562 0.021875 0.018750
0 0.991406 0.373437 0.017188 0.018750
1 0.643750 0.373437 0.021875 0.018750
0 0.476562 0.364063 0.021875 0.018750
0 0.357812 0.364063 0.021875 0.018750
0 0.265625 0.348438 0.021875 0.018750
0 0.179688 0.356250 0.021875 0.018750
0 0.098437 0.356250 0.021875 0.018750
