10 0.653125 0.080469 0.246875 0.020313
10 0.306250 0.157031 0.246875 0.020313
10 0.039844 0.141406 0.079687 0.020313
14 0.523438 0.234375 0.659375 0.034375
14 0.387500 0.067187 0.775000 0.078125
9 0.860938 0.157031 0.003125 0.314063
9 0.183594 0.292969 0.001563 0.051562
3 0.171094 0.254688 0.014063 0.040625
8 0.128906 0.303906 0.004687 0.004687
15 0.146094 0.253125 0.017188 0.062500
9 0.138281 0.254688 0.001563 0.059375
4 0.108594 0.287500 0.010937 0.043750
15 0.192969 0.350781 0.048438 0.039062
9 0.774219 0.113281 0.001563 0.085938
3 0.742969 0.150000 0.014063 0.040625
9 0.692969 0.105469 0.001563 0.070312
3 0.660156 0.134375 0.014063 0.040625
9 0.611719 0.096875 0.001563 0.053125
9 0.530469 0.100781 0.001563 0.060937
4 0.500781 0.134375 0.010937 0.043750
9 0.428906 0.135156 0.001563 0.060937
9 0.347656 0.140625 0.001563 0.053125
9 0.266406 0.135156 0.001563 0.060937
3 0.253906 0.093750 0.014063 0.040625
9 0.183594 0.132031 0.001563 0.070312
3 0.171094 0.085938 0.014063 0.040625
9 0.078906 0.116406 0.001563 0.070312
3 0.066406 0.070312 0.014063 0.040625
7 0.140625 0.126562 0.028125 0.075000
15 0.192969 0.007031 0.048438 0.014063
1 0.193750 0.264062 0.021875 0.018750
0 0.129688 0.287500 0.021875 0.018750
0 0.765625 0.159375 0.021875 0.018750
0 0.682813 0.142187 0.021875 0.018750
0 0.601562 0.126562 0.021875 0.018750
0 0.520312 0.134375 0.021875 0.018750
0 0.439063 0.103125 0.021875 0.018750
0 0.357812 0.110937 0.021875 0.018750
0 0.276562 0.103125 0.021875 0.018750
0 0.193750 0.093750 0.021875 0.018750
0 0.089063 0.078125 0.021875 0.018750
0 0.008594 0.070312 0.017188 0.018750
