10 0.546875 0.125000 0.065625 0.025000
10 0.189844 0.114844 0.135937 0.045312
10 0.546875 0.310156 0.065625 0.007812
14 0.953125 0.217188 0.093750 0.065625
14 0.951562 0.233594 0.090625 0.010937
14 0.139063 0.098437 0.234375 0.034375
14 0.067969 0.127344 0.092188 0.010937
14 0.667969 0.022656 0.201563 0.045312
14 0.599219 0.030469 0.064062 0.010937
9 0.459375 0.194531 0.003125 0.389062
11 0.812500 0.351562 0.018750 0.009375
12 0.628906 0.355469 0.017188 0.048438
8 0.567969 0.407031 0.004687 0.004687
9 0.577344 0.345313 0.001563 0.078125
8 0.503906 0.414844 0.004687 0.004687
9 0.514844 0.349219 0.001563 0.085938
11 0.110937 0.351562 0.018750 0.009375
15 0.566406 0.450781 0.032813 0.039062
15 0.503906 0.450781 0.032813 0.039062
15 0.924219 0.187500 0.017188 0.053125
9 0.916406 0.187500 0.001563 0.053125
12 0.810937 0.164062 0.015625 0.028125
12 0.628906 0.160156 0.017188 0.048438
8 0.567969 0.236719 0.004687 0.004687
9 0.577344 0.164844 0.001563 0.098437
8 0.503906 0.236719 0.004687 0.004687
9 0.514844 0.173437 0.001563 0.081250
12 0.288281 0.160156 0.017188 0.048438
9 0.255469 0.159375 0.001563 0.078125
9 0.211719 0.147656 0.001563 0.070312
9 0.166406 0.135937 0.001563 0.062500
9 0.122656 0.117969 0.001563 0.045312
15 0.021094 0.175000 0.020313 0.053125
9 0.011719 0.172656 0.001563 0.051562
3 0.003125 0.135937 0.006250 0.040625
15 0.905469 0.275781 0.029687 0.026562
15 0.566406 0.271094 0.032813 0.039062
15 0.503906 0.271094 0.032813 0.039062
15 0.021094 0.260156 0.029687 0.026562
4 0.660156 0.009375 0.010937 0.018750
15 0.567187 0.077344 0.050000 0.039062
0 0.568750 0.364063 0.021875 0.018750
0 0.568750 0.387500 0.021875 0.018750
0 0.504687 0.364063 0.021875 0.018750
0 0.504687 0.395313 0.021875 0.018750
0 0.992969 0.217188 0.014063 0.018750
0 0.907813 0.217188 0.021875 0.018750
0 0.568750 0.168750 0.021875 0.018750
0 0.568750 0.217188 0.021875 0.018750
0 0.504687 0.217188 0.021875 0.018750
0 0.246875 0.201563 0.021875 0.018750
0 0.201563 0.185938 0.021875 0.018750
0 0.157812 0.168750 0.021875 0.018750
0 0.112500 0.145313 0.021875 0.018750
0 0.021875 0.145313 0.021875 0.018750
0 0.679688 0.003906 0.021875 0.007812
0 0.631250 0.014063 0.021875 0.018750
0 0.568750 0.014063 0.021875 0.018750
0 0.068750 0.003906 0.021875 0.007812
