10 0.720313 0.643750 0.153125 0.040625
10 0.351562 0.643750 0.153125 0.040625
10 0.043750 0.671875 0.087500 0.040625
13 0.913281 0.938281 0.173437 0.023438
13 0.957031 0.777344 0.085938 0.023438
13 0.913281 0.598437 0.173437 0.025000
13 0.913281 0.437500 0.173437 0.025000
13 0.907031 0.938281 0.139063 0.029687
13 0.133594 0.943750 0.267188 0.050000
13 0.962500 0.738281 0.075000 0.060937
13 0.950781 0.753906 0.051562 0.010937
13 0.685937 0.738281 0.203125 0.060937
13 0.610156 0.753906 0.051562 0.010937
13 0.317188 0.738281 0.203125 0.060937
13 0.241406 0.753906 0.051562 0.010937
13 0.039062 0.761719 0.078125 0.064062
13 0.907031 0.564844 0.139063 0.029687
13 0.382812 0.569531 0.231250 0.017188
13 0.735938 0.313281 0.203125 0.017188
13 0.642188 0.324219 0.715625 0.070312
13 0.382812 0.394531 0.231250 0.017188
14 0.460938 0.615625 0.003125 0.568750
9 0.985156 0.876563 0.001563 0.053125
9 0.847656 0.892188 0.001563 0.053125
9 0.507031 0.892188 0.001563 0.053125
9 0.275781 0.884375 0.001563 0.053125
9 0.985156 0.691406 0.001563 0.085938
9 0.935156 0.708594 0.001563 0.051562
11 0.834375 0.707812 0.015625 0.028125
8 0.854688 0.696875 0.006250 0.006250
9 0.796094 0.653125 0.001563 0.050000
9 0.746094 0.664062 0.001563 0.059375
9 0.696094 0.680469 0.001563 0.076563
9 0.644531 0.691406 0.001563 0.085938
9 0.594531 0.708594 0.001563 0.051562
11 0.493750 0.707812 0.015625 0.028125
8 0.514062 0.696875 0.006250 0.006250
9 0.428906 0.653125 0.001563 0.050000
9 0.377344 0.667969 0.001563 0.067187
9 0.327344 0.680469 0.001563 0.076563
9 0.275781 0.691406 0.001563 0.085938
9 0.225781 0.708594 0.001563 0.051562
11 0.125000 0.707812 0.015625 0.028125
8 0.145313 0.696875 0.006250 0.006250
9 0.088281 0.678906 0.001563 0.045312
9 0.036719 0.689844 0.001563 0.054688
9 0.985156 0.506250 0.001563 0.050000
9 0.847656 0.520312 0.001563 0.053125
9 0.507031 0.520312 0.001563 0.053125
9 0.275781 0.520312 0.001563 0.053125
9 0.966406 0.368750 0.001563 0.050000
9 0.827344 0.360938 0.001563 0.053125
9 0.625781 0.360938 0.001563 0.053125
9 0.507031 0.345313 0.001563 0.050000
9 0.275781 0.345313 0.001563 0.050000
0 0.976562 0.906250 0.021875 0.018750
0 0.837500 0.923438 0.021875 0.018750
1 0.496875 0.923438 0.021875 0.018750
0 0.267188 0.915625 0.021875 0.018750
0 0.976562 0.737500 0.021875 0.018750
0 0.925000 0.737500 0.021875 0.018750
0 0.787500 0.681250 0.021875 0.018750
0 0.735938 0.696875 0.021875 0.018750
0 0.685937 0.721875 0.021875 0.018750
0 0.635938 0.737500 0.021875 0.018750
0 0.584375 0.737500 0.021875 0.018750
0 0.418750 0.681250 0.021875 0.018750
0 0.368750 0.704688 0.021875 0.018750
0 0.317188 0.721875 0.021875 0.018750
0 0.267188 0.737500 0.021875 0.018750
0 0.217188 0.737500 0.021875 0.018750
0 0.078125 0.704688 0.021875 0.018750
0 0.028125 0.721875 0.021875 0.018750
0 0.976562 0.534375 0.021875 0.018750
0 0.837500 0.550000 0.021875 0.018750
1 0.496875 0.550000 0.021875 0.018750
0 0.267188 0.550000 0.021875 0.018750
0 0.976562 0.340625 0.021875 0.018750
0 0.837500 0.332813 0.021875 0.018750
0 0.635938 0.332813 0.021875 0.018750
0 0.496875 0.373437 0.021875 0.018750
0 0.267188 0.373437 0.021875 0.018750
