10 0.736719 0.116406 0.114062 0.035937
10 0.580469 0.075781 0.129688 0.020313
10 0.414062 0.108594 0.131250 0.020313
10 0.280469 0.027344 0.085938 0.020313
14 0.520312 0.031250 0.565625 0.062500
9 0.860938 0.130469 0.003125 0.260937
9 0.137500 0.130469 0.003125 0.260937
3 0.160156 0.226562 0.014063 0.040625
15 0.182031 0.299219 0.048438 0.039062
9 0.792969 0.107031 0.001563 0.045312
9 0.755469 0.096875 0.001563 0.056250
9 0.717969 0.086719 0.001563 0.067187
9 0.680469 0.087500 0.001563 0.053125
4 0.671094 0.057813 0.010937 0.043750
9 0.642969 0.057031 0.001563 0.057813
9 0.605469 0.060937 0.001563 0.050000
9 0.567969 0.057031 0.001563 0.057813
3 0.555469 0.018750 0.014063 0.037500
9 0.516406 0.053125 0.001563 0.065625
9 0.478906 0.085938 0.001563 0.065625
3 0.466406 0.040625 0.014063 0.040625
9 0.432031 0.080469 0.001563 0.073438
3 0.419531 0.032813 0.014063 0.040625
9 0.394531 0.093750 0.001563 0.050000
3 0.382031 0.057813 0.014063 0.040625
9 0.349219 0.089844 0.001563 0.057813
3 0.336719 0.050000 0.014063 0.040625
9 0.321094 0.047656 0.001563 0.060937
3 0.289844 0.073438 0.014063 0.040625
9 0.275781 0.043750 0.001563 0.053125
9 0.238281 0.060156 0.001563 0.085938
3 0.205469 0.098437 0.014063 0.040625
1 0.186719 0.235156 0.029687 0.017188
0 0.803125 0.082812 0.021875 0.018750
0 0.765625 0.065625 0.021875 0.018750
0 0.728125 0.050000 0.021875 0.018750
0 0.690625 0.057813 0.021875 0.018750
0 0.653125 0.025000 0.021875 0.018750
0 0.615625 0.034375 0.021875 0.018750
0 0.578125 0.025000 0.021875 0.018750
0 0.526563 0.017188 0.021875 0.018750
0 0.489063 0.050000 0.021875 0.018750
0 0.442188 0.042188 0.021875 0.018750
0 0.404687 0.065625 0.021875 0.018750
0 0.359375 0.057813 0.021875 0.018750
0 0.312500 0.082812 0.021875 0.018750
0 0.265625 0.073438 0.021875 0.018750
0 0.228125 0.106250 0.021875 0.018750
