15 0.946875 0.776563 0.018750 0.025000
15 0.590625 0.776563 0.018750 0.025000
14 0.664062 0.782813 0.112500 0.012500
14 0.519531 0.782813 0.107813 0.012500
15 0.257812 0.776563 0.018750 0.025000
10 0.771875 0.776563 0.065625 0.009375
10 0.915625 0.755469 0.168750 0.007812
10 0.657813 0.755469 0.115625 0.007812
10 0.082812 0.776563 0.065625 0.009375
10 0.258594 0.755469 0.229687 0.007812
10 0.915625 0.535937 0.168750 0.025000
10 0.915625 0.935937 0.168750 0.025000
14 0.732812 0.603906 0.534375 0.029687
14 0.050781 0.604688 0.101562 0.025000
14 0.732812 0.436719 0.534375 0.029687
14 0.867188 0.841406 0.265625 0.032813
14 0.204687 0.841406 0.318750 0.032813
14 0.306250 0.585938 0.343750 0.021875
14 0.500000 0.635156 1.000000 0.051562
14 0.911719 0.309375 0.176563 0.021875
14 0.746875 0.329688 0.506250 0.090625
9 0.832031 0.950781 0.001563 0.045312
9 0.486719 0.940625 0.001563 0.050000
9 0.946094 0.782031 0.001563 0.060937
9 0.803906 0.785937 0.001563 0.025000
9 0.772656 0.792188 0.001563 0.031250
9 0.739844 0.796094 0.001563 0.035937
9 0.832031 0.778125 0.001563 0.053125
9 0.714844 0.778125 0.001563 0.053125
9 0.600781 0.778125 0.001563 0.053125
12 0.473438 0.778125 0.015625 0.028125
9 0.372656 0.778125 0.001563 0.053125
9 0.258594 0.782031 0.001563 0.060937
9 0.114844 0.785937 0.001563 0.025000
9 0.083594 0.792188 0.001563 0.031250
9 0.050781 0.796094 0.001563 0.035937
9 0.144531 0.778125 0.001563 0.053125
9 0.025781 0.778125 0.001563 0.053125
15 0.822656 0.888281 0.048438 0.039062
15 0.133594 0.888281 0.048438 0.039062
9 0.832031 0.548438 0.001563 0.040625
9 0.486719 0.534375 0.001563 0.053125
9 0.144531 0.534375 0.001563 0.053125
3 0.111719 0.556250 0.014063 0.040625
15 0.133594 0.685156 0.048438 0.039062
9 0.813281 0.360938 0.001563 0.053125
9 0.486719 0.359375 0.001563 0.053125
0 0.823438 0.976562 0.021875 0.018750
0 0.476562 0.968750 0.021875 0.018750
0 0.937500 0.817187 0.021875 0.018750
0 0.798438 0.800781 0.012500 0.010937
0 0.765625 0.808594 0.012500 0.010937
0 0.734375 0.816406 0.012500 0.010937
0 0.823438 0.809375 0.021875 0.018750
0 0.704688 0.809375 0.021875 0.018750
0 0.590625 0.809375 0.021875 0.018750
0 0.362500 0.809375 0.021875 0.018750
0 0.248438 0.817187 0.021875 0.018750
0 0.109375 0.800781 0.012500 0.010937
0 0.076563 0.808594 0.012500 0.010937
0 0.045312 0.816406 0.012500 0.010937
0 0.134375 0.809375 0.021875 0.018750
0 0.015625 0.809375 0.021875 0.018750
0 0.823438 0.571875 0.021875 0.018750
0 0.476562 0.564063 0.021875 0.018750
0 0.134375 0.564063 0.021875 0.018750
0 0.823438 0.332813 0.021875 0.018750
0 0.476562 0.389062 0.021875 0.018750
