10 0.638281 0.105469 0.189062 0.020313
10 0.369531 0.189844 0.189062 0.020313
10 0.121094 0.169531 0.189062 0.020313
14 0.888281 0.381250 0.176563 0.021875
14 0.888281 0.218750 0.176563 0.021875
14 0.409375 0.392969 0.250000 0.026562
14 0.365625 0.056250 0.731250 0.056250
14 0.409375 0.007812 0.250000 0.015625
9 0.773438 0.171094 0.003125 0.342187
11 0.984375 0.304688 0.018750 0.009375
9 0.819531 0.304688 0.001563 0.081250
8 0.533594 0.367969 0.004687 0.004687
9 0.544531 0.304688 0.001563 0.081250
8 0.285156 0.367969 0.004687 0.004687
9 0.294531 0.304688 0.001563 0.081250
12 0.035156 0.308594 0.017188 0.048438
11 0.984375 0.142187 0.018750 0.009375
9 0.819531 0.150000 0.001563 0.053125
9 0.730469 0.128125 0.001563 0.065625
9 0.667969 0.120313 0.001563 0.050000
9 0.605469 0.128125 0.001563 0.065625
9 0.544531 0.124219 0.001563 0.057813
9 0.461719 0.175000 0.001563 0.050000
9 0.399219 0.163281 0.001563 0.073438
9 0.338281 0.175000 0.001563 0.050000
9 0.275781 0.171094 0.001563 0.057813
9 0.213281 0.153125 0.001563 0.053125
9 0.150781 0.144531 0.001563 0.070312
9 0.088281 0.153125 0.001563 0.053125
9 0.027344 0.147656 0.001563 0.060937
1 0.810937 0.317188 0.021875 0.018750
1 0.810937 0.348438 0.021875 0.018750
0 0.534375 0.317188 0.021875 0.018750
0 0.534375 0.348438 0.021875 0.018750
0 0.285938 0.317188 0.021875 0.018750
0 0.285938 0.348438 0.021875 0.018750
1 0.810937 0.179688 0.021875 0.018750
0 0.721875 0.164062 0.021875 0.018750
0 0.659375 0.146875 0.021875 0.018750
0 0.596875 0.164062 0.021875 0.018750
0 0.534375 0.154688 0.021875 0.018750
0 0.471875 0.146875 0.021875 0.018750
0 0.409375 0.123438 0.021875 0.018750
0 0.348438 0.146875 0.021875 0.018750
0 0.285938 0.139063 0.021875 0.018750
0 0.223438 0.123438 0.021875 0.018750
0 0.160938 0.106250 0.021875 0.018750
0 0.098437 0.123438 0.021875 0.018750
0 0.037500 0.115625 0.021875 0.018750
