3 0.358594 0.067187 0.014063 0.040625
13 0.311719 0.067187 0.045312 0.065625
3 0.358594 0.239063 0.014063 0.040625
13 0.311719 0.227344 0.045312 0.057813
9 0.279687 0.132031 0.003125 0.264062
12 0.929688 0.234375 0.015625 0.028125
12 0.747656 0.230469 0.017188 0.048438
9 0.422656 0.217969 0.001563 0.051562
12 0.929688 0.068750 0.015625 0.028125
12 0.747656 0.066406 0.017188 0.048438
9 0.402344 0.087500 0.001563 0.050000
1 0.412500 0.248438 0.021875 0.018750
1 0.412500 0.059375 0.021875 0.018750
