3 0.357031 0.109375 0.014063 0.040625
7 0.310937 0.119531 0.043750 0.114062
3 0.357031 0.287500 0.014063 0.040625
13 0.311719 0.275781 0.045312 0.057813
10 0.882812 0.141406 0.234375 0.020313
10 0.603125 0.167969 0.165625 0.035937
14 0.599219 0.310156 0.354687 0.023438
14 0.399219 0.303125 0.045312 0.009375
14 0.765625 0.067187 0.468750 0.078125
14 0.399219 0.142187 0.045312 0.009375
9 0.279687 0.157031 0.003125 0.314063
15 0.792969 0.257812 0.017188 0.053125
9 0.785156 0.259375 0.001563 0.053125
9 0.430469 0.260937 0.001563 0.050000
3 0.996094 0.070312 0.007812 0.040625
9 0.928906 0.112500 0.001563 0.078125
6 0.911719 0.061719 0.026562 0.039062
9 0.847656 0.123438 0.001563 0.053125
3 0.835156 0.085938 0.014063 0.040625
9 0.766406 0.119531 0.001563 0.060937
3 0.753906 0.078125 0.014063 0.040625
9 0.685156 0.140625 0.001563 0.053125
3 0.672656 0.101562 0.014063 0.040625
9 0.603906 0.139844 0.001563 0.070312
3 0.591406 0.093750 0.014063 0.040625
9 0.521094 0.160156 0.001563 0.045312
3 0.508594 0.126562 0.014063 0.040625
9 0.430469 0.097656 0.001563 0.051562
13 0.475781 0.117969 0.032813 0.042188
0 0.776563 0.287500 0.021875 0.018750
0 0.420312 0.287500 0.021875 0.018750
0 0.939063 0.070312 0.021875 0.018750
0 0.857812 0.093750 0.021875 0.018750
0 0.776563 0.085938 0.021875 0.018750
0 0.695312 0.110937 0.021875 0.018750
0 0.614062 0.103125 0.021875 0.018750
0 0.531250 0.134375 0.021875 0.018750
0 0.420312 0.126562 0.021875 0.018750
