10 0.942969 0.733594 0.079687 0.020313
10 0.691406 0.794531 0.129688 0.020313
10 0.553125 0.730469 0.093750 0.020313
10 0.288281 0.799219 0.107813 0.035937
10 0.144531 0.761719 0.110937 0.020313
10 0.028125 0.794531 0.056250 0.020313
14 0.235156 0.828906 0.207813 0.023438
4 0.858594 0.320312 0.007812 0.028125
15 0.857812 0.352344 0.034375 0.026562
14 0.925781 0.978906 0.148438 0.014063
14 0.543750 0.979688 0.184375 0.015625
14 0.172656 0.963281 0.142187 0.014063
14 0.050000 0.964063 0.100000 0.018750
14 0.753906 0.690625 0.492188 0.050000
14 0.175000 0.701562 0.350000 0.068750
14 0.929688 0.556250 0.125000 0.012500
14 0.929688 0.600000 0.125000 0.012500
14 0.543750 0.584375 0.184375 0.015625
14 0.172656 0.567969 0.142187 0.014063
14 0.050000 0.571094 0.100000 0.020313
14 0.543750 0.304688 0.184375 0.015625
14 0.172656 0.313281 0.142187 0.014063
14 0.050000 0.310156 0.100000 0.020313
9 0.407813 0.654687 0.003125 0.646875
9 0.861719 0.932031 0.001563 0.051562
4 0.832031 0.959375 0.010937 0.043750
8 0.782031 0.986719 0.004687 0.004687
15 0.799219 0.925000 0.017188 0.062500
9 0.791406 0.926562 0.001563 0.059375
15 0.653906 0.929688 0.017188 0.053125
9 0.646094 0.931250 0.001563 0.053125
9 0.461719 0.932031 0.001563 0.051562
8 0.367969 0.967969 0.004687 0.004687
15 0.385156 0.909375 0.017188 0.062500
9 0.377344 0.910937 0.001563 0.059375
15 0.261719 0.914062 0.017188 0.053125
9 0.253906 0.914062 0.001563 0.053125
9 0.110156 0.917188 0.001563 0.046875
9 0.996094 0.796094 0.001563 0.057813
9 0.980469 0.753906 0.001563 0.060937
9 0.946094 0.750000 0.001563 0.053125
4 0.916406 0.779687 0.010937 0.043750
9 0.903906 0.762500 0.001563 0.078125
4 0.872656 0.804688 0.010937 0.043750
9 0.753906 0.765625 0.001563 0.078125
3 0.741406 0.715625 0.014063 0.040625
9 0.708594 0.761719 0.001563 0.085938
3 0.696094 0.707812 0.014063 0.040625
9 0.672656 0.778125 0.001563 0.053125
3 0.660156 0.740625 0.014063 0.040625
9 0.627344 0.774219 0.001563 0.060937
3 0.614844 0.731250 0.014063 0.040625
9 0.600781 0.749219 0.001563 0.057813
3 0.567969 0.771875 0.014063 0.040625
9 0.553906 0.745313 0.001563 0.050000
3 0.522656 0.764062 0.014063 0.040625
9 0.507031 0.760938 0.001563 0.081250
3 0.475781 0.796875 0.014063 0.040625
9 0.339844 0.789844 0.001563 0.045312
9 0.305469 0.779687 0.001563 0.056250
9 0.269531 0.767969 0.001563 0.067187
9 0.235156 0.770312 0.001563 0.053125
4 0.224219 0.740625 0.010937 0.043750
9 0.199219 0.741406 0.001563 0.060937
9 0.164844 0.745313 0.001563 0.053125
9 0.128906 0.741406 0.001563 0.060937
9 0.089844 0.738281 0.001563 0.070312
9 0.055469 0.769531 0.001563 0.070312
9 0.019531 0.765625 0.001563 0.078125
3 0.007031 0.715625 0.014063 0.040625
15 0.892969 0.858594 0.032813 0.039062
15 0.497656 0.858594 0.032813 0.039062
15 0.099219 0.858594 0.048438 0.039062
9 0.861719 0.548438 0.001563 0.078125
3 0.821094 0.582812 0.014063 0.040625
4 0.832031 0.565625 0.010937 0.043750
8 0.782031 0.585156 0.004687 0.004687
15 0.799219 0.531250 0.017188 0.062500
9 0.791406 0.532813 0.001563 0.059375
15 0.653906 0.535937 0.017188 0.053125
9 0.646094 0.537500 0.001563 0.053125
9 0.461719 0.535937 0.001563 0.053125
3 0.430469 0.557813 0.014063 0.040625
8 0.367969 0.567969 0.004687 0.004687
15 0.385156 0.506250 0.017188 0.062500
9 0.377344 0.509375 0.001563 0.059375
3 0.346094 0.534375 0.014063 0.040625
15 0.261719 0.518750 0.017188 0.053125
9 0.253906 0.520312 0.001563 0.053125
9 0.110156 0.520312 0.001563 0.053125
15 0.850781 0.630469 0.032813 0.039062
15 0.450781 0.630469 0.032813 0.039062
9 0.841406 0.362500 0.001563 0.053125
8 0.782031 0.408594 0.004687 0.004687
15 0.799219 0.353125 0.017188 0.062500
9 0.791406 0.356250 0.001563 0.059375
15 0.636719 0.354687 0.020313 0.053125
9 0.627344 0.352344 0.001563 0.051562
9 0.442969 0.353125 0.001563 0.053125
3 0.430469 0.315625 0.014063 0.040625
8 0.367969 0.407031 0.004687 0.004687
15 0.385156 0.345313 0.017188 0.062500
9 0.377344 0.346875 0.001563 0.059375
3 0.346094 0.371875 0.014063 0.040625
15 0.244531 0.362500 0.020313 0.053125
9 0.235156 0.360156 0.001563 0.051562
9 0.089844 0.360938 0.001563 0.053125
15 0.850781 0.435156 0.032813 0.039062
15 0.450781 0.435156 0.032813 0.039062
0 0.851562 0.960938 0.021875 0.018750
0 0.782813 0.960938 0.021875 0.018750
0 0.637500 0.960938 0.021875 0.018750
0 0.453125 0.960938 0.021875 0.018750
0 0.368750 0.943750 0.021875 0.018750
0 0.245312 0.943750 0.021875 0.018750
0 0.100000 0.943750 0.021875 0.018750
0 0.971875 0.789062 0.021875 0.018750
0 0.935937 0.781250 0.021875 0.018750
0 0.893750 0.804688 0.021875 0.018750
0 0.764062 0.725000 0.021875 0.018750
0 0.718750 0.715625 0.021875 0.018750
0 0.682813 0.748437 0.021875 0.018750
0 0.637500 0.740625 0.021875 0.018750
0 0.590625 0.781250 0.021875 0.018750
0 0.545312 0.773438 0.021875 0.018750
0 0.498437 0.804688 0.021875 0.018750
0 0.350000 0.764062 0.021875 0.018750
0 0.315625 0.748437 0.021875 0.018750
0 0.279687 0.732812 0.021875 0.018750
0 0.245312 0.740625 0.021875 0.018750
0 0.209375 0.707812 0.021875 0.018750
0 0.175000 0.715625 0.021875 0.018750
0 0.139063 0.707812 0.021875 0.018750
0 0.100000 0.700000 0.021875 0.018750
0 0.065625 0.732812 0.021875 0.018750
0 0.029687 0.725000 0.021875 0.018750
0 0.851562 0.567187 0.021875 0.018750
0 0.851562 0.590625 0.021875 0.018750
0 0.782813 0.567187 0.021875 0.018750
0 0.637500 0.567187 0.021875 0.018750
0 0.453125 0.567187 0.021875 0.018750
0 0.368750 0.542188 0.021875 0.018750
0 0.245312 0.550000 0.021875 0.018750
0 0.100000 0.550000 0.021875 0.018750
1 0.851562 0.332813 0.021875 0.018750
0 0.782813 0.389062 0.021875 0.018750
0 0.637500 0.325000 0.021875 0.018750
0 0.453125 0.325000 0.021875 0.018750
0 0.368750 0.381250 0.021875 0.018750
0 0.245312 0.332813 0.021875 0.018750
0 0.100000 0.332813 0.021875 0.018750
