3 0.358594 0.698438 0.014063 0.040625
13 0.311719 0.698438 0.045312 0.065625
3 0.358594 0.517188 0.014063 0.040625
7 0.310937 0.527344 0.043750 0.114062
3 0.358594 0.864062 0.014063 0.040625
7 0.310937 0.874219 0.043750 0.114062
3 0.358594 0.356250 0.014063 0.040625
7 0.310937 0.366406 0.043750 0.114062
10 0.977344 0.317969 0.045312 0.045312
10 0.664844 0.321094 0.098437 0.035937
14 0.873437 0.819531 0.240625 0.032813
14 0.582031 0.806250 0.335938 0.031250
14 0.393750 0.813281 0.034375 0.017188
14 0.565625 0.754687 0.375000 0.040625
14 0.907813 0.639062 0.175000 0.021875
14 0.568750 0.615625 0.175000 0.021875
9 0.279687 0.618750 0.003125 0.575000
15 0.991406 0.885938 0.017188 0.053125
9 0.983594 0.885156 0.001563 0.051562
9 0.830469 0.860156 0.001563 0.051562
15 0.750781 0.870313 0.020313 0.053125
9 0.741406 0.867969 0.001563 0.051562
9 0.402344 0.870313 0.001563 0.053125
9 0.761719 0.679688 0.001563 0.050000
4 0.732031 0.706250 0.010937 0.043750
9 0.422656 0.686719 0.001563 0.051562
8 0.994531 0.617969 0.004687 0.004687
8 0.819531 0.617969 0.004687 0.004687
9 0.830469 0.544531 0.001563 0.101562
12 0.748437 0.528125 0.015625 0.028125
8 0.653906 0.592969 0.004687 0.004687
15 0.672656 0.518750 0.017188 0.053125
9 0.664844 0.532031 0.001563 0.076563
8 0.480469 0.592969 0.004687 0.004687
9 0.491406 0.532813 0.001563 0.078125
12 0.409375 0.528125 0.015625 0.028125
9 0.955469 0.354687 0.001563 0.062500
9 0.858594 0.375781 0.001563 0.051562
12 0.748437 0.367188 0.015625 0.028125
8 0.768750 0.356250 0.006250 0.006250
9 0.713281 0.330469 0.001563 0.045312
9 0.664844 0.342187 0.001563 0.053125
9 0.616406 0.354687 0.001563 0.062500
9 0.519531 0.383594 0.001563 0.051562
12 0.409375 0.367188 0.015625 0.028125
8 0.429688 0.356250 0.006250 0.006250
0 0.991406 0.856250 0.017188 0.018750
0 0.820312 0.889062 0.021875 0.018750
0 0.751563 0.840625 0.021875 0.018750
1 0.412500 0.840625 0.021875 0.018750
1 0.751563 0.707812 0.021875 0.018750
1 0.412500 0.715625 0.021875 0.018750
0 0.991406 0.550000 0.017188 0.018750
0 0.991406 0.598437 0.017188 0.018750
0 0.820312 0.550000 0.021875 0.018750
0 0.820312 0.598437 0.021875 0.018750
0 0.654687 0.550000 0.021875 0.018750
0 0.654687 0.575000 0.021875 0.018750
0 0.481250 0.550000 0.021875 0.018750
0 0.481250 0.575000 0.021875 0.018750
0 0.991406 0.381250 0.017188 0.018750
0 0.945312 0.389062 0.021875 0.018750
0 0.848437 0.404687 0.021875 0.018750
0 0.703125 0.356250 0.021875 0.018750
0 0.654687 0.373437 0.021875 0.018750
0 0.606250 0.389062 0.021875 0.018750
0 0.509375 0.412500 0.021875 0.018750
