3 0.358594 0.128125 0.014063 0.040625
13 0.311719 0.128125 0.045312 0.065625
3 0.358594 0.312500 0.014063 0.040625
13 0.311719 0.300781 0.045312 0.057813
10 0.953125 0.067187 0.093750 0.040625
10 0.644531 0.067187 0.151562 0.040625
14 0.923438 0.163281 0.153125 0.060937
14 0.872656 0.177344 0.051562 0.010937
14 0.610156 0.163281 0.201563 0.060937
14 0.535156 0.177344 0.051562 0.010937
9 0.279687 0.169531 0.003125 0.339062
12 0.894531 0.305469 0.017188 0.048438
9 0.432031 0.292969 0.001563 0.051562
9 0.957031 0.100000 0.001563 0.068750
9 0.907031 0.114844 0.001563 0.085938
9 0.857031 0.132031 0.001563 0.051562
2 0.823438 0.160156 0.015625 0.045312
12 0.757812 0.131250 0.015625 0.028125
8 0.776563 0.120313 0.006250 0.006250
9 0.719531 0.076563 0.001563 0.050000
9 0.669531 0.087500 0.001563 0.059375
9 0.619531 0.100000 0.001563 0.068750
9 0.569531 0.114844 0.001563 0.085938
9 0.519531 0.132031 0.001563 0.051562
12 0.420312 0.131250 0.015625 0.028125
8 0.439063 0.120313 0.006250 0.006250
1 0.423438 0.321875 0.021875 0.018750
0 0.992969 0.120313 0.014063 0.018750
0 0.946875 0.137500 0.021875 0.018750
0 0.896875 0.160938 0.021875 0.018750
0 0.846875 0.160938 0.021875 0.018750
0 0.710938 0.104688 0.021875 0.018750
0 0.659375 0.120313 0.021875 0.018750
0 0.609375 0.137500 0.021875 0.018750
0 0.559375 0.160938 0.021875 0.018750
0 0.509375 0.160938 0.021875 0.018750
