10 0.931250 0.105469 0.043750 0.020313
10 0.781250 0.024219 0.043750 0.020313
10 0.593750 0.105469 0.043750 0.020313
14 0.917969 0.204687 0.164062 0.050000
14 0.583594 0.171875 0.170313 0.031250
14 0.940625 0.019531 0.043750 0.014063
14 0.771875 0.105469 0.043750 0.014063
14 0.603125 0.019531 0.043750 0.014063
14 0.067187 0.018750 0.134375 0.037500
9 0.460938 0.128906 0.003125 0.257812
12 0.917188 0.226562 0.015625 0.028125
8 0.835156 0.199219 0.004687 0.004687
15 0.835156 0.245312 0.020313 0.053125
9 0.825781 0.244531 0.001563 0.051562
12 0.748437 0.226562 0.015625 0.028125
8 0.666406 0.199219 0.004687 0.004687
15 0.666406 0.254688 0.020313 0.053125
9 0.657031 0.252344 0.001563 0.051562
12 0.579688 0.226562 0.015625 0.028125
8 0.497656 0.180469 0.004687 0.004687
15 0.497656 0.237500 0.020313 0.053125
9 0.488281 0.236719 0.001563 0.051562
12 0.996875 0.065625 0.006250 0.028125
8 0.961719 0.038281 0.004687 0.004687
9 0.952344 0.090625 0.001563 0.050000
8 0.919531 0.038281 0.004687 0.004687
9 0.910156 0.090625 0.001563 0.050000
12 0.832812 0.065625 0.015625 0.028125
8 0.792969 0.086719 0.004687 0.004687
9 0.803906 0.040625 0.001563 0.053125
8 0.750781 0.086719 0.004687 0.004687
9 0.760156 0.040625 0.001563 0.053125
4 0.730469 0.070312 0.010937 0.043750
12 0.664062 0.065625 0.015625 0.028125
8 0.624219 0.038281 0.004687 0.004687
9 0.614844 0.090625 0.001563 0.050000
8 0.582031 0.038281 0.004687 0.004687
9 0.572656 0.090625 0.001563 0.050000
12 0.495312 0.065625 0.015625 0.028125
9 0.122656 0.082812 0.001563 0.050000
3 0.110156 0.045312 0.014063 0.040625
0 0.835938 0.215625 0.021875 0.018750
0 0.667188 0.223438 0.021875 0.018750
0 0.498437 0.207813 0.021875 0.018750
0 0.962500 0.062500 0.021875 0.018750
0 0.920312 0.062500 0.021875 0.018750
0 0.793750 0.070312 0.021875 0.018750
0 0.751563 0.070312 0.021875 0.018750
0 0.625000 0.062500 0.021875 0.018750
0 0.582812 0.062500 0.021875 0.018750
1 0.132812 0.054688 0.021875 0.018750
