10 0.908594 0.410938 0.182812 0.012500
10 0.715625 0.654687 0.150000 0.040625
10 0.356250 0.649219 0.150000 0.045312
10 0.040625 0.654687 0.081250 0.040625
10 0.255469 0.497656 0.254688 0.007812
14 0.748437 0.906250 0.503125 0.065625
14 0.060156 0.904687 0.120313 0.040625
14 0.966406 0.742969 0.067187 0.064062
14 0.956250 0.760156 0.050000 0.010937
14 0.680469 0.742969 0.198437 0.064062
14 0.606250 0.760156 0.050000 0.010937
14 0.322656 0.731250 0.198437 0.071875
14 0.248438 0.752344 0.050000 0.010937
14 0.035937 0.742969 0.071875 0.064062
14 0.278906 0.596094 0.182812 0.042188
14 0.060156 0.571875 0.120313 0.021875
14 0.060156 0.585938 0.120313 0.034375
14 0.729688 0.332813 0.196875 0.015625
14 0.748437 0.317188 0.503125 0.056250
14 0.136719 0.302344 0.273438 0.051562
9 0.460938 0.607031 0.003125 0.551562
9 0.838281 0.878906 0.001563 0.060937
9 0.507031 0.829688 0.001563 0.050000
9 0.128906 0.836719 0.001563 0.051562
4 0.099219 0.864062 0.010937 0.043750
9 0.991406 0.700000 0.001563 0.081250
9 0.941406 0.714844 0.001563 0.051562
12 0.825000 0.690625 0.015625 0.028125
8 0.845313 0.679688 0.006250 0.006250
9 0.788281 0.661719 0.001563 0.045312
9 0.739844 0.672656 0.001563 0.054688
9 0.689844 0.683594 0.001563 0.064062
9 0.641406 0.700000 0.001563 0.081250
9 0.591406 0.714844 0.001563 0.051562
12 0.493750 0.690625 0.015625 0.028125
8 0.514062 0.679688 0.006250 0.006250
9 0.430469 0.652344 0.001563 0.045312
9 0.380469 0.674219 0.001563 0.070312
9 0.332031 0.682031 0.001563 0.070312
9 0.282031 0.693750 0.001563 0.078125
9 0.233594 0.707031 0.001563 0.051562
12 0.115625 0.690625 0.015625 0.028125
8 0.135937 0.679688 0.006250 0.006250
9 0.078906 0.661719 0.001563 0.045312
9 0.030469 0.672656 0.001563 0.054688
9 0.907031 0.514844 0.001563 0.079687
15 0.846094 0.495312 0.017188 0.053125
9 0.838281 0.512500 0.001563 0.084375
9 0.507031 0.514062 0.001563 0.065625
9 0.380469 0.520312 0.001563 0.053125
9 0.282031 0.544531 0.001563 0.101562
9 0.197656 0.520312 0.001563 0.053125
9 0.128906 0.520312 0.001563 0.053125
9 0.971094 0.381250 0.001563 0.059375
9 0.888281 0.384375 0.001563 0.050000
2 0.875000 0.355469 0.015625 0.045312
9 0.817969 0.384375 0.001563 0.050000
9 0.621094 0.384375 0.001563 0.050000
9 0.486719 0.377344 0.001563 0.051562
9 0.263281 0.377344 0.001563 0.051562
9 0.128906 0.352344 0.001563 0.051562
1 0.828125 0.914062 0.021875 0.018750
1 0.496875 0.857812 0.021875 0.018750
1 0.118750 0.865625 0.021875 0.018750
0 0.981250 0.743750 0.021875 0.018750
0 0.932813 0.743750 0.021875 0.018750
0 0.779687 0.687500 0.021875 0.018750
0 0.729688 0.703125 0.021875 0.018750
0 0.681250 0.720313 0.021875 0.018750
0 0.631250 0.743750 0.021875 0.018750
0 0.582812 0.743750 0.021875 0.018750
0 0.420312 0.679688 0.021875 0.018750
0 0.371875 0.712500 0.021875 0.018750
0 0.321875 0.720313 0.021875 0.018750
0 0.273438 0.735938 0.021875 0.018750
0 0.223438 0.735938 0.021875 0.018750
0 0.070312 0.687500 0.021875 0.018750
0 0.020313 0.703125 0.021875 0.018750
0 0.898438 0.526563 0.021875 0.018750
0 0.898438 0.557813 0.021875 0.018750
0 0.828125 0.526563 0.021875 0.018750
0 0.828125 0.557813 0.021875 0.018750
1 0.496875 0.534375 0.021875 0.018750
1 0.496875 0.550000 0.021875 0.018750
0 0.371875 0.550000 0.021875 0.018750
0 0.273438 0.598437 0.021875 0.018750
0 0.189062 0.550000 0.021875 0.018750
0 0.118750 0.550000 0.021875 0.018750
0 0.981250 0.348438 0.021875 0.018750
0 0.898438 0.356250 0.021875 0.018750
0 0.828125 0.356250 0.021875 0.018750
0 0.631250 0.356250 0.021875 0.018750
0 0.496875 0.348438 0.021875 0.018750
0 0.273438 0.348438 0.021875 0.018750
0 0.118750 0.381250 0.021875 0.018750
