10 0.746094 0.321094 0.098437 0.035937
10 0.378906 0.317969 0.098437 0.045312
10 0.044531 0.321094 0.089063 0.035937
10 0.910937 0.918750 0.178125 0.012500
14 0.736719 0.840625 0.195312 0.015625
14 0.746875 0.825000 0.506250 0.056250
14 0.248438 0.819531 0.240625 0.032813
14 0.062500 0.806250 0.125000 0.031250
14 0.064062 0.754687 0.128125 0.040625
14 0.950781 0.623437 0.098437 0.021875
14 0.650000 0.631250 0.175000 0.021875
14 0.282813 0.639062 0.175000 0.021875
9 0.457813 0.618750 0.003125 0.575000
9 0.974219 0.889062 0.001563 0.059375
9 0.891406 0.892188 0.001563 0.050000
2 0.878125 0.863281 0.015625 0.045312
9 0.822656 0.892188 0.001563 0.050000
9 0.628906 0.892188 0.001563 0.050000
9 0.483594 0.885156 0.001563 0.051562
15 0.367969 0.885938 0.020313 0.053125
9 0.358594 0.885156 0.001563 0.051562
9 0.205469 0.860156 0.001563 0.051562
15 0.125781 0.870313 0.020313 0.053125
9 0.116406 0.867969 0.001563 0.051562
9 0.994531 0.725000 0.001563 0.053125
9 0.503906 0.725000 0.001563 0.053125
9 0.136719 0.679688 0.001563 0.050000
4 0.107031 0.706250 0.010937 0.043750
8 0.900781 0.602344 0.004687 0.004687
9 0.911719 0.540625 0.001563 0.078125
12 0.829688 0.528125 0.015625 0.028125
8 0.735156 0.610156 0.004687 0.004687
15 0.753906 0.518750 0.017188 0.053125
9 0.746094 0.540625 0.001563 0.093750
8 0.561719 0.610156 0.004687 0.004687
9 0.572656 0.540625 0.001563 0.093750
12 0.490625 0.528125 0.015625 0.028125
8 0.369531 0.617969 0.004687 0.004687
15 0.386719 0.518750 0.017188 0.053125
9 0.378906 0.544531 0.001563 0.101562
8 0.194531 0.617969 0.004687 0.004687
9 0.205469 0.544531 0.001563 0.101562
12 0.123438 0.528125 0.015625 0.028125
8 0.028906 0.592969 0.004687 0.004687
15 0.047656 0.518750 0.017188 0.053125
9 0.039844 0.532031 0.001563 0.076563
9 0.946094 0.383594 0.001563 0.051562
12 0.829688 0.367188 0.015625 0.028125
8 0.850000 0.356250 0.006250 0.006250
9 0.794531 0.330469 0.001563 0.045312
9 0.746094 0.342187 0.001563 0.053125
9 0.697656 0.354687 0.001563 0.062500
9 0.599219 0.383594 0.001563 0.051562
12 0.490625 0.367188 0.015625 0.028125
8 0.510938 0.356250 0.006250 0.006250
9 0.427344 0.321094 0.001563 0.045312
9 0.378906 0.343750 0.001563 0.065625
9 0.330469 0.354687 0.001563 0.062500
9 0.233594 0.375781 0.001563 0.051562
12 0.123438 0.367188 0.015625 0.028125
8 0.143750 0.356250 0.006250 0.006250
9 0.088281 0.330469 0.001563 0.045312
9 0.039844 0.342187 0.001563 0.053125
0 0.984375 0.856250 0.021875 0.018750
0 0.901563 0.864062 0.021875 0.018750
0 0.832812 0.864062 0.021875 0.018750
0 0.639062 0.864062 0.021875 0.018750
0 0.493750 0.856250 0.021875 0.018750
0 0.368750 0.856250 0.021875 0.018750
0 0.195312 0.889062 0.021875 0.018750
0 0.126562 0.840625 0.021875 0.018750
0 0.984375 0.756250 0.021875 0.018750
1 0.493750 0.756250 0.021875 0.018750
1 0.126562 0.707812 0.021875 0.018750
0 0.901563 0.557813 0.021875 0.018750
0 0.901563 0.582812 0.021875 0.018750
0 0.735938 0.550000 0.021875 0.018750
0 0.735938 0.590625 0.021875 0.018750
0 0.562500 0.550000 0.021875 0.018750
0 0.562500 0.590625 0.021875 0.018750
0 0.368750 0.550000 0.021875 0.018750
0 0.368750 0.598437 0.021875 0.018750
0 0.195312 0.550000 0.021875 0.018750
0 0.195312 0.598437 0.021875 0.018750
0 0.029687 0.550000 0.021875 0.018750
0 0.029687 0.575000 0.021875 0.018750
0 0.935937 0.412500 0.021875 0.018750
0 0.784375 0.356250 0.021875 0.018750
0 0.735938 0.373437 0.021875 0.018750
0 0.687500 0.389062 0.021875 0.018750
0 0.590625 0.412500 0.021875 0.018750
0 0.418750 0.348438 0.021875 0.018750
0 0.368750 0.381250 0.021875 0.018750
0 0.320312 0.389062 0.021875 0.018750
0 0.223438 0.404687 0.021875 0.018750
0 0.078125 0.356250 0.021875 0.018750
0 0.029687 0.373437 0.021875 0.018750
