10 0.885938 0.763281 0.125000 0.020313
10 0.712500 0.747656 0.125000 0.020313
10 0.569531 0.778906 0.085938 0.035937
10 0.357031 0.585938 0.117188 0.040625
10 0.192188 0.547656 0.121875 0.020313
10 0.053125 0.475781 0.106250 0.020313
14 0.750781 0.845313 0.498437 0.034375
14 0.767969 0.681250 0.464062 0.071875
14 0.916406 0.579688 0.167187 0.021875
14 0.212500 0.487500 0.425000 0.068750
14 0.914062 0.332031 0.131250 0.014063
14 0.914062 0.407031 0.131250 0.014063
14 0.666406 0.330469 0.304688 0.020313
14 0.666406 0.410156 0.304688 0.020313
9 0.453125 0.632031 0.003125 0.601562
3 0.475781 0.865625 0.014063 0.040625
15 0.497656 0.969531 0.048438 0.039062
4 0.974219 0.745313 0.010937 0.043750
9 0.946094 0.744531 0.001563 0.057813
9 0.908594 0.748437 0.001563 0.050000
9 0.869531 0.744531 0.001563 0.057813
3 0.857031 0.704688 0.014063 0.040625
9 0.824219 0.740625 0.001563 0.065625
9 0.772656 0.725000 0.001563 0.065625
9 0.735156 0.721094 0.001563 0.073438
3 0.722656 0.671875 0.014063 0.040625
9 0.696094 0.732812 0.001563 0.050000
3 0.683594 0.696875 0.014063 0.040625
9 0.650781 0.728906 0.001563 0.057813
3 0.638281 0.689063 0.014063 0.040625
9 0.611719 0.750000 0.001563 0.053125
3 0.599219 0.712500 0.014063 0.040625
9 0.564844 0.750781 0.001563 0.070312
9 0.527344 0.771094 0.001563 0.045312
7 0.800000 0.745313 0.028125 0.075000
9 0.842969 0.528125 0.001563 0.053125
3 0.811719 0.550000 0.014063 0.040625
11 0.496875 0.521875 0.018750 0.009375
9 0.414844 0.578125 0.001563 0.050000
9 0.375781 0.561719 0.001563 0.067187
9 0.336719 0.550781 0.001563 0.076563
9 0.299219 0.551562 0.001563 0.062500
2 0.285938 0.517969 0.015625 0.045312
9 0.250781 0.527344 0.001563 0.060937
9 0.213281 0.531250 0.001563 0.053125
4 0.202344 0.501563 0.010937 0.043750
9 0.169531 0.527344 0.001563 0.060937
9 0.132031 0.524219 0.001563 0.070312
3 0.119531 0.476562 0.014063 0.040625
9 0.105469 0.494531 0.001563 0.057813
9 0.066406 0.490625 0.001563 0.050000
3 0.035156 0.509375 0.014063 0.040625
9 0.021094 0.506250 0.001563 0.081250
15 0.832031 0.610156 0.048438 0.039062
9 0.842969 0.344531 0.001563 0.098437
9 0.508594 0.344531 0.001563 0.098437
3 0.475781 0.331250 0.014063 0.040625
3 0.475781 0.389062 0.014063 0.040625
15 0.497656 0.439844 0.048438 0.039062
1 0.502344 0.874219 0.029687 0.017188
0 0.992188 0.745313 0.015625 0.018750
0 0.956250 0.712500 0.021875 0.018750
0 0.918750 0.721875 0.021875 0.018750
0 0.879687 0.712500 0.021875 0.018750
0 0.834375 0.704688 0.021875 0.018750
0 0.782813 0.689063 0.021875 0.018750
0 0.745313 0.681250 0.021875 0.018750
0 0.706250 0.704688 0.021875 0.018750
0 0.660937 0.696875 0.021875 0.018750
0 0.621875 0.721875 0.021875 0.018750
0 0.575000 0.712500 0.021875 0.018750
0 0.537500 0.745313 0.021875 0.018750
1 0.834375 0.557813 0.021875 0.018750
0 0.425000 0.550000 0.021875 0.018750
0 0.385937 0.526563 0.021875 0.018750
0 0.346875 0.509375 0.021875 0.018750
0 0.309375 0.518750 0.021875 0.018750
0 0.260937 0.493750 0.021875 0.018750
0 0.223438 0.501563 0.021875 0.018750
0 0.179688 0.493750 0.021875 0.018750
0 0.142187 0.485938 0.021875 0.018750
0 0.095312 0.526563 0.021875 0.018750
0 0.057813 0.518750 0.021875 0.018750
0 0.010937 0.550000 0.021875 0.018750
0 0.992188 0.340625 0.015625 0.018750
0 0.992188 0.396875 0.015625 0.018750
0 0.834375 0.340625 0.021875 0.018750
0 0.834375 0.396875 0.021875 0.018750
1 0.498437 0.340625 0.021875 0.018750
1 0.498437 0.396875 0.021875 0.018750
