10 0.918750 0.080469 0.162500 0.020313
10 0.614062 0.157031 0.246875 0.020313
10 0.264062 0.141406 0.246875 0.020313
10 0.030469 0.167969 0.060937 0.035937
14 0.750781 0.234375 0.498437 0.034375
14 0.075781 0.310156 0.151562 0.023438
14 0.500000 0.067187 1.000000 0.078125
9 0.491406 0.292969 0.001563 0.051562
3 0.478906 0.254688 0.014063 0.040625
8 0.436719 0.303906 0.004687 0.004687
15 0.453906 0.253125 0.017188 0.062500
9 0.446094 0.254688 0.001563 0.059375
4 0.416406 0.287500 0.010937 0.043750
15 0.167969 0.257812 0.017188 0.053125
9 0.160156 0.259375 0.001563 0.053125
15 0.500781 0.350781 0.048438 0.039062
3 0.967969 0.134375 0.014063 0.040625
9 0.919531 0.096875 0.001563 0.053125
9 0.838281 0.100781 0.001563 0.060937
4 0.808594 0.134375 0.010937 0.043750
9 0.736719 0.135156 0.001563 0.060937
9 0.655469 0.140625 0.001563 0.053125
9 0.574219 0.135156 0.001563 0.060937
3 0.561719 0.093750 0.014063 0.040625
9 0.491406 0.132031 0.001563 0.070312
3 0.478906 0.085938 0.014063 0.040625
9 0.386719 0.116406 0.001563 0.070312
3 0.374219 0.070312 0.014063 0.040625
9 0.303906 0.112500 0.001563 0.078125
6 0.286719 0.061719 0.026562 0.039062
9 0.222656 0.123438 0.001563 0.053125
3 0.210156 0.085938 0.014063 0.040625
9 0.141406 0.119531 0.001563 0.060937
3 0.128906 0.078125 0.014063 0.040625
9 0.060156 0.140625 0.001563 0.053125
3 0.047656 0.101562 0.014063 0.040625
7 0.448437 0.126562 0.028125 0.075000
15 0.500781 0.007031 0.048438 0.014063
1 0.501563 0.264062 0.021875 0.018750
0 0.437500 0.287500 0.021875 0.018750
0 0.151562 0.287500 0.021875 0.018750
0 0.989844 0.142187 0.020313 0.018750
0 0.909375 0.126562 0.021875 0.018750
0 0.828125 0.134375 0.021875 0.018750
0 0.746875 0.103125 0.021875 0.018750
0 0.665625 0.110937 0.021875 0.018750
0 0.584375 0.103125 0.021875 0.018750
0 0.501563 0.093750 0.021875 0.018750
0 0.396875 0.078125 0.021875 0.018750
0 0.314063 0.070312 0.021875 0.018750
0 0.232813 0.093750 0.021875 0.018750
0 0.151562 0.085938 0.021875 0.018750
0 0.070312 0.110937 0.021875 0.018750
