10 0.627344 0.567969 0.251563 0.035937
10 0.294531 0.532031 0.251563 0.020313
14 0.515625 0.885938 0.675000 0.034375
14 0.515625 0.723437 0.675000 0.034375
14 0.382031 0.476562 0.764062 0.081250
14 0.347656 0.293750 0.332813 0.021875
9 0.860938 0.607031 0.003125 0.551562
9 0.188281 0.829688 0.001563 0.050000
3 0.157031 0.848437 0.014063 0.040625
8 0.111719 0.803906 0.004687 0.004687
15 0.110156 0.860156 0.017188 0.064062
9 0.102344 0.858594 0.001563 0.060937
3 0.089844 0.815625 0.014063 0.040625
15 0.178906 0.919531 0.048438 0.039062
9 0.188281 0.667188 0.001563 0.050000
3 0.157031 0.687500 0.014063 0.040625
15 0.178906 0.758594 0.048438 0.039062
9 0.752344 0.560156 0.001563 0.045312
9 0.669531 0.548438 0.001563 0.056250
9 0.586719 0.538281 0.001563 0.067187
9 0.502344 0.539062 0.001563 0.053125
4 0.492969 0.509375 0.010937 0.043750
9 0.419531 0.510156 0.001563 0.060937
9 0.336719 0.515625 0.001563 0.053125
9 0.252344 0.510156 0.001563 0.060937
3 0.239844 0.468750 0.014063 0.040625
9 0.169531 0.507031 0.001563 0.070312
9 0.061719 0.539844 0.001563 0.070312
3 0.049219 0.493750 0.014063 0.040625
8 0.803906 0.296094 0.004687 0.004687
15 0.802344 0.350781 0.017188 0.064062
9 0.794531 0.349219 0.001563 0.060937
15 0.511719 0.346875 0.020313 0.053125
9 0.502344 0.344531 0.001563 0.051562
9 0.169531 0.345313 0.001563 0.053125
1 0.179688 0.857812 0.021875 0.018750
0 0.112500 0.825000 0.021875 0.018750
1 0.179688 0.695312 0.021875 0.018750
0 0.762500 0.534375 0.021875 0.018750
0 0.679688 0.518750 0.021875 0.018750
0 0.596875 0.501563 0.021875 0.018750
0 0.512500 0.509375 0.021875 0.018750
0 0.429688 0.478125 0.021875 0.018750
0 0.346875 0.485938 0.021875 0.018750
0 0.262500 0.478125 0.021875 0.018750
0 0.179688 0.470313 0.021875 0.018750
0 0.071875 0.501563 0.021875 0.018750
0 0.804688 0.315625 0.021875 0.018750
0 0.512500 0.315625 0.021875 0.018750
0 0.179688 0.315625 0.021875 0.018750
