10 0.735156 0.389844 0.151562 0.020313
10 0.735156 0.814063 0.151562 0.040625
10 0.399219 0.814063 0.151562 0.040625
10 0.062500 0.692187 0.125000 0.040625
10 0.755469 0.518750 0.151562 0.025000
10 0.755469 0.901563 0.151562 0.025000
14 0.667188 0.995313 0.287500 0.009375
14 0.329688 0.995313 0.287500 0.009375
14 0.667188 0.598437 0.287500 0.025000
14 0.304688 0.597656 0.237500 0.023438
14 0.667188 0.437500 0.287500 0.025000
14 0.304688 0.436719 0.237500 0.023438
14 0.522656 0.879687 0.617188 0.062500
14 0.732031 0.714063 0.179688 0.040625
14 0.660937 0.760938 0.021875 0.009375
14 0.394531 0.714063 0.179688 0.040625
14 0.323437 0.760938 0.021875 0.009375
14 0.057813 0.788281 0.115625 0.060937
14 0.433594 0.568750 0.201563 0.015625
14 0.410938 0.617188 0.821875 0.053125
14 0.098437 0.585156 0.196875 0.017188
14 0.433594 0.312500 0.201563 0.015625
14 0.410938 0.300781 0.821875 0.054688
14 0.098437 0.327344 0.196875 0.017188
9 0.860938 0.647656 0.003125 0.632812
9 0.154688 0.647656 0.003125 0.632812
9 0.830469 0.921094 0.001563 0.045312
9 0.680469 0.914062 0.001563 0.040625
9 0.542969 0.903125 0.001563 0.046875
9 0.205469 0.917969 0.001563 0.051562
4 0.175781 0.945312 0.010937 0.043750
9 0.810156 0.767969 0.001563 0.085938
9 0.760156 0.775000 0.001563 0.084375
4 0.750781 0.729688 0.010937 0.043750
9 0.710156 0.785937 0.001563 0.075000
9 0.660156 0.806250 0.001563 0.050000
9 0.630469 0.749219 0.001563 0.051562
12 0.531250 0.756250 0.015625 0.028125
8 0.550000 0.745313 0.006250 0.006250
9 0.474219 0.767969 0.001563 0.085938
9 0.424219 0.782813 0.001563 0.068750
9 0.374219 0.793750 0.001563 0.059375
4 0.363281 0.760938 0.010937 0.043750
9 0.324219 0.806250 0.001563 0.050000
9 0.292969 0.749219 0.001563 0.051562
12 0.193750 0.756250 0.015625 0.028125
8 0.212500 0.745313 0.006250 0.006250
9 0.124219 0.701562 0.001563 0.050000
2 0.090625 0.728906 0.015625 0.045312
9 0.074219 0.712500 0.001563 0.059375
9 0.024219 0.725000 0.001563 0.068750
9 0.830469 0.539062 0.001563 0.050000
2 0.796875 0.566406 0.015625 0.045312
9 0.680469 0.532031 0.001563 0.045312
9 0.542969 0.520312 0.001563 0.053125
9 0.342969 0.520312 0.001563 0.053125
9 0.205469 0.535937 0.001563 0.053125
9 0.810156 0.374219 0.001563 0.045312
2 0.796875 0.347656 0.015625 0.045312
9 0.660156 0.368750 0.001563 0.050000
9 0.524219 0.360938 0.001563 0.053125
9 0.324219 0.360938 0.001563 0.053125
9 0.186719 0.377344 0.001563 0.051562
0 0.820312 0.946875 0.021875 0.018750
0 0.670312 0.939063 0.021875 0.018750
0 0.534375 0.929688 0.021875 0.018750
1 0.196875 0.946875 0.021875 0.018750
0 0.820312 0.721875 0.021875 0.018750
0 0.770312 0.729688 0.021875 0.018750
0 0.720313 0.745313 0.021875 0.018750
0 0.670312 0.778125 0.021875 0.018750
0 0.620313 0.778125 0.021875 0.018750
0 0.484375 0.721875 0.021875 0.018750
0 0.434375 0.745313 0.021875 0.018750
0 0.384375 0.762500 0.021875 0.018750
0 0.334375 0.778125 0.021875 0.018750
0 0.284375 0.778125 0.021875 0.018750
0 0.114062 0.729688 0.021875 0.018750
0 0.064062 0.745313 0.021875 0.018750
0 0.014063 0.762500 0.021875 0.018750
0 0.820312 0.567187 0.021875 0.018750
0 0.670312 0.557813 0.021875 0.018750
0 0.534375 0.550000 0.021875 0.018750
0 0.334375 0.550000 0.021875 0.018750
0 0.196875 0.567187 0.021875 0.018750
0 0.820312 0.348438 0.021875 0.018750
0 0.670312 0.340625 0.021875 0.018750
0 0.534375 0.332813 0.021875 0.018750
0 0.334375 0.332813 0.021875 0.018750
0 0.196875 0.348438 0.021875 0.018750
