10 0.759375 0.271875 0.181250 0.025000
10 0.875781 0.375000 0.092188 0.028125
10 0.425781 0.401562 0.092188 0.025000
10 0.174219 0.484375 0.092188 0.012500
14 0.886719 0.436719 0.226562 0.026562
14 0.362500 0.436719 0.725000 0.029687
14 0.840625 0.527344 0.150000 0.010937
14 0.840625 0.597656 0.150000 0.014063
14 0.351562 0.516406 0.046875 0.010937
14 0.346094 0.591406 0.060937 0.010937
14 0.052344 0.517969 0.104688 0.017188
14 0.052344 0.595313 0.104688 0.018750
14 0.892969 0.314844 0.073438 0.010937
14 0.625000 0.299219 0.081250 0.010937
14 0.614844 0.324219 0.060937 0.010937
14 0.614844 0.341406 0.060937 0.010937
14 0.614844 0.372656 0.060937 0.010937
9 0.939844 0.539062 0.001563 0.100000
15 0.750000 0.615625 0.021875 0.015625
9 0.760156 0.539062 0.001563 0.100000
3 0.727344 0.526563 0.014063 0.040625
3 0.727344 0.582812 0.014063 0.040625
15 0.659375 0.615625 0.021875 0.015625
15 0.677344 0.504687 0.017188 0.053125
9 0.669531 0.532813 0.001563 0.109375
9 0.399219 0.532031 0.001563 0.098437
15 0.317969 0.496875 0.017188 0.053125
9 0.310156 0.525000 0.001563 0.109375
9 0.219531 0.536719 0.001563 0.101562
9 0.128906 0.532031 0.001563 0.098437
15 0.958594 0.301563 0.017188 0.053125
9 0.950781 0.303125 0.001563 0.053125
9 0.919531 0.321094 0.001563 0.085938
3 0.907031 0.267188 0.014063 0.040625
9 0.830469 0.359375 0.001563 0.050000
9 0.849219 0.304688 0.001563 0.050000
12 0.746875 0.367188 0.015625 0.028125
9 0.669531 0.313281 0.001563 0.098437
15 0.569531 0.395313 0.020313 0.053125
9 0.560156 0.364844 0.001563 0.107813
9 0.469531 0.348438 0.001563 0.090625
9 0.380469 0.384375 0.001563 0.050000
9 0.399219 0.330469 0.001563 0.045312
12 0.296875 0.367188 0.015625 0.028125
9 0.110156 0.363281 0.001563 0.104688
4 0.082031 0.307812 0.010937 0.043750
4 0.099219 0.364063 0.010937 0.043750
9 0.019531 0.348438 0.001563 0.090625
3 0.007031 0.323437 0.014063 0.040625
15 0.749219 0.449219 0.032813 0.039062
0 0.929688 0.534375 0.021875 0.018750
0 0.929688 0.592187 0.021875 0.018750
0 0.750000 0.534375 0.021875 0.018750
0 0.750000 0.592187 0.021875 0.018750
0 0.659375 0.534375 0.021875 0.018750
0 0.659375 0.592187 0.021875 0.018750
0 0.390625 0.526563 0.021875 0.018750
0 0.390625 0.582812 0.021875 0.018750
0 0.300000 0.526563 0.021875 0.018750
0 0.300000 0.582812 0.021875 0.018750
0 0.210938 0.534375 0.021875 0.018750
0 0.210938 0.592187 0.021875 0.018750
0 0.120313 0.526563 0.021875 0.018750
0 0.120313 0.582812 0.021875 0.018750
0 0.940625 0.332813 0.021875 0.018750
0 0.929688 0.276562 0.021875 0.018750
0 0.929688 0.307812 0.021875 0.018750
0 0.840625 0.332813 0.021875 0.018750
0 0.840625 0.332813 0.021875 0.018750
0 0.679688 0.307812 0.021875 0.018750
0 0.659375 0.315625 0.021875 0.018750
0 0.659375 0.332813 0.021875 0.018750
0 0.659375 0.364063 0.021875 0.018750
0 0.570312 0.307812 0.021875 0.018750
0 0.570312 0.332813 0.021875 0.018750
0 0.570312 0.364063 0.021875 0.018750
0 0.550000 0.315625 0.021875 0.018750
0 0.479687 0.300000 0.021875 0.018750
0 0.479687 0.315625 0.021875 0.018750
0 0.479687 0.332813 0.021875 0.018750
0 0.390625 0.356250 0.021875 0.018750
0 0.390625 0.356250 0.021875 0.018750
0 0.120313 0.307812 0.021875 0.018750
0 0.120313 0.332813 0.021875 0.018750
0 0.120313 0.364063 0.021875 0.018750
0 0.101562 0.315625 0.021875 0.018750
0 0.029687 0.300000 0.021875 0.018750
0 0.029687 0.315625 0.021875 0.018750
0 0.029687 0.332813 0.021875 0.018750
