10 0.743750 0.275781 0.178125 0.032813
10 0.855469 0.425000 0.089063 0.025000
10 0.417187 0.385937 0.090625 0.028125
10 0.173437 0.481250 0.090625 0.025000
14 0.821875 0.478906 0.146875 0.014063
14 0.821094 0.550781 0.145313 0.010937
14 0.346094 0.501563 0.045312 0.009375
14 0.338281 0.571094 0.057813 0.010937
14 0.872656 0.371875 0.070312 0.009375
14 0.601562 0.302344 0.059375 0.010937
14 0.601562 0.330469 0.059375 0.010937
14 0.601562 0.372656 0.059375 0.010937
12 0.996094 0.528125 0.007812 0.028125
15 0.910156 0.571875 0.020313 0.053125
9 0.900781 0.542969 0.001563 0.107813
9 0.724219 0.539062 0.001563 0.100000
15 0.663281 0.470313 0.017188 0.053125
9 0.655469 0.500000 0.001563 0.109375
3 0.624219 0.493750 0.014063 0.040625
3 0.624219 0.550000 0.014063 0.040625
9 0.391406 0.512500 0.001563 0.100000
15 0.311719 0.479687 0.017188 0.053125
9 0.303906 0.507812 0.001563 0.109375
4 0.274219 0.509375 0.010937 0.043750
4 0.274219 0.565625 0.010937 0.043750
9 0.216406 0.522656 0.001563 0.098437
9 0.128906 0.542188 0.001563 0.106250
9 0.992969 0.376563 0.001563 0.100000
3 0.980469 0.315625 0.014063 0.040625
3 0.980469 0.371875 0.014063 0.040625
15 0.938281 0.357812 0.017188 0.053125
9 0.930469 0.359375 0.001563 0.053125
9 0.900781 0.375000 0.001563 0.081250
4 0.872656 0.331250 0.010937 0.043750
9 0.811719 0.413281 0.001563 0.042188
9 0.832031 0.336719 0.001563 0.098437
4 0.802344 0.387500 0.010937 0.043750
12 0.731250 0.367188 0.015625 0.028125
9 0.655469 0.313281 0.001563 0.098437
15 0.557031 0.395313 0.020313 0.053125
9 0.547656 0.364844 0.001563 0.107813
9 0.460156 0.331250 0.001563 0.090625
9 0.372656 0.370312 0.001563 0.053125
9 0.391406 0.315625 0.001563 0.040625
12 0.292187 0.367188 0.015625 0.028125
9 0.108594 0.309375 0.001563 0.109375
9 0.021094 0.303906 0.001563 0.114062
3 0.008594 0.259375 0.014063 0.040625
0 0.910937 0.485938 0.021875 0.018750
0 0.910937 0.542188 0.021875 0.018750
0 0.734375 0.485938 0.021875 0.018750
0 0.734375 0.542188 0.021875 0.018750
0 0.646875 0.501563 0.021875 0.018750
0 0.646875 0.557813 0.021875 0.018750
0 0.382812 0.509375 0.021875 0.018750
0 0.382812 0.567187 0.021875 0.018750
0 0.295312 0.509375 0.021875 0.018750
0 0.295312 0.567187 0.021875 0.018750
0 0.206250 0.518750 0.021875 0.018750
0 0.206250 0.575000 0.021875 0.018750
0 0.118750 0.542188 0.021875 0.018750
0 0.118750 0.598437 0.021875 0.018750
0 0.996094 0.325000 0.007812 0.018750
0 0.996094 0.340625 0.007812 0.018750
0 0.996094 0.364063 0.007812 0.018750
0 0.996094 0.381250 0.007812 0.018750
0 0.921875 0.389062 0.021875 0.018750
0 0.910937 0.332813 0.021875 0.018750
0 0.910937 0.364063 0.021875 0.018750
0 0.890625 0.340625 0.021875 0.018750
0 0.821875 0.389062 0.021875 0.018750
0 0.821875 0.389062 0.021875 0.018750
0 0.646875 0.307812 0.021875 0.018750
0 0.646875 0.340625 0.021875 0.018750
0 0.646875 0.364063 0.021875 0.018750
0 0.557813 0.307812 0.021875 0.018750
0 0.557813 0.340625 0.021875 0.018750
0 0.557813 0.364063 0.021875 0.018750
0 0.470313 0.284375 0.021875 0.018750
0 0.470313 0.307812 0.021875 0.018750
0 0.382812 0.340625 0.021875 0.018750
0 0.382812 0.340625 0.021875 0.018750
0 0.118750 0.251563 0.021875 0.018750
0 0.118750 0.267188 0.021875 0.018750
0 0.118750 0.284375 0.021875 0.018750
0 0.118750 0.307812 0.021875 0.018750
0 0.031250 0.243750 0.021875 0.018750
0 0.031250 0.267188 0.021875 0.018750
0 0.031250 0.284375 0.021875 0.018750
