10 0.591406 0.239063 0.092188 0.025000
10 0.139844 0.264062 0.092188 0.025000
14 0.662500 0.436719 0.371875 0.026562
14 0.206250 0.436719 0.412500 0.029687
14 0.535937 0.528906 0.150000 0.010937
14 0.535937 0.599219 0.150000 0.014063
14 0.045312 0.517969 0.046875 0.010937
14 0.039844 0.592969 0.060937 0.010937
14 0.579688 0.349219 0.062500 0.010937
14 0.310937 0.299219 0.062500 0.010937
14 0.300781 0.323437 0.042188 0.009375
14 0.310156 0.341406 0.060937 0.010937
14 0.310156 0.372656 0.060937 0.010937
9 0.860938 0.458594 0.003125 0.254688
15 0.797656 0.506250 0.017188 0.053125
9 0.789844 0.534375 0.001563 0.109375
4 0.760156 0.535937 0.010937 0.043750
4 0.760156 0.592187 0.010937 0.043750
9 0.635156 0.539062 0.001563 0.100000
15 0.445312 0.617188 0.021875 0.015625
9 0.455469 0.539062 0.001563 0.100000
3 0.422656 0.528125 0.014063 0.040625
3 0.422656 0.584375 0.014063 0.040625
15 0.354687 0.617188 0.021875 0.015625
15 0.372656 0.506250 0.017188 0.053125
9 0.364844 0.534375 0.001563 0.109375
9 0.094531 0.532031 0.001563 0.098437
15 0.011719 0.496875 0.017188 0.053125
9 0.003906 0.526563 0.001563 0.109375
9 0.707031 0.363281 0.001563 0.104688
15 0.625781 0.362500 0.020313 0.053125
9 0.616406 0.360156 0.001563 0.051562
9 0.635156 0.267969 0.001563 0.073438
15 0.535156 0.362500 0.020313 0.053125
9 0.525781 0.360156 0.001563 0.051562
9 0.546094 0.287500 0.001563 0.081250
12 0.442188 0.367188 0.015625 0.028125
15 0.355469 0.395313 0.020313 0.053125
9 0.346094 0.364844 0.001563 0.107813
15 0.264844 0.395313 0.020313 0.053125
9 0.255469 0.364844 0.001563 0.107813
9 0.183594 0.291406 0.001563 0.073438
9 0.074219 0.384375 0.001563 0.050000
9 0.094531 0.312500 0.001563 0.081250
7 0.837500 0.371875 0.028125 0.075000
15 0.444531 0.450781 0.048438 0.039062
0 0.781250 0.535937 0.021875 0.018750
0 0.781250 0.592187 0.021875 0.018750
0 0.626563 0.535937 0.021875 0.018750
0 0.626563 0.592187 0.021875 0.018750
0 0.445312 0.535937 0.021875 0.018750
0 0.445312 0.592187 0.021875 0.018750
0 0.356250 0.535937 0.021875 0.018750
0 0.356250 0.592187 0.021875 0.018750
0 0.084375 0.528125 0.021875 0.018750
0 0.084375 0.584375 0.021875 0.018750
0 0.717187 0.307812 0.021875 0.018750
0 0.717187 0.332813 0.021875 0.018750
0 0.717187 0.364063 0.021875 0.018750
0 0.626563 0.332813 0.021875 0.018750
0 0.626563 0.276562 0.021875 0.018750
0 0.626563 0.307812 0.021875 0.018750
0 0.535937 0.332813 0.021875 0.018750
0 0.535937 0.332813 0.021875 0.018750
0 0.356250 0.307812 0.021875 0.018750
0 0.356250 0.332813 0.021875 0.018750
0 0.356250 0.364063 0.021875 0.018750
0 0.335938 0.315625 0.021875 0.018750
0 0.265625 0.307812 0.021875 0.018750
0 0.265625 0.332813 0.021875 0.018750
0 0.265625 0.364063 0.021875 0.018750
0 0.245312 0.315625 0.021875 0.018750
0 0.175000 0.300000 0.021875 0.018750
0 0.175000 0.315625 0.021875 0.018750
0 0.175000 0.332813 0.021875 0.018750
0 0.084375 0.356250 0.021875 0.018750
0 0.084375 0.356250 0.021875 0.018750
