10 0.595313 0.331250 0.121875 0.015625
10 0.132812 0.328125 0.090625 0.025000
14 0.477344 0.437500 0.460938 0.028125
14 0.525000 0.525781 0.150000 0.014063
14 0.524219 0.600781 0.148438 0.014063
14 0.568750 0.413281 0.062500 0.010937
14 0.309375 0.371875 0.046875 0.009375
14 0.303125 0.405469 0.059375 0.010937
14 0.303125 0.441406 0.059375 0.010937
9 0.860938 0.475000 0.003125 0.287500
15 0.799219 0.570312 0.017188 0.053125
9 0.791406 0.600000 0.001563 0.109375
9 0.605469 0.589844 0.001563 0.101562
9 0.425781 0.589844 0.001563 0.101562
15 0.346094 0.623437 0.020313 0.053125
9 0.336719 0.592969 0.001563 0.107813
9 0.069531 0.589844 0.001563 0.101562
9 0.727344 0.387500 0.001563 0.109375
4 0.697656 0.404687 0.010937 0.043750
9 0.655469 0.381250 0.001563 0.106250
15 0.614844 0.426563 0.020313 0.053125
9 0.605469 0.425781 0.001563 0.051562
3 0.592969 0.371875 0.014063 0.040625
3 0.592969 0.428125 0.014063 0.040625
15 0.525781 0.426563 0.020313 0.053125
9 0.516406 0.425781 0.001563 0.051562
9 0.535156 0.364844 0.001563 0.057813
12 0.432812 0.367188 0.015625 0.028125
15 0.364844 0.350000 0.017188 0.053125
9 0.357031 0.379688 0.001563 0.109375
15 0.274219 0.350000 0.017188 0.053125
9 0.266406 0.379688 0.001563 0.109375
4 0.236719 0.379688 0.010937 0.043750
4 0.236719 0.435937 0.010937 0.043750
9 0.177344 0.373437 0.001563 0.106250
3 0.146094 0.364063 0.014063 0.040625
3 0.146094 0.420312 0.014063 0.040625
9 0.069531 0.421094 0.001563 0.042188
9 0.088281 0.364844 0.001563 0.057813
15 0.007812 0.309375 0.015625 0.053125
0 0.781250 0.601562 0.021875 0.018750
0 0.781250 0.657813 0.021875 0.018750
0 0.615625 0.537500 0.021875 0.018750
0 0.615625 0.593750 0.021875 0.018750
0 0.435937 0.537500 0.021875 0.018750
0 0.435937 0.593750 0.021875 0.018750
0 0.346875 0.537500 0.021875 0.018750
0 0.346875 0.593750 0.021875 0.018750
0 0.079687 0.537500 0.021875 0.018750
0 0.079687 0.593750 0.021875 0.018750
0 0.718750 0.389062 0.021875 0.018750
0 0.718750 0.404687 0.021875 0.018750
0 0.718750 0.445312 0.021875 0.018750
0 0.646875 0.381250 0.021875 0.018750
0 0.646875 0.437500 0.021875 0.018750
0 0.615625 0.396875 0.021875 0.018750
0 0.526563 0.396875 0.021875 0.018750
0 0.526563 0.396875 0.021875 0.018750
0 0.346875 0.381250 0.021875 0.018750
0 0.346875 0.396875 0.021875 0.018750
0 0.346875 0.437500 0.021875 0.018750
0 0.257812 0.381250 0.021875 0.018750
0 0.257812 0.396875 0.021875 0.018750
0 0.257812 0.437500 0.021875 0.018750
0 0.168750 0.373437 0.021875 0.018750
0 0.168750 0.429688 0.021875 0.018750
0 0.079687 0.396875 0.021875 0.018750
0 0.079687 0.396875 0.021875 0.018750
