10 0.899219 0.239063 0.092188 0.025000
10 0.447656 0.264062 0.092188 0.025000
10 0.021094 0.264062 0.042188 0.025000
10 0.175781 0.485938 0.092188 0.012500
14 0.892188 0.436719 0.215625 0.026562
14 0.360156 0.436719 0.720313 0.029687
14 0.843750 0.528906 0.150000 0.010937
14 0.843750 0.599219 0.150000 0.014063
14 0.353125 0.517969 0.046875 0.010937
14 0.347656 0.592969 0.060937 0.010937
14 0.053125 0.596875 0.106250 0.018750
14 0.053125 0.519531 0.106250 0.017188
14 0.887500 0.349219 0.062500 0.010937
14 0.618750 0.299219 0.062500 0.010937
14 0.608594 0.323437 0.042188 0.009375
14 0.617969 0.341406 0.060937 0.010937
14 0.617969 0.372656 0.060937 0.010937
9 0.942969 0.539062 0.001563 0.100000
15 0.753125 0.617188 0.021875 0.015625
9 0.763281 0.539062 0.001563 0.100000
3 0.730469 0.528125 0.014063 0.040625
3 0.730469 0.584375 0.014063 0.040625
15 0.662500 0.617188 0.021875 0.015625
15 0.680469 0.506250 0.017188 0.053125
9 0.672656 0.534375 0.001563 0.109375
9 0.402344 0.532031 0.001563 0.098437
15 0.319531 0.496875 0.017188 0.053125
9 0.311719 0.526563 0.001563 0.109375
9 0.221094 0.538281 0.001563 0.101562
9 0.130469 0.532031 0.001563 0.098437
15 0.933594 0.362500 0.020313 0.053125
9 0.924219 0.360156 0.001563 0.051562
9 0.942969 0.267969 0.001563 0.073438
15 0.842969 0.362500 0.020313 0.053125
9 0.833594 0.360156 0.001563 0.051562
9 0.853906 0.287500 0.001563 0.081250
12 0.750000 0.367188 0.015625 0.028125
15 0.663281 0.395313 0.020313 0.053125
9 0.653906 0.364844 0.001563 0.107813
15 0.572656 0.395313 0.020313 0.053125
9 0.563281 0.364844 0.001563 0.107813
9 0.491406 0.291406 0.001563 0.073438
9 0.382031 0.384375 0.001563 0.050000
9 0.402344 0.312500 0.001563 0.081250
12 0.298438 0.367188 0.015625 0.028125
9 0.111719 0.363281 0.001563 0.104688
4 0.083594 0.307812 0.010937 0.043750
4 0.100781 0.364063 0.010937 0.043750
9 0.039844 0.291406 0.001563 0.073438
15 0.752344 0.450781 0.048438 0.039062
0 0.934375 0.535937 0.021875 0.018750
0 0.934375 0.592187 0.021875 0.018750
0 0.753125 0.535937 0.021875 0.018750
0 0.753125 0.592187 0.021875 0.018750
0 0.664062 0.535937 0.021875 0.018750
0 0.664062 0.592187 0.021875 0.018750
0 0.392188 0.528125 0.021875 0.018750
0 0.392188 0.584375 0.021875 0.018750
0 0.301563 0.528125 0.021875 0.018750
0 0.301563 0.584375 0.021875 0.018750
0 0.210938 0.535937 0.021875 0.018750
0 0.210938 0.592187 0.021875 0.018750
0 0.121875 0.584375 0.021875 0.018750
0 0.121875 0.528125 0.021875 0.018750
0 0.934375 0.332813 0.021875 0.018750
0 0.934375 0.276562 0.021875 0.018750
0 0.934375 0.307812 0.021875 0.018750
0 0.843750 0.332813 0.021875 0.018750
0 0.843750 0.332813 0.021875 0.018750
0 0.664062 0.307812 0.021875 0.018750
0 0.664062 0.332813 0.021875 0.018750
0 0.664062 0.364063 0.021875 0.018750
0 0.643750 0.315625 0.021875 0.018750
0 0.573438 0.307812 0.021875 0.018750
0 0.573438 0.332813 0.021875 0.018750
0 0.573438 0.364063 0.021875 0.018750
0 0.553125 0.315625 0.021875 0.018750
0 0.482812 0.300000 0.021875 0.018750
0 0.482812 0.315625 0.021875 0.018750
0 0.482812 0.332813 0.021875 0.018750
0 0.392188 0.356250 0.021875 0.018750
0 0.392188 0.356250 0.021875 0.018750
0 0.121875 0.307812 0.021875 0.018750
0 0.121875 0.332813 0.021875 0.018750
0 0.121875 0.364063 0.021875 0.018750
0 0.101562 0.315625 0.021875 0.018750
0 0.031250 0.300000 0.021875 0.018750
0 0.031250 0.315625 0.021875 0.018750
0 0.031250 0.332813 0.021875 0.018750
