3 0.421094 0.525000 0.014063 0.040625
3 0.402344 0.550000 0.014063 0.040625
3 0.383594 0.517188 0.014063 0.040625
3 0.364844 0.542188 0.014063 0.040625
3 0.346094 0.509375 0.014063 0.040625
3 0.327344 0.534375 0.014063 0.040625
13 0.282031 0.521094 0.045312 0.057813
3 0.421094 0.348438 0.014063 0.040625
3 0.402344 0.371875 0.014063 0.040625
3 0.383594 0.340625 0.014063 0.040625
3 0.364844 0.364063 0.014063 0.040625
3 0.346094 0.331250 0.014063 0.040625
3 0.327344 0.356250 0.014063 0.040625
7 0.281250 0.366406 0.043750 0.114062
10 0.602344 0.362500 0.089063 0.012500
10 0.798438 0.481250 0.090625 0.025000
14 0.971094 0.501563 0.045312 0.009375
14 0.963281 0.571094 0.057813 0.010937
9 0.248438 0.445312 0.003125 0.228125
15 0.936719 0.479687 0.017188 0.053125
9 0.928906 0.507812 0.001563 0.109375
4 0.899219 0.509375 0.010937 0.043750
4 0.899219 0.565625 0.010937 0.043750
9 0.841406 0.522656 0.001563 0.098437
9 0.753906 0.542188 0.001563 0.106250
9 0.489844 0.548438 0.001563 0.109375
4 0.460156 0.550000 0.010937 0.043750
4 0.460156 0.606250 0.010937 0.043750
9 0.997656 0.370312 0.001563 0.053125
12 0.917188 0.367188 0.015625 0.028125
9 0.733594 0.309375 0.001563 0.109375
9 0.646094 0.303906 0.001563 0.114062
3 0.633594 0.259375 0.014063 0.040625
9 0.558594 0.333594 0.001563 0.060937
9 0.577344 0.275000 0.001563 0.040625
12 0.476562 0.367188 0.015625 0.028125
15 0.478906 0.444531 0.048438 0.039062
0 0.920312 0.509375 0.021875 0.018750
0 0.920312 0.567187 0.021875 0.018750
0 0.831250 0.518750 0.021875 0.018750
0 0.831250 0.575000 0.021875 0.018750
0 0.743750 0.542188 0.021875 0.018750
0 0.743750 0.598437 0.021875 0.018750
0 0.479687 0.550000 0.021875 0.018750
0 0.479687 0.606250 0.021875 0.018750
0 0.743750 0.251563 0.021875 0.018750
0 0.743750 0.267188 0.021875 0.018750
0 0.743750 0.284375 0.021875 0.018750
0 0.743750 0.307812 0.021875 0.018750
0 0.656250 0.243750 0.021875 0.018750
0 0.656250 0.267188 0.021875 0.018750
0 0.656250 0.284375 0.021875 0.018750
0 0.568750 0.300000 0.021875 0.018750
0 0.568750 0.300000 0.021875 0.018750
