10 0.878125 0.304688 0.090625 0.025000
10 0.435937 0.320312 0.090625 0.025000
10 0.018750 0.323437 0.037500 0.025000
14 0.825000 0.519531 0.146875 0.014063
14 0.825000 0.594531 0.146875 0.014063
14 0.344531 0.500781 0.045312 0.010937
14 0.337500 0.575781 0.059375 0.010937
14 0.866406 0.413281 0.060937 0.010937
14 0.610156 0.339062 0.045312 0.009375
14 0.612500 0.356250 0.040625 0.009375
14 0.603125 0.382031 0.059375 0.010937
14 0.603125 0.408594 0.059375 0.010937
12 0.995313 0.537500 0.009375 0.028125
15 0.930469 0.496875 0.017188 0.053125
9 0.922656 0.526563 0.001563 0.109375
9 0.744531 0.528906 0.001563 0.101562
15 0.664844 0.489063 0.017188 0.053125
9 0.657031 0.518750 0.001563 0.109375
12 0.556250 0.537500 0.015625 0.028125
9 0.391406 0.516406 0.001563 0.098437
15 0.310156 0.481250 0.017188 0.053125
9 0.302344 0.509375 0.001563 0.109375
15 0.203906 0.590625 0.020313 0.053125
9 0.194531 0.560156 0.001563 0.107813
12 0.112500 0.537500 0.015625 0.028125
9 0.991406 0.376563 0.001563 0.100000
15 0.911719 0.426563 0.020313 0.053125
9 0.902344 0.425781 0.001563 0.051562
9 0.922656 0.332031 0.001563 0.073438
15 0.824219 0.426563 0.020313 0.053125
9 0.814844 0.425781 0.001563 0.051562
9 0.833594 0.351562 0.001563 0.081250
12 0.732812 0.367188 0.015625 0.028125
15 0.664844 0.317188 0.017188 0.053125
9 0.657031 0.346875 0.001563 0.109375
15 0.575781 0.317188 0.017188 0.053125
9 0.567969 0.346875 0.001563 0.109375
4 0.538281 0.348438 0.010937 0.043750
9 0.478906 0.351562 0.001563 0.081250
9 0.371094 0.436719 0.001563 0.042188
9 0.391406 0.368750 0.001563 0.081250
12 0.290625 0.367188 0.015625 0.028125
9 0.125781 0.358594 0.001563 0.101562
9 0.036719 0.358594 0.001563 0.085938
4 0.007031 0.404687 0.010937 0.043750
0 0.912500 0.528125 0.021875 0.018750
0 0.912500 0.584375 0.021875 0.018750
0 0.735938 0.528125 0.021875 0.018750
0 0.735938 0.584375 0.021875 0.018750
0 0.646875 0.518750 0.021875 0.018750
0 0.646875 0.576562 0.021875 0.018750
0 0.381250 0.510938 0.021875 0.018750
0 0.381250 0.567187 0.021875 0.018750
0 0.293750 0.510938 0.021875 0.018750
0 0.293750 0.567187 0.021875 0.018750
0 0.204687 0.503125 0.021875 0.018750
0 0.204687 0.559375 0.021875 0.018750
0 0.995313 0.325000 0.009375 0.018750
0 0.995313 0.340625 0.009375 0.018750
0 0.995313 0.356250 0.009375 0.018750
0 0.995313 0.381250 0.009375 0.018750
0 0.912500 0.396875 0.021875 0.018750
0 0.912500 0.340625 0.021875 0.018750
0 0.912500 0.356250 0.021875 0.018750
0 0.912500 0.373437 0.021875 0.018750
0 0.825000 0.396875 0.021875 0.018750
0 0.825000 0.396875 0.021875 0.018750
0 0.667188 0.364063 0.021875 0.018750
0 0.646875 0.348438 0.021875 0.018750
0 0.646875 0.373437 0.021875 0.018750
0 0.646875 0.404687 0.021875 0.018750
0 0.578125 0.364063 0.021875 0.018750
0 0.559375 0.348438 0.021875 0.018750
0 0.559375 0.373437 0.021875 0.018750
0 0.559375 0.404687 0.021875 0.018750
0 0.470313 0.356250 0.021875 0.018750
0 0.470313 0.396875 0.021875 0.018750
0 0.381250 0.412500 0.021875 0.018750
0 0.381250 0.412500 0.021875 0.018750
0 0.135937 0.404687 0.021875 0.018750
0 0.115625 0.356250 0.021875 0.018750
0 0.115625 0.412500 0.021875 0.018750
0 0.028125 0.364063 0.021875 0.018750
0 0.028125 0.404687 0.021875 0.018750
