10 0.914062 0.325781 0.171875 0.020313
10 0.632031 0.325781 0.323437 0.020313
10 0.236719 0.325781 0.323437 0.020313
14 0.980469 0.389062 0.039062 0.009375
14 0.802344 0.389062 0.039062 0.009375
14 0.622656 0.389062 0.039062 0.009375
14 0.423438 0.388281 0.075000 0.010937
14 0.225781 0.389062 0.039062 0.009375
14 0.047656 0.389062 0.039062 0.009375
9 0.425000 0.364844 0.003125 0.067187
9 0.971094 0.342187 0.001563 0.053125
9 0.919531 0.342187 0.001563 0.053125
9 0.866406 0.342187 0.001563 0.053125
9 0.828906 0.342187 0.001563 0.053125
9 0.792969 0.342187 0.001563 0.053125
9 0.739844 0.342187 0.001563 0.053125
9 0.686719 0.342187 0.001563 0.053125
9 0.650781 0.342187 0.001563 0.053125
9 0.613281 0.342187 0.001563 0.053125
9 0.560156 0.342187 0.001563 0.053125
9 0.508594 0.342187 0.001563 0.053125
9 0.471094 0.342187 0.001563 0.053125
9 0.396094 0.342187 0.001563 0.053125
9 0.344531 0.342187 0.001563 0.053125
9 0.291406 0.342187 0.001563 0.053125
9 0.253906 0.342187 0.001563 0.053125
9 0.217969 0.342187 0.001563 0.053125
9 0.164844 0.342187 0.001563 0.053125
9 0.111719 0.342187 0.001563 0.053125
9 0.075781 0.342187 0.001563 0.053125
9 0.038281 0.342187 0.001563 0.053125
0 0.994531 0.373437 0.010937 0.018750
0 0.962500 0.373437 0.021875 0.018750
0 0.909375 0.373437 0.021875 0.018750
0 0.857812 0.373437 0.021875 0.018750
0 0.820312 0.373437 0.021875 0.018750
0 0.782813 0.373437 0.021875 0.018750
0 0.731250 0.373437 0.021875 0.018750
0 0.678125 0.373437 0.021875 0.018750
0 0.640625 0.373437 0.021875 0.018750
0 0.603125 0.373437 0.021875 0.018750
0 0.551562 0.373437 0.021875 0.018750
0 0.498437 0.373437 0.021875 0.018750
0 0.462500 0.373437 0.021875 0.018750
0 0.387500 0.373437 0.021875 0.018750
0 0.334375 0.373437 0.021875 0.018750
0 0.282813 0.373437 0.021875 0.018750
0 0.245312 0.373437 0.021875 0.018750
0 0.207813 0.373437 0.021875 0.018750
0 0.154688 0.373437 0.021875 0.018750
0 0.103125 0.373437 0.021875 0.018750
0 0.065625 0.373437 0.021875 0.018750
0 0.028125 0.373437 0.021875 0.018750
