7 0.262500 0.366406 0.043750 0.114062
10 0.837500 0.325781 0.325000 0.020313
10 0.564844 0.319531 0.114062 0.007812
10 0.397656 0.319531 0.114062 0.007812
14 0.835938 0.389062 0.040625 0.009375
9 0.960156 0.342187 0.001563 0.053125
9 0.905469 0.342187 0.001563 0.053125
9 0.866406 0.342187 0.001563 0.053125
9 0.825781 0.342187 0.001563 0.053125
9 0.771094 0.342187 0.001563 0.053125
9 0.714844 0.342187 0.001563 0.053125
9 0.675781 0.342187 0.001563 0.053125
9 0.619531 0.342187 0.001563 0.053125
9 0.564844 0.342187 0.001563 0.053125
9 0.508594 0.342187 0.001563 0.053125
9 0.452344 0.342187 0.001563 0.053125
9 0.397656 0.342187 0.001563 0.053125
9 0.341406 0.342187 0.001563 0.053125
0 0.951562 0.373437 0.021875 0.018750
0 0.895312 0.373437 0.021875 0.018750
0 0.856250 0.373437 0.021875 0.018750
0 0.817187 0.373437 0.021875 0.018750
0 0.760938 0.373437 0.021875 0.018750
0 0.706250 0.373437 0.021875 0.018750
0 0.665625 0.373437 0.021875 0.018750
0 0.610938 0.373437 0.021875 0.018750
0 0.554688 0.373437 0.021875 0.018750
0 0.500000 0.373437 0.021875 0.018750
0 0.443750 0.373437 0.021875 0.018750
0 0.387500 0.373437 0.021875 0.018750
0 0.332813 0.373437 0.021875 0.018750
