14 0.618750 0.389844 0.056250 0.010937
14 0.040625 0.388281 0.081250 0.010937
9 0.795312 0.364844 0.003125 0.067187
9 0.420312 0.364844 0.003125 0.067187
9 0.045312 0.364844 0.003125 0.067187
15 0.983594 0.342187 0.017188 0.053125
9 0.975781 0.343750 0.001563 0.053125
9 0.896094 0.345313 0.001563 0.050000
15 0.849219 0.342187 0.017188 0.053125
9 0.841406 0.343750 0.001563 0.053125
9 0.735156 0.345313 0.001563 0.050000
9 0.655469 0.345313 0.001563 0.050000
15 0.608594 0.342187 0.017188 0.053125
9 0.600781 0.343750 0.001563 0.053125
9 0.521094 0.345313 0.001563 0.050000
15 0.474219 0.342187 0.017188 0.053125
9 0.466406 0.343750 0.001563 0.053125
9 0.360156 0.345313 0.001563 0.050000
9 0.280469 0.345313 0.001563 0.050000
15 0.233594 0.342187 0.017188 0.053125
9 0.225781 0.343750 0.001563 0.053125
9 0.147656 0.345313 0.001563 0.050000
15 0.099219 0.342187 0.017188 0.053125
9 0.091406 0.343750 0.001563 0.053125
0 0.965625 0.373437 0.021875 0.018750
0 0.887500 0.373437 0.021875 0.018750
0 0.831250 0.373437 0.021875 0.018750
0 0.725000 0.373437 0.021875 0.018750
0 0.646875 0.373437 0.021875 0.018750
0 0.590625 0.373437 0.021875 0.018750
0 0.512500 0.373437 0.021875 0.018750
0 0.456250 0.373437 0.021875 0.018750
0 0.350000 0.373437 0.021875 0.018750
0 0.271875 0.373437 0.021875 0.018750
0 0.215625 0.373437 0.021875 0.018750
0 0.137500 0.373437 0.021875 0.018750
0 0.081250 0.373437 0.021875 0.018750
