7 0.262500 0.366406 0.043750 0.114062
14 0.824219 0.388281 0.079687 0.010937
9 0.670312 0.364844 0.003125 0.067187
9 0.928906 0.345313 0.001563 0.050000
15 0.882031 0.342187 0.017188 0.053125
9 0.874219 0.343750 0.001563 0.053125
9 0.794531 0.345313 0.001563 0.050000
9 0.716406 0.345313 0.001563 0.050000
15 0.641406 0.342187 0.017188 0.053125
9 0.633594 0.343750 0.001563 0.053125
9 0.553906 0.345313 0.001563 0.050000
15 0.507031 0.342187 0.017188 0.053125
9 0.499219 0.343750 0.001563 0.053125
9 0.419531 0.345313 0.001563 0.050000
9 0.341406 0.345313 0.001563 0.050000
0 0.993750 0.373437 0.012500 0.018750
0 0.920312 0.373437 0.021875 0.018750
0 0.864062 0.373437 0.021875 0.018750
0 0.785937 0.373437 0.021875 0.018750
0 0.706250 0.373437 0.021875 0.018750
0 0.623437 0.373437 0.021875 0.018750
0 0.545312 0.373437 0.021875 0.018750
0 0.489063 0.373437 0.021875 0.018750
0 0.410938 0.373437 0.021875 0.018750
0 0.332813 0.373437 0.021875 0.018750
