10 0.668750 0.325781 0.346875 0.020313
10 0.383594 0.319531 0.114062 0.007812
10 0.214844 0.319531 0.114062 0.007812
14 0.657813 0.389062 0.040625 0.009375
14 0.458594 0.389844 0.057813 0.010937
9 0.860938 0.364844 0.003125 0.067187
9 0.112500 0.364844 0.003125 0.067187
9 0.839844 0.342187 0.001563 0.053125
9 0.783594 0.342187 0.001563 0.053125
9 0.727344 0.342187 0.001563 0.053125
9 0.688281 0.342187 0.001563 0.053125
9 0.647656 0.342187 0.001563 0.053125
9 0.591406 0.342187 0.001563 0.053125
9 0.535156 0.342187 0.001563 0.053125
9 0.496094 0.342187 0.001563 0.053125
9 0.439844 0.342187 0.001563 0.053125
9 0.383594 0.342187 0.001563 0.053125
9 0.327344 0.342187 0.001563 0.053125
9 0.271094 0.342187 0.001563 0.053125
9 0.214844 0.342187 0.001563 0.053125
9 0.158594 0.342187 0.001563 0.053125
9 0.091406 0.342187 0.001563 0.053125
9 0.035156 0.342187 0.001563 0.053125
0 0.831250 0.373437 0.021875 0.018750
0 0.775000 0.373437 0.021875 0.018750
0 0.718750 0.373437 0.021875 0.018750
0 0.678125 0.373437 0.021875 0.018750
0 0.639062 0.373437 0.021875 0.018750
0 0.582812 0.373437 0.021875 0.018750
0 0.526563 0.373437 0.021875 0.018750
0 0.485938 0.373437 0.021875 0.018750
0 0.429688 0.373437 0.021875 0.018750
0 0.373437 0.373437 0.021875 0.018750
0 0.317188 0.373437 0.021875 0.018750
0 0.260937 0.373437 0.021875 0.018750
0 0.204687 0.373437 0.021875 0.018750
0 0.148438 0.373437 0.021875 0.018750
0 0.081250 0.373437 0.021875 0.018750
0 0.025000 0.373437 0.021875 0.018750
