7 0.262500 0.366406 0.043750 0.114062
10 0.921094 0.325781 0.157812 0.020313
10 0.561719 0.325781 0.176563 0.020313
14 0.432031 0.388281 0.067187 0.010937
9 0.664062 0.364844 0.003125 0.067187
9 0.969531 0.342187 0.001563 0.053125
9 0.922656 0.342187 0.001563 0.053125
9 0.875781 0.342187 0.001563 0.053125
9 0.842969 0.342187 0.001563 0.053125
9 0.775781 0.345313 0.001563 0.050000
9 0.710156 0.345313 0.001563 0.050000
9 0.649219 0.342187 0.001563 0.053125
9 0.600781 0.342187 0.001563 0.053125
9 0.553906 0.342187 0.001563 0.053125
9 0.507031 0.342187 0.001563 0.053125
9 0.474219 0.342187 0.001563 0.053125
9 0.408594 0.345313 0.001563 0.050000
9 0.341406 0.345313 0.001563 0.050000
0 0.960938 0.373437 0.021875 0.018750
0 0.912500 0.373437 0.021875 0.018750
0 0.865625 0.373437 0.021875 0.018750
0 0.832812 0.373437 0.021875 0.018750
0 0.767188 0.373437 0.021875 0.018750
0 0.700000 0.373437 0.021875 0.018750
0 0.639062 0.373437 0.021875 0.018750
0 0.592187 0.373437 0.021875 0.018750
0 0.545312 0.373437 0.021875 0.018750
0 0.498437 0.373437 0.021875 0.018750
0 0.465625 0.373437 0.021875 0.018750
0 0.398438 0.373437 0.021875 0.018750
0 0.332813 0.373437 0.021875 0.018750
