10 0.928906 0.325781 0.142187 0.020313
10 0.678125 0.325781 0.296875 0.020313
10 0.158594 0.325781 0.132812 0.020313
14 0.989844 0.389062 0.020313 0.009375
14 0.832031 0.389062 0.035937 0.009375
14 0.667969 0.389062 0.035937 0.009375
9 0.423438 0.364844 0.003125 0.067187
9 0.046875 0.364844 0.003125 0.067187
9 0.989844 0.342187 0.001563 0.053125
9 0.941406 0.342187 0.001563 0.053125
9 0.892969 0.342187 0.001563 0.053125
9 0.858594 0.342187 0.001563 0.053125
9 0.824219 0.342187 0.001563 0.053125
9 0.777344 0.342187 0.001563 0.053125
9 0.728906 0.342187 0.001563 0.053125
9 0.694531 0.342187 0.001563 0.053125
9 0.660156 0.342187 0.001563 0.053125
9 0.611719 0.342187 0.001563 0.053125
9 0.563281 0.342187 0.001563 0.053125
9 0.530469 0.342187 0.001563 0.053125
9 0.374219 0.345313 0.001563 0.050000
9 0.305469 0.345313 0.001563 0.050000
9 0.224219 0.342187 0.001563 0.053125
9 0.175781 0.342187 0.001563 0.053125
9 0.127344 0.342187 0.001563 0.053125
9 0.092969 0.342187 0.001563 0.053125
15 0.453125 0.381250 0.025000 0.034375
15 0.453906 0.347656 0.048438 0.032813
0 0.979688 0.373437 0.021875 0.018750
0 0.931250 0.373437 0.021875 0.018750
0 0.884375 0.373437 0.021875 0.018750
0 0.850000 0.373437 0.021875 0.018750
0 0.815625 0.373437 0.021875 0.018750
0 0.767188 0.373437 0.021875 0.018750
0 0.718750 0.373437 0.021875 0.018750
0 0.685937 0.373437 0.021875 0.018750
0 0.651563 0.373437 0.021875 0.018750
0 0.603125 0.373437 0.021875 0.018750
0 0.554688 0.373437 0.021875 0.018750
0 0.520312 0.373437 0.021875 0.018750
0 0.364063 0.373437 0.021875 0.018750
0 0.296875 0.373437 0.021875 0.018750
0 0.214062 0.373437 0.021875 0.018750
0 0.165625 0.373437 0.021875 0.018750
0 0.117188 0.373437 0.021875 0.018750
0 0.084375 0.373437 0.021875 0.018750
