10 0.860938 0.325781 0.278125 0.020313
10 0.433594 0.325781 0.429688 0.020313
10 0.072656 0.325781 0.145313 0.020313
14 0.927344 0.389062 0.039062 0.009375
14 0.675000 0.388281 0.075000 0.010937
14 0.424219 0.389062 0.039062 0.009375
14 0.171875 0.388281 0.075000 0.010937
9 0.676562 0.364844 0.003125 0.067187
9 0.173437 0.364844 0.003125 0.067187
9 0.992969 0.342187 0.001563 0.053125
9 0.955469 0.342187 0.001563 0.053125
9 0.917969 0.342187 0.001563 0.053125
9 0.864844 0.342187 0.001563 0.053125
9 0.811719 0.342187 0.001563 0.053125
9 0.760156 0.342187 0.001563 0.053125
9 0.722656 0.342187 0.001563 0.053125
9 0.647656 0.342187 0.001563 0.053125
9 0.594531 0.342187 0.001563 0.053125
9 0.542969 0.342187 0.001563 0.053125
9 0.489844 0.342187 0.001563 0.053125
9 0.452344 0.342187 0.001563 0.053125
9 0.414844 0.342187 0.001563 0.053125
9 0.361719 0.342187 0.001563 0.053125
9 0.310156 0.342187 0.001563 0.053125
9 0.257031 0.342187 0.001563 0.053125
9 0.219531 0.342187 0.001563 0.053125
9 0.144531 0.342187 0.001563 0.053125
9 0.091406 0.342187 0.001563 0.053125
9 0.039844 0.342187 0.001563 0.053125
0 0.982812 0.373437 0.021875 0.018750
0 0.945312 0.373437 0.021875 0.018750
0 0.909375 0.373437 0.021875 0.018750
0 0.856250 0.373437 0.021875 0.018750
0 0.803125 0.373437 0.021875 0.018750
0 0.750000 0.373437 0.021875 0.018750
0 0.712500 0.373437 0.021875 0.018750
0 0.639062 0.373437 0.021875 0.018750
0 0.585938 0.373437 0.021875 0.018750
0 0.532813 0.373437 0.021875 0.018750
0 0.479687 0.373437 0.021875 0.018750
0 0.443750 0.373437 0.021875 0.018750
0 0.406250 0.373437 0.021875 0.018750
0 0.353125 0.373437 0.021875 0.018750
0 0.300000 0.373437 0.021875 0.018750
0 0.246875 0.373437 0.021875 0.018750
0 0.210938 0.373437 0.021875 0.018750
0 0.135937 0.373437 0.021875 0.018750
0 0.082812 0.373437 0.021875 0.018750
0 0.029687 0.373437 0.021875 0.018750
