7 0.262500 0.366406 0.043750 0.114062
10 0.799219 0.325781 0.214062 0.020313
10 0.499219 0.325781 0.317188 0.020313
14 0.914062 0.389062 0.037500 0.009375
14 0.840625 0.389062 0.037500 0.009375
14 0.665625 0.389062 0.037500 0.009375
14 0.489063 0.389062 0.037500 0.009375
9 0.941406 0.342969 0.001563 0.051562
9 0.905469 0.342187 0.001563 0.053125
9 0.869531 0.342187 0.001563 0.053125
9 0.832031 0.342187 0.001563 0.053125
9 0.780469 0.342187 0.001563 0.053125
9 0.728906 0.342187 0.001563 0.053125
9 0.692969 0.342187 0.001563 0.053125
9 0.657031 0.342187 0.001563 0.053125
9 0.605469 0.342187 0.001563 0.053125
9 0.553906 0.342187 0.001563 0.053125
9 0.517969 0.342187 0.001563 0.053125
9 0.480469 0.342187 0.001563 0.053125
9 0.428906 0.342187 0.001563 0.053125
9 0.377344 0.342187 0.001563 0.053125
9 0.341406 0.342187 0.001563 0.053125
0 0.932813 0.373437 0.021875 0.018750
0 0.896875 0.373437 0.021875 0.018750
0 0.859375 0.373437 0.021875 0.018750
0 0.823438 0.373437 0.021875 0.018750
0 0.771875 0.373437 0.021875 0.018750
0 0.720313 0.373437 0.021875 0.018750
0 0.684375 0.373437 0.021875 0.018750
0 0.646875 0.373437 0.021875 0.018750
0 0.595313 0.373437 0.021875 0.018750
0 0.543750 0.373437 0.021875 0.018750
0 0.507812 0.373437 0.021875 0.018750
0 0.471875 0.373437 0.021875 0.018750
0 0.420312 0.373437 0.021875 0.018750
0 0.368750 0.373437 0.021875 0.018750
0 0.332813 0.373437 0.021875 0.018750
