13 0.825000 0.635156 0.053125 0.010937
13 0.425781 0.508594 0.851562 0.076563
13 0.550000 0.413281 0.071875 0.010937
13 0.425781 0.277344 0.851562 0.092188
14 0.860938 0.475781 0.003125 0.289062
14 0.406250 0.475781 0.003125 0.289062
9 0.808594 0.589063 0.001563 0.053125
11 0.725781 0.586719 0.017188 0.048438
11 0.584375 0.582812 0.018750 0.009375
11 0.442188 0.582812 0.018750 0.009375
8 0.342969 0.502344 0.004687 0.004687
9 0.333594 0.578125 0.001563 0.106250
2 0.304688 0.553906 0.015625 0.045312
4 0.324219 0.521875 0.010937 0.043750
2 0.320312 0.578906 0.015625 0.045312
11 0.236719 0.586719 0.017188 0.048438
9 0.085156 0.604688 0.001563 0.053125
3 0.053906 0.626563 0.014063 0.040625
11 0.005469 0.586719 0.010937 0.048438
12 0.765625 0.578125 0.031250 0.037500
7 0.271875 0.595313 0.028125 0.075000
11 0.726562 0.359375 0.018750 0.009375
11 0.655469 0.364844 0.017188 0.048438
9 0.594531 0.367188 0.001563 0.053125
14 0.514062 0.423438 0.021875 0.003125
9 0.524219 0.367188 0.001563 0.053125
4 0.494531 0.396875 0.010937 0.043750
11 0.441406 0.364844 0.017188 0.048438
9 0.207031 0.366406 0.001563 0.104688
4 0.163281 0.404687 0.010937 0.043750
4 0.177344 0.420312 0.010937 0.043750
3 0.175781 0.356250 0.014063 0.040625
11 0.124219 0.364844 0.017188 0.048438
11 0.006250 0.359375 0.012500 0.009375
14 0.797656 0.475781 0.029687 0.026562
14 0.062500 0.437500 0.065625 0.025000
14 0.015625 0.444531 0.031250 0.026562
0 0.800000 0.618750 0.021875 0.018750
0 0.343750 0.521875 0.021875 0.018750
0 0.343750 0.554688 0.021875 0.018750
0 0.343750 0.579688 0.021875 0.018750
1 0.076563 0.635938 0.021875 0.018750
0 0.585938 0.396875 0.021875 0.018750
0 0.514062 0.396875 0.021875 0.018750
1 0.198437 0.404687 0.021875 0.018750
1 0.198437 0.421875 0.021875 0.018750
1 0.198437 0.364063 0.021875 0.018750
