14 0.103125 0.436719 0.206250 0.023438
14 0.280469 0.542969 0.076563 0.057813
14 0.057031 0.597656 0.070312 0.054688
14 0.425781 0.526563 0.851562 0.068750
14 0.167969 0.357031 0.120313 0.010937
14 0.166406 0.396875 0.120313 0.012500
14 0.166406 0.426563 0.120313 0.012500
14 0.425781 0.299219 0.851562 0.051562
9 0.860938 0.489063 0.003125 0.315625
9 0.382812 0.489063 0.003125 0.315625
15 0.795312 0.565625 0.021875 0.015625
8 0.794531 0.588281 0.004687 0.004687
9 0.785156 0.639062 0.001563 0.046875
12 0.717969 0.613281 0.017188 0.048438
11 0.568750 0.609375 0.018750 0.009375
15 0.495312 0.537500 0.021875 0.015625
8 0.494531 0.552344 0.004687 0.004687
9 0.485156 0.603125 0.001563 0.053125
4 0.474219 0.573438 0.010937 0.043750
12 0.417969 0.613281 0.017188 0.048438
9 0.307031 0.618750 0.001563 0.053125
3 0.294531 0.581250 0.014063 0.040625
9 0.232031 0.575000 0.001563 0.078125
12 0.164844 0.613281 0.017188 0.048438
9 0.082031 0.632812 0.001563 0.050000
2 0.068750 0.605469 0.015625 0.045312
9 0.014844 0.631250 0.001563 0.053125
13 0.760938 0.604688 0.031250 0.037500
11 0.718750 0.359375 0.018750 0.009375
15 0.645312 0.423438 0.021875 0.015625
8 0.644531 0.408594 0.004687 0.004687
9 0.655469 0.359375 0.001563 0.053125
2 0.621875 0.388281 0.015625 0.045312
12 0.567969 0.364844 0.017188 0.048438
11 0.418750 0.359375 0.018750 0.009375
12 0.314844 0.364844 0.017188 0.048438
9 0.250781 0.366406 0.001563 0.104688
9 0.100781 0.366406 0.001563 0.104688
3 0.069531 0.356250 0.014063 0.040625
4 0.071094 0.420312 0.010937 0.043750
12 0.005469 0.364844 0.010937 0.048438
15 0.492969 0.475781 0.032813 0.039062
15 0.240625 0.469531 0.053125 0.026562
7 0.037500 0.371875 0.028125 0.075000
0 0.795312 0.614062 0.021875 0.018750
0 0.495312 0.573438 0.021875 0.018750
0 0.317188 0.589063 0.021875 0.018750
0 0.242188 0.532813 0.021875 0.018750
0 0.092188 0.606250 0.021875 0.018750
0 0.007812 0.662500 0.015625 0.018750
0 0.645312 0.389062 0.021875 0.018750
0 0.242188 0.364063 0.021875 0.018750
0 0.242188 0.389062 0.021875 0.018750
0 0.242188 0.421875 0.021875 0.018750
1 0.092188 0.364063 0.021875 0.018750
1 0.092188 0.389062 0.021875 0.018750
1 0.092188 0.421875 0.021875 0.018750
