10 0.357031 0.323437 0.054688 0.025000
10 0.546094 0.689063 0.054688 0.025000
14 0.131250 0.437500 0.059375 0.021875
14 0.557031 0.610938 0.054688 0.050000
14 0.425781 0.537500 0.851562 0.062500
14 0.346094 0.417969 0.054688 0.057813
14 0.425781 0.299219 0.851562 0.051562
9 0.860938 0.496875 0.003125 0.331250
9 0.417187 0.496875 0.003125 0.331250
15 0.764062 0.553125 0.021875 0.003125
9 0.753906 0.624219 0.001563 0.098437
4 0.724219 0.595313 0.010937 0.043750
3 0.739844 0.612500 0.014063 0.040625
4 0.744531 0.571875 0.010937 0.043750
11 0.634375 0.623437 0.018750 0.009375
9 0.572656 0.677344 0.001563 0.042188
4 0.563281 0.653125 0.010937 0.043750
9 0.519531 0.644531 0.001563 0.073438
4 0.510156 0.604688 0.010937 0.043750
12 0.452344 0.628906 0.017188 0.048438
11 0.243750 0.623437 0.018750 0.009375
8 0.169531 0.583594 0.004687 0.004687
9 0.160156 0.634375 0.001563 0.053125
3 0.147656 0.596875 0.014063 0.040625
8 0.077344 0.603906 0.004687 0.004687
9 0.067969 0.654687 0.001563 0.046875
4 0.058594 0.628125 0.010937 0.043750
8 0.002344 0.688281 0.004687 0.004687
9 0.013281 0.639062 0.001563 0.053125
13 0.693750 0.620313 0.031250 0.037500
7 0.117188 0.637500 0.028125 0.075000
9 0.700781 0.384375 0.001563 0.050000
2 0.687500 0.355469 0.015625 0.045312
12 0.633594 0.364844 0.017188 0.048438
11 0.453125 0.359375 0.018750 0.009375
9 0.383594 0.370312 0.001563 0.078125
4 0.353906 0.412500 0.010937 0.043750
9 0.330469 0.338281 0.001563 0.045312
4 0.300781 0.364063 0.010937 0.043750
12 0.242969 0.364844 0.017188 0.048438
9 0.013281 0.376563 0.001563 0.100000
15 0.710938 0.480469 0.053125 0.026562
15 0.528906 0.474219 0.032813 0.039062
15 0.319531 0.480469 0.029687 0.026562
15 0.059375 0.471875 0.065625 0.025000
15 0.014063 0.474219 0.028125 0.039062
1 0.764062 0.571875 0.021875 0.018750
1 0.764062 0.620313 0.021875 0.018750
1 0.764062 0.596875 0.021875 0.018750
0 0.582812 0.653125 0.021875 0.018750
0 0.529687 0.604688 0.021875 0.018750
0 0.170313 0.604688 0.021875 0.018750
0 0.078125 0.629687 0.021875 0.018750
0 0.007031 0.668750 0.014063 0.018750
1 0.710938 0.356250 0.021875 0.018750
0 0.373437 0.412500 0.021875 0.018750
0 0.320312 0.364063 0.021875 0.018750
1 0.007031 0.404687 0.014063 0.018750
1 0.007031 0.381250 0.014063 0.018750
1 0.007031 0.429688 0.014063 0.018750
