14 0.471875 0.684375 0.053125 0.059375
14 0.500000 0.534375 1.000000 0.053125
14 0.434375 0.565625 0.128125 0.321875
14 0.500000 0.277344 1.000000 0.095312
9 0.651563 0.482812 0.003125 0.303125
9 0.223438 0.482812 0.003125 0.303125
8 0.928906 0.669531 0.004687 0.004687
9 0.938281 0.594531 0.001563 0.101562
4 0.908594 0.592187 0.010937 0.043750
2 0.906250 0.649219 0.015625 0.045312
12 0.846094 0.600781 0.017188 0.048438
8 0.767969 0.677344 0.004687 0.004687
9 0.777344 0.602344 0.001563 0.104688
4 0.747656 0.656250 0.010937 0.043750
3 0.746094 0.592187 0.014063 0.040625
12 0.685156 0.600781 0.017188 0.048438
12 0.577344 0.600781 0.017188 0.048438
15 0.457031 0.614844 0.010937 0.032813
9 0.455469 0.614844 0.014063 0.032813
9 0.508594 0.616406 0.001563 0.107813
4 0.478906 0.617188 0.010937 0.043750
2 0.475000 0.672656 0.015625 0.045312
11 0.382812 0.596875 0.018750 0.009375
15 0.270313 0.550000 0.021875 0.003125
9 0.260156 0.598437 0.001563 0.053125
2 0.248438 0.567969 0.015625 0.045312
8 0.152344 0.539844 0.004687 0.004687
9 0.142969 0.610938 0.001563 0.093750
4 0.132031 0.559375 0.010937 0.043750
4 0.132031 0.607812 0.010937 0.043750
12 0.064844 0.600781 0.017188 0.048438
7 0.200000 0.609375 0.028125 0.075000
13 0.101562 0.592187 0.031250 0.037500
12 0.927344 0.364844 0.017188 0.048438
8 0.847656 0.339844 0.004687 0.004687
9 0.838281 0.390625 0.001563 0.046875
11 0.685937 0.359375 0.018750 0.009375
8 0.578906 0.263281 0.004687 0.004687
9 0.569531 0.325000 0.001563 0.078125
3 0.557031 0.275000 0.014063 0.040625
12 0.496094 0.364844 0.017188 0.048438
9 0.394531 0.359375 0.001563 0.053125
4 0.364844 0.387500 0.010937 0.043750
11 0.268750 0.359375 0.018750 0.009375
8 0.152344 0.288281 0.004687 0.004687
9 0.142969 0.337500 0.001563 0.053125
12 0.064844 0.364844 0.017188 0.048438
13 0.815625 0.356250 0.031250 0.037500
15 0.578906 0.478906 0.032813 0.039062
15 0.383594 0.482031 0.029687 0.026562
7 0.334375 0.371875 0.028125 0.075000
0 0.929688 0.593750 0.021875 0.018750
0 0.929688 0.650000 0.021875 0.018750
0 0.768750 0.657813 0.021875 0.018750
0 0.768750 0.601562 0.021875 0.018750
0 0.446875 0.633594 0.012500 0.010937
0 0.498437 0.617188 0.021875 0.018750
0 0.498437 0.673438 0.021875 0.018750
1 0.270313 0.568750 0.021875 0.018750
0 0.153125 0.560937 0.021875 0.018750
0 0.153125 0.609375 0.021875 0.018750
0 0.848437 0.364063 0.021875 0.018750
0 0.579688 0.284375 0.021875 0.018750
1 0.384375 0.389062 0.021875 0.018750
0 0.153125 0.307812 0.021875 0.018750
