13 0.282031 0.561719 0.045312 0.057813
7 0.281250 0.366406 0.043750 0.114062
10 0.843750 0.336719 0.178125 0.007812
10 0.592969 0.606250 0.051562 0.025000
14 0.601562 0.521875 0.050000 0.046875
14 0.657813 0.496094 0.684375 0.051562
14 0.897656 0.431250 0.051562 0.050000
14 0.771094 0.431250 0.051562 0.050000
14 0.455469 0.346094 0.070312 0.010937
14 0.657813 0.299219 0.684375 0.051562
9 0.248438 0.464844 0.003125 0.267188
9 0.835938 0.464844 0.003125 0.267188
11 0.871875 0.560937 0.018750 0.009375
11 0.675000 0.560937 0.018750 0.009375
9 0.616406 0.591406 0.001563 0.045312
3 0.603906 0.557813 0.014063 0.040625
9 0.567969 0.559375 0.001563 0.078125
3 0.555469 0.509375 0.014063 0.040625
12 0.488281 0.564844 0.017188 0.048438
11 0.350000 0.560937 0.018750 0.009375
7 0.523438 0.573438 0.028125 0.075000
12 0.969531 0.364844 0.017188 0.048438
9 0.932031 0.359375 0.001563 0.053125
2 0.898438 0.388281 0.015625 0.045312
9 0.882031 0.383594 0.001563 0.101562
9 0.805469 0.383594 0.001563 0.101562
9 0.755469 0.359375 0.001563 0.053125
2 0.723437 0.388281 0.015625 0.045312
12 0.674219 0.364844 0.017188 0.048438
12 0.575781 0.364844 0.017188 0.048438
9 0.480469 0.390625 0.001563 0.046875
15 0.420312 0.321875 0.021875 0.003125
9 0.410156 0.390625 0.001563 0.046875
12 0.349219 0.364844 0.017188 0.048438
15 0.575781 0.449219 0.032813 0.039062
0 0.626563 0.565625 0.021875 0.018750
0 0.578125 0.517188 0.021875 0.018750
0 0.921875 0.389062 0.021875 0.018750
0 0.873437 0.437500 0.021875 0.018750
0 0.795312 0.437500 0.021875 0.018750
0 0.746875 0.389062 0.021875 0.018750
0 0.490625 0.364063 0.021875 0.018750
0 0.420312 0.364063 0.021875 0.018750
