14 0.449219 0.437500 0.085938 0.021875
14 0.414062 0.548438 0.178125 0.028125
14 0.362500 0.657031 0.078125 0.010937
14 0.362500 0.617969 0.078125 0.010937
14 0.382031 0.591406 0.079687 0.010937
14 0.425781 0.519531 0.851562 0.051562
14 0.018750 0.378906 0.037500 0.010937
14 0.018750 0.441406 0.037500 0.010937
14 0.018750 0.421094 0.037500 0.010937
14 0.425781 0.280469 0.851562 0.089063
9 0.860938 0.474219 0.003125 0.285938
9 0.379688 0.474219 0.003125 0.285938
11 0.687500 0.579688 0.018750 0.009375
11 0.578125 0.579688 0.018750 0.009375
8 0.500781 0.635156 0.004687 0.004687
9 0.511719 0.585938 0.001563 0.053125
4 0.482031 0.615625 0.010937 0.043750
9 0.425781 0.595313 0.001563 0.100000
9 0.317969 0.595313 0.001563 0.100000
4 0.269531 0.607812 0.010937 0.043750
2 0.284375 0.599219 0.015625 0.045312
12 0.203906 0.583594 0.017188 0.048438
11 0.050000 0.579688 0.018750 0.009375
7 0.239063 0.592187 0.028125 0.075000
8 0.792969 0.278906 0.004687 0.004687
9 0.783594 0.356250 0.001563 0.106250
2 0.753125 0.332031 0.015625 0.045312
4 0.772656 0.300000 0.010937 0.043750
2 0.770312 0.355469 0.015625 0.045312
12 0.686719 0.364844 0.017188 0.048438
9 0.511719 0.367188 0.001563 0.053125
4 0.482031 0.396875 0.010937 0.043750
12 0.414844 0.364844 0.017188 0.048438
11 0.204687 0.359375 0.018750 0.009375
12 0.127344 0.364844 0.017188 0.048438
9 0.061719 0.383594 0.001563 0.101562
7 0.721875 0.371875 0.028125 0.075000
13 0.451562 0.356250 0.031250 0.037500
15 0.307031 0.469531 0.029687 0.026562
0 0.501563 0.615625 0.021875 0.018750
0 0.435937 0.600000 0.021875 0.018750
0 0.417187 0.648438 0.021875 0.018750
0 0.417187 0.607812 0.021875 0.018750
0 0.328125 0.600000 0.021875 0.018750
0 0.307812 0.648438 0.021875 0.018750
0 0.307812 0.607812 0.021875 0.018750
0 0.793750 0.300000 0.021875 0.018750
0 0.793750 0.332813 0.021875 0.018750
0 0.793750 0.356250 0.021875 0.018750
1 0.501563 0.396875 0.021875 0.018750
0 0.051562 0.389062 0.021875 0.018750
0 0.051562 0.437500 0.021875 0.018750
0 0.051562 0.412500 0.021875 0.018750
