7 0.281250 0.585156 0.043750 0.114062
7 0.281250 0.366406 0.043750 0.114062
14 0.857031 0.437500 0.076563 0.021875
14 0.778125 0.650000 0.106250 0.012500
14 0.503906 0.667188 0.132812 0.037500
14 0.657031 0.519531 0.685937 0.051562
14 0.946094 0.378906 0.048438 0.010937
14 0.946094 0.441406 0.048438 0.010937
14 0.946094 0.421094 0.048438 0.010937
14 0.657031 0.280469 0.685937 0.089063
9 0.248438 0.474219 0.003125 0.285938
9 0.793750 0.474219 0.003125 0.285938
11 0.982812 0.579688 0.018750 0.009375
9 0.839844 0.601562 0.001563 0.053125
9 0.735156 0.601562 0.001563 0.053125
12 0.646094 0.583594 0.017188 0.048438
8 0.569531 0.667969 0.004687 0.004687
9 0.580469 0.614844 0.001563 0.060937
4 0.550781 0.648438 0.010937 0.043750
9 0.447656 0.601562 0.001563 0.053125
3 0.416406 0.623437 0.014063 0.040625
12 0.347656 0.583594 0.017188 0.048438
13 0.384375 0.575000 0.031250 0.037500
9 0.994531 0.383594 0.001563 0.101562
15 0.906250 0.456250 0.021875 0.003125
9 0.916406 0.383594 0.001563 0.101562
2 0.865625 0.413281 0.015625 0.045312
2 0.884375 0.388281 0.015625 0.045312
12 0.827344 0.364844 0.017188 0.048438
11 0.646875 0.359375 0.018750 0.009375
8 0.569531 0.439844 0.004687 0.004687
9 0.580469 0.366406 0.001563 0.104688
4 0.550781 0.420312 0.010937 0.043750
3 0.547656 0.356250 0.014063 0.040625
12 0.491406 0.364844 0.017188 0.048438
11 0.348438 0.359375 0.018750 0.009375
15 0.437500 0.474219 0.053125 0.026562
1 0.829688 0.632812 0.021875 0.018750
0 0.725000 0.632812 0.021875 0.018750
0 0.570312 0.648438 0.021875 0.018750
1 0.439063 0.632812 0.021875 0.018750
0 0.984375 0.389062 0.021875 0.018750
0 0.984375 0.437500 0.021875 0.018750
0 0.984375 0.412500 0.021875 0.018750
0 0.907813 0.389062 0.021875 0.018750
0 0.907813 0.437500 0.021875 0.018750
0 0.907813 0.412500 0.021875 0.018750
0 0.570312 0.421875 0.021875 0.018750
0 0.570312 0.364063 0.021875 0.018750
0 0.570312 0.404687 0.021875 0.018750
