13 0.282031 0.599219 0.045312 0.057813
7 0.281250 0.366406 0.043750 0.114062
14 0.657813 0.491406 0.684375 0.132812
14 0.796875 0.299219 0.065625 0.010937
14 0.577344 0.389844 0.064062 0.010937
14 0.657813 0.282031 0.684375 0.085938
9 0.248438 0.483594 0.003125 0.304688
12 0.979688 0.606250 0.015625 0.028125
15 0.892188 0.578125 0.021875 0.003125
9 0.882031 0.629687 0.001563 0.046875
4 0.872656 0.603125 0.010937 0.043750
12 0.825000 0.606250 0.015625 0.028125
12 0.760938 0.606250 0.015625 0.028125
15 0.673438 0.678125 0.021875 0.003125
9 0.683594 0.629687 0.001563 0.053125
3 0.652344 0.651563 0.014063 0.040625
12 0.607812 0.606250 0.015625 0.028125
12 0.499219 0.602344 0.017188 0.048438
15 0.437500 0.479687 0.021875 0.015625
8 0.436719 0.494531 0.004687 0.004687
15 0.436719 0.576562 0.020313 0.053125
9 0.427344 0.559375 0.001563 0.084375
2 0.414062 0.514844 0.015625 0.045312
12 0.348438 0.606250 0.015625 0.028125
7 0.382812 0.610938 0.028125 0.075000
15 0.982812 0.304688 0.021875 0.015625
8 0.982031 0.319531 0.004687 0.004687
9 0.972656 0.364844 0.001563 0.042188
3 0.960156 0.331250 0.014063 0.040625
12 0.889844 0.364844 0.017188 0.048438
15 0.827344 0.346875 0.020313 0.053125
9 0.817969 0.344531 0.001563 0.051562
15 0.764062 0.289062 0.021875 0.003125
15 0.763281 0.346875 0.020313 0.053125
9 0.753906 0.344531 0.001563 0.051562
2 0.742188 0.316406 0.015625 0.045312
12 0.672656 0.364844 0.017188 0.048438
15 0.627344 0.342187 0.017188 0.053125
9 0.619531 0.343750 0.001563 0.053125
15 0.546875 0.406250 0.021875 0.003125
15 0.563281 0.342187 0.017188 0.053125
9 0.555469 0.343750 0.001563 0.053125
12 0.349219 0.364844 0.017188 0.048438
8 0.368750 0.356250 0.006250 0.006250
7 0.929688 0.371875 0.028125 0.075000
13 0.512500 0.356250 0.031250 0.037500
15 0.349219 0.444531 0.048438 0.039062
0 0.892188 0.603125 0.021875 0.018750
0 0.675000 0.659375 0.021875 0.018750
0 0.437500 0.514062 0.021875 0.018750
0 0.982812 0.340625 0.021875 0.018750
0 0.828125 0.315625 0.021875 0.018750
0 0.764062 0.315625 0.021875 0.018750
0 0.610938 0.373437 0.021875 0.018750
0 0.546875 0.373437 0.021875 0.018750
