14 0.556250 0.066406 0.887500 0.064062
14 0.139063 0.175000 0.090625 0.056250
14 0.929688 0.012500 0.140625 0.025000
9 0.728125 0.080469 0.003125 0.160938
9 0.265625 0.080469 0.003125 0.160938
15 0.923438 0.103125 0.021875 0.003125
9 0.913281 0.146875 0.001563 0.050000
11 0.768750 0.121875 0.018750 0.009375
8 0.647656 0.211719 0.004687 0.004687
9 0.657031 0.157031 0.001563 0.060937
2 0.625000 0.191406 0.015625 0.045312
12 0.555469 0.127344 0.017188 0.048438
11 0.428125 0.121875 0.018750 0.009375
11 0.301563 0.121875 0.018750 0.009375
9 0.194531 0.100000 0.001563 0.046875
3 0.161719 0.118750 0.014063 0.040625
9 0.103906 0.153125 0.001563 0.053125
13 0.592187 0.118750 0.031250 0.037500
15 0.646094 0.011719 0.032813 0.023438
1 0.923438 0.118750 0.021875 0.018750
0 0.648438 0.192188 0.021875 0.018750
0 0.184375 0.126562 0.021875 0.018750
0 0.095312 0.184375 0.021875 0.018750
